1694415903878 1.9107536336657314 0
1694415903912 1.874007197290785 1
1694415903939 1.8408203752939958 2
1694415903966 1.8091801994170673 3
1694415903990 1.7793470440929542 4
1694415904015 1.7509159892191681 5
1694415904042 1.7240237432876708 6
1694415904079 1.698391594054956 7
1694415904102 1.6736989044148634 8
1694415904126 1.6499840599004219 9
1694415904150 1.6271171328489162 10
1694415904176 1.605186038704913 11
1694415904201 1.5838690908377284 12
1694415904226 1.5635021007710326 13
1694415904250 1.5439076638879499 14
1694415904275 1.5249148009963251 15
1694415904407 1.506215877821325 16
1694415904431 1.4882465434214533 17
1694415904454 1.4708847644810452 18
1694415904479 1.45398286563052 19
1694415904503 1.4378115350501632 20
1694415904529 1.4216600490221545 21
1694415904553 1.406068990810297 22
1694415904584 1.3909444256121817 23
1694415904622 1.3762139887033449 24
1694415904647 1.3617786839208745 25
1694415904675 1.3475329039185153 26
1694415904700 1.3336225981288763 27
1694415904725 1.3200516090590566 28
1694415904754 1.3067962520083807 29
1694415904780 1.294070400603352 30
1694415904806 1.2814585031362664 31
1694415904833 1.2691324582732832 32
1694415904859 1.2571036848590362 33
1694415904888 1.2453877221404428 34
1694415904919 1.2338744010566127 35
1694415904947 1.222579593865555 36
1694415904976 1.21163489359911 37
1694415905041 1.2009261004413174 38
1694415905065 1.1903261788314676 39
1694415905097 1.1799756048445915 40
1694415905160 1.169873242359967 41
1694415905183 1.160072550207999 42
1694415905210 1.1502895701639058 43
1694415905237 1.1406266301012438 44
1694415905261 1.1311312955131185 45
1694415905287 1.1218615164521344 46
1694415905312 1.112825051624061 47
1694415905338 1.1037909795544436 48
1694415905363 1.0950896725395454 49
1694415905387 1.0865733064735856 50
1694415905413 1.0781761863275559 51
1694415905464 1.0699312968806844 52
1694415905489 1.0617891713889187 53
1694415905514 1.0538399374131517 54
1694415905547 1.0460048727505615 55
1694415905578 1.0382403180704498 56
1694415905603 1.0306451808138093 57
1694415905639 1.0231105139248635 58
1694415905665 1.015775511728369 59
1694415905693 1.0085687776756849 60
1694415905718 1.0014306960755204 61
1694415905744 0.9944743883363789 62
1694415905770 0.9877416285592215 63
1694415905798 0.9809894728919761 64
1694415905825 0.9744365652919433 65
1694415905851 0.9679393215711996 66
1694415905877 0.9615516254341605 67
1694415905902 0.9552586485845143 68
1694415905929 0.949016583849881 69
1694415905953 0.9429531248680751 70
1694415905980 0.936959393644151 71
1694415906005 0.9311283952873636 72
1694415906033 0.9252930113328818 73
1694415906063 0.9195574826154036 74
1694415906094 0.9138148856786245 75
1694415906120 0.9082031678446607 76
1694415906147 0.9027834413994449 77
1694415906175 0.8974099911279383 78
1694415906203 0.892125337480549 79
1694415906231 0.8869419390283034 80
1694415906258 0.8818342660305158 81
1694415906285 0.8768322868814549 82
1694415906315 0.8718589178480334 83
1694415906344 0.866957286473257 84
1694415906371 0.8621287667602909 85
1694415906409 0.857302486344444 86
1694415906500 0.8526423512841971 87
1694415906524 0.8480076543651018 88
1694415906553 0.8434152444577993 89
1694415906584 0.8388794307536895 90
1694415906610 0.834381646096191 91
1694415906635 0.8300910682455951 92
1694415906661 0.8258957698267266 93
1694415906687 0.8216506428130108 94
1694415906714 0.8174205664206013 95
1694415906739 0.8132702548323032 96
1694415906766 0.8092874265239924 97
1694415906792 0.8052752410256996 98
1694415906817 0.8013510019152635 99
1694415906844 0.8013510019152635 100
