1694241446020 1.8715546169241752 0
1694241446051 1.8040595321602817 1
1694241446076 1.7466267083201312 2
1694241446101 1.6935490609145822 3
1694241446127 1.6448196740549763 4
1694241446151 1.599834624634387 5
1694241446179 1.5582518464875776 6
1694241446206 1.5196255650645347 7
1694241446233 1.4830688091090052 8
1694241446260 1.4483810800406318 9
1694241446285 1.4158402514128896 10
1694241446369 1.3850417423106045 11
1694241446428 1.3555517536403225 12
1694241446461 1.3278903272734586 13
1694241446486 1.3015931002817132 14
1694241446579 1.2764651156555267 15
1694241446609 1.2520997210185212 16
1694241446637 1.2290591413362222 17
1694241446661 1.2068496807689653 18
1694241446686 1.185541481445861 19
1694241446711 1.1656228234177746 20
1694241446742 1.14584376316331 21
1694241446768 1.1269475947658236 22
1694241446794 1.1089652891248265 23
1694241446820 1.0915560040549668 24
1694241446858 1.0748061649285026 25
1694241446887 1.0583561483054116 26
1694241446915 1.0425055960386267 27
1694241446942 1.02709879358774 28
1694241446975 1.0122531566803574 29
1694241447004 0.9982542065385133 30
1694241447029 0.9845210602080641 31
1694241447056 0.9711781641226195 32
1694241447084 0.9583193036006524 33
1694241447116 0.9460061907956377 34
1694241447146 0.9340474021637172 35
1694241447172 0.922379556229375 36
1694241447200 0.9112801286257498 37
1694241447233 0.9003526255063979 38
1694241447260 0.8898528343275728 39
1694241447288 0.879701829783552 40
1694241447314 0.86972148937879 41
1694241447343 0.8602224475348415 42
1694241447368 0.8508513113843342 43
1694241447408 0.8417541383222328 44
1694241447432 0.8328990069107368 45
1694241447475 0.8241512177489531 46
1694241447500 0.815787806420267 47
1694241447525 0.8075569981002662 48
1694241447553 0.7996348226465804 49
1694241447583 0.7920142334499787 50
1694241447612 0.7845320551018251 51
1694241447637 0.7773066672297768 52
1694241447666 0.7702767653265737 53
1694241447692 0.7634299480809985 54
1694241447719 0.7567653686901393 55
1694241447749 0.7502217824377835 56
1694241447773 0.7438332255622944 57
1694241447798 0.7375860378641013 58
1694241447823 0.7314308059830115 59
1694241447850 0.725562372317449 60
1694241447875 0.7197686727581911 61
1694241447932 0.7141898436764421 62
1694241447964 0.7088305860133053 63
1694241447990 0.7032887819167526 64
1694241448018 0.6981056947207425 65
1694241448047 0.693040392841799 66
1694241448072 0.6880674761200296 67
1694241448098 0.6831969556671001 68
1694241448122 0.6784463394546143 69
1694241448151 0.6737984005368417 70
1694241448177 0.6692879192207647 71
1694241448204 0.6648179768712187 72
1694241448232 0.660382626423407 73
1694241448262 0.6560655231981659 74
1694241448288 0.6518581288804922 75
1694241448314 0.647676581641035 76
1694241448341 0.6435712017267332 77
1694241448371 0.6396247034975682 78
1694241448475 0.6357710494796581 79
1694241448510 0.6320172165067707 80
1694241448537 0.6283951279459092 81
1694241448564 0.6247445181607806 82
1694241448590 0.6211938329482659 83
1694241448619 0.6176695386868052 84
1694241448645 0.6142359196334646 85
1694241448670 0.6108181767098538 86
1694241448696 0.6075484289689659 87
1694241448721 0.6043321325874607 88
1694241448749 0.6011197217919338 89
1694241448777 0.5979926069077364 90
1694241448803 0.5949725004597665 91
1694241448829 0.5920183973124045 92
1694241448855 0.5891001155675495 93
1694241448883 0.5861995242828517 94
1694241448910 0.5832787684507317 95
1694241448935 0.580425819870937 96
1694241448964 0.5776695219533817 97
1694241449002 0.5750263172191431 98
1694241449036 0.5723385832395871 99
1694241449061 0.5696961335602448 100
1694241449091 0.567099747468955 101
1694241449116 0.5645270795548728 102
1694241449140 0.5620240333398498 103
1694241449164 0.5595475322079001 104
1694241449191 0.5571196274614693 105
1694241449220 0.5547845269636544 106
1694241449244 0.5524496421498025 107
1694241449270 0.5500656857213564 108
1694241449295 0.5477447894845151 109
1694241449320 0.5455697819533518 110
1694241449344 0.5433821818185439 111
1694241449372 0.5411883891325219 112
1694241449397 0.5390432468197225 113
1694241449422 0.536954675759537 114
1694241449452 0.5349354348181331 115
1694241449495 0.5329595550596969 116
1694241449536 0.5309690345975917 117
1694241449564 0.5290319183112742 118
1694241449590 0.5270532771422525 119
1694241449620 0.5250779098113634 120
1694241449650 0.52322233068382 121
1694241449674 0.5214002410378361 122
1694241449699 0.5195830512717022 123
1694241449724 0.5178132623236529 124
1694241449751 0.5159682403222957 125
1694241449780 0.5141959578829133 126
1694241449804 0.5124828401106472 127
1694241449829 0.5107716577819429 128
1694241449855 0.5091090966306092 129
1694241449880 0.507421313824069 130
1694241449905 0.5057898712127704 131
1694241449961 0.5042331740771516 132
1694241449985 0.5026441011015879 133
1694241450008 0.5010951490722735 134
1694241450041 0.49952019584391105 135
1694241450074 0.4979918378352131 136
1694241450101 0.49641926675115583 137
1694241450125 0.49486863678732007 138
1694241450153 0.49328917599222527 139
1694241450180 0.4918689670170269 140
1694241450205 0.49038832956224526 141
1694241450229 0.4888948355778351 142
1694241450259 0.4874296967973814 143
1694241450283 0.4860544102093855 144
1694241450308 0.48462430667684725 145
1694241450332 0.4832530790378696 146
1694241450358 0.48180588863492363 147
1694241450387 0.4804667906915911 148
1694241450412 0.47910325973046086 149
1694241450437 0.47773384694939314 150
1694241450532 0.4764020900212888 151
1694241450604 0.4750421860294993 152
1694241450636 0.47365639222204736 153
1694241450668 0.472414176533054 154
1694241450691 0.47113652231687664 155
1694241450717 0.46978084754016697 156
1694241450742 0.46857654594116266 157
1694241450767 0.4673881473097649 158
1694241450797 0.4662099201693982 159
1694241450823 0.4650070948782675 160
1694241450850 0.4636818471417154 161
1694241450875 0.4624974512731673 162
1694241450911 0.46132034009236855 163
1694241450940 0.46011652753670035 164
1694241450971 0.45896323131425637 165
1694241450995 0.45780441854481174 166
1694241451020 0.4566100847914429 167
1694241451046 0.4555042163201295 168
1694241451076 0.454365009147453 169
1694241451101 0.4532234487687712 170
1694241451144 0.45212473722646446 171
1694241451170 0.45105174303610096 172
1694241451198 0.44993501641797845 173
1694241451227 0.44890888129510337 174
1694241451254 0.44780700208575636 175
1694241451278 0.4466772755129905 176
1694241451303 0.4455936753814515 177
1694241451332 0.44457034999129685 178
1694241451356 0.44357754908327734 179
1694241451380 0.4425388758739943 180
1694241451443 0.4415087388518296 181
1694241451469 0.44049715172692133 182
1694241451494 0.43946892452306824 183
1694241451533 0.4384389917847099 184
1694241451561 0.43740803868080436 185
1694241451588 0.43641339727503115 186
1694241451613 0.4355073819668867 187
1694241451642 0.4345682902597316 188
1694241451693 0.43364891600206823 189
1694241451718 0.4326672232455055 190
1694241451743 0.43165572379951733 191
1694241451771 0.4306811982071648 192
1694241451795 0.4297962122796858 193
1694241451823 0.4288783487541811 194
1694241451847 0.42794915140874007 195
1694241451873 0.4270693028502483 196
1694241451897 0.4261797848436193 197
1694241451923 0.42527681496926967 198
1694241451978 0.42439043524473724 199
1694241452001 0.42347709988577414 200
1694241452025 0.42264504111340223 201
1694241452051 0.42182166630655393 202
1694241452077 0.42095160839076806 203
1694241452107 0.4199847439920961 204
1694241452133 0.41914725094129957 205
1694241452157 0.41829529345076305 206
1694241452194 0.4174487066522247 207
1694241452221 0.4165429800454155 208
1694241452249 0.415757386100882 209
1694241452274 0.4149545932851069 210
1694241452297 0.414160074419074 211
1694241452322 0.41333062549063665 212
1694241452347 0.41247132257041785 213
1694241452376 0.4117044979403551 214
1694241452404 0.41090086248283325 215
1694241452429 0.4100732999290408 216
1694241452458 0.4092749388801814 217
1694241452487 0.4085080736901383 218
1694241452535 0.40767382972856303 219
1694241452558 0.40687753304992746 220
1694241452592 0.4060924220627263 221
1694241452623 0.4053319674922893 222
1694241452722 0.40453877903483937 223
1694241452751 0.40378215626672487 224
1694241452778 0.40297093289548735 225
1694241452802 0.40221347028781 226
1694241452829 0.401451266908844 227
1694241452855 0.40067093017806404 228
1694241452880 0.3999317350212792 229
1694241452904 0.39921355020360244 230
1694241452928 0.39850495156713717 231
1694241452957 0.3978180852159958 232
1694241452987 0.3969725197594476 233
1694241453011 0.3962855607029891 234
1694241453035 0.39558763995483415 235
1694241453060 0.3948848831623903 236
1694241453086 0.3941454884800888 237
1694241453113 0.39342167355681895 238
1694241453138 0.3927068140927436 239
1694241453161 0.39201337000647 240
1694241453187 0.391295362598795 241
1694241453211 0.39058399813460637 242
1694241453238 0.38988492944444675 243
1694241453288 0.3891042080947283 244
1694241453316 0.38838538096782027 245
1694241453340 0.3877208227952038 246
1694241453363 0.3869848099694509 247
1694241453394 0.3864018247627772 248
1694241453421 0.3857238357158139 249
1694241453455 0.38506617681822597 250
1694241453480 0.3843507958745597 251
1694241453506 0.3836684893962185 252
1694241453541 0.3830306187616724 253
1694241453565 0.3824374055945093 254
1694241453591 0.3817665346255499 255
1694241453614 0.3810975520096235 256
1694241453638 0.3804337578338836 257
1694241453663 0.3797460337132332 258
1694241453697 0.3790988635793349 259
1694241453722 0.3784365792071229 260
1694241453749 0.37782311550979003 261
1694241453777 0.3771352098094554 262
1694241454123 0.3764390576009505 263
1694241454150 0.3757701379635641 264
1694241454174 0.37513528595891454 265
1694241454198 0.37456584120842057 266
1694241454224 0.3740054312125127 267
1694241454248 0.3733709106140431 268
1694241454277 0.3727481059828189 269
1694241454301 0.37218496112184063 270
1694241454335 0.3715822051308802 271
1694241454361 0.3709224592465383 272
1694241454385 0.3702458023783077 273
1694241454419 0.36963513497192046 274
1694241454449 0.3691010014518713 275
1694241454474 0.3684843488424074 276
1694241454499 0.367853489225793 277
1694241454549 0.36721451097745506 278
1694241454572 0.36667357479335305 279
1694241454600 0.36604338784174706 280
1694241454624 0.3654472196502628 281
1694241454650 0.3649018749428002 282
1694241454674 0.3643613910610524 283
1694241454707 0.3637936081052248 284
1694241454733 0.36323444564364415 285
1694241454785 0.3626679665646448 286
1694241454832 0.362038445458842 287
1694241454871 0.36139842232659647 288
1694241454895 0.3608218182453223 289
1694241454919 0.36030305353575504 290
1694241454948 0.3597431594605375 291
1694241454978 0.35917085773665675 292
1694241455002 0.3585778028131344 293
1694241455027 0.35794021249511393 294
1694241455055 0.3573703258457679 295
1694241455081 0.3567763916301088 296
1694241455105 0.35628833718765734 297
1694241455130 0.35577128802161045 298
1694241455155 0.35524683262982826 299
1694241455182 0.354741059494121 300
1694241455208 0.35421712466503863 301
1694241455233 0.3536292131295068 302
1694241455258 0.3531311510880729 303
1694241455284 0.35255379190954494 304
1694241455311 0.35202837994915337 305
1694241455335 0.35149054642326133 306
1694241455359 0.35091413119073234 307
1694241455394 0.3504048770183175 308
1694241455422 0.349847499412278 309
1694241455452 0.34934702462126455 310
1694241455479 0.34882118314449445 311
1694241455503 0.34828495467727194 312
1694241455526 0.34780094273464146 313
1694241455563 0.3472899577625461 314
1694241455588 0.3468140063919766 315
1694241455616 0.34628379448246976 316
1694241455639 0.34576465277689555 317
1694241455667 0.3452042849145673 318
1694241455698 0.3446740945500017 319
1694241455721 0.3441741966529488 320
1694241455744 0.3436716866089684 321
1694241455769 0.3431725020946421 322
1694241455797 0.34272746013221655 323
1694241455821 0.3422579349370989 324
1694241455846 0.34179054605082365 325
1694241455871 0.3412619091151213 326
1694241455902 0.3406838096470226 327
1694241455938 0.34018160974286976 328
1694241455966 0.33960118986336374 329
1694241455988 0.3391511501123414 330
1694241456021 0.33858111688325504 331
1694241456061 0.33812571345449993 332
1694241456084 0.33769651523643524 333
1694241456108 0.33713429315857374 334
1694241456133 0.3365775200507864 335
1694241456162 0.3360578095552482 336
1694241456186 0.33555991552021314 337
1694241456210 0.3350922233694285 338
1694241456234 0.33458373069419506 339
1694241456261 0.33413600002780225 340
1694241456288 0.33371303135088215 341
1694241456311 0.33320507720863207 342
1694241456336 0.33268211660628344 343
1694241456361 0.33223416051582144 344
1694241456387 0.3317378056415951 345
1694241456415 0.33124478799233714 346
1694241456442 0.3307539736525258 347
1694241456481 0.3302723340725181 348
1694241456505 0.3298350387582467 349
1694241456528 0.32936220678249095 350
1694241456563 0.32885384305398774 351
1694241456601 0.32835589737840176 352
1694241456624 0.32790089425489205 353
1694241456647 0.3274707637970838 354
1694241456672 0.3270067214042338 355
1694241456697 0.326514829418657 356
1694241456724 0.32606375143383265 357
1694241456747 0.32560858177913926 358
1694241456771 0.3251054939825241 359
1694241456797 0.3246371740294685 360
1694241456825 0.32415277141562304 361
1694241456855 0.3237371112262974 362
1694241456962 0.323239650255528 363
1694241456997 0.3227951585968552 364
1694241457022 0.32230530287659437 365
1694241457051 0.3219069797033588 366
1694241457075 0.32142198371449276 367
1694241457100 0.32096664579679246 368
1694241457124 0.3205438805518897 369
1694241457148 0.32008605079979674 370
1694241457176 0.3195651471646179 371
1694241457201 0.3191377790899204 372
1694241457226 0.3187090342400476 373
1694241457249 0.31834022330044365 374
1694241457273 0.3178490816047207 375
1694241457298 0.31746744640655333 376
1694241457327 0.31704131836829125 377
1694241457353 0.31657483515049323 378
1694241457377 0.31610861830552756 379
1694241457402 0.3156943863281207 380
1694241457427 0.31529270591224684 381
1694241457462 0.31486482475493316 382
1694241457487 0.3144117334436753 383
1694241457517 0.313972991550574 384
1694241457547 0.3135675581599856 385
1694241457580 0.31315974471847835 386
1694241457610 0.3127322865974771 387
1694241457635 0.3123487226097383 388
1694241457660 0.31191380647406836 389
1694241457685 0.31145723137115927 390
1694241457713 0.31105525142658375 391
1694241457741 0.3106244122898814 392
1694241457765 0.31018613921315713 393
1694241457790 0.30981629825147156 394
1694241457813 0.3093727172895285 395
1694241457838 0.3089750551090475 396
1694241457861 0.3085523728795151 397
1694241457889 0.3081626640259045 398
1694241457915 0.3077362096933773 399
1694241457940 0.30732197615035645 400
1694241457970 0.3069829280464522 401
1694241457995 0.30652408260726793 402
1694241458027 0.30614205653812987 403
1694241458090 0.30577233880163934 404
1694241458114 0.30535493367448174 405
1694241458141 0.3049130633407644 406
1694241458169 0.3044454841935081 407
1694241458195 0.30400261046064303 408
1694241458219 0.3036180646222495 409
1694241458247 0.3032812515424493 410
1694241458272 0.30285693756675514 411
1694241458298 0.3024474104830727 412
1694241458322 0.3020084878606345 413
1694241458348 0.3016288281479337 414
1694241458374 0.3012361998175051 415
1694241458400 0.3008313295930317 416
1694241458427 0.30043233634379124 417
1694241458456 0.30002649449270447 418
1694241458486 0.29965528935176483 419
1694241458514 0.299253814548418 420
1694241458540 0.29887373670151096 421
1694241458569 0.29846576556666743 422
1694241458619 0.29813683772143357 423
1694241458645 0.2977432878608209 424
1694241458669 0.297387554635852 425
1694241458692 0.29701214445643626 426
1694241458719 0.2966783923751142 427
1694241458743 0.29626520093134223 428
1694241458772 0.29585849214792087 429
1694241458797 0.29549519823540277 430
1694241458822 0.29510684720233415 431
1694241458848 0.29471062067383313 432
1694241458876 0.294316234482404 433
1694241458905 0.293919941854527 434
1694241458938 0.2934975668986706 435
1694241458970 0.29308687223862556 436
1694241459056 0.29266608508273284 437
1694241459082 0.29225149955698476 438
1694241459113 0.2918906785655894 439
1694241459145 0.29151200649114534 440
1694241459174 0.29110226648987886 441
1694241459197 0.2906970485080046 442
1694241459222 0.2902979066563949 443
1694241459246 0.28996952301604706 444
1694241459269 0.28958171462000737 445
1694241459297 0.28919393762024076 446
1694241459322 0.28877708811633457 447
1694241459346 0.2884018320164304 448
1694241459370 0.2880348396299565 449
1694241459394 0.28768131704698624 450
1694241459421 0.2873131385161495 451
1694241459454 0.28693317095298493 452
1694241459482 0.286534922818683 453
1694241459513 0.28614346204755653 454
1694241459541 0.2857600676213816 455
1694241459566 0.28538939506722255 456
1694241459591 0.28500189549534427 457
1694241459633 0.28467914572730735 458
1694241459664 0.284323354512687 459
1694241459688 0.283991793359662 460
1694241459712 0.28366669341762707 461
1694241459741 0.2833189719021625 462
1694241459770 0.2829595916783668 463
1694241459793 0.2826094522918257 464
1694241459818 0.2822477781099862 465
1694241459841 0.28189448580878496 466
1694241459867 0.2815186837817824 467
1694241459900 0.2811278837699566 468
1694241459924 0.2807540658307534 469
1694241459956 0.2803827205046026 470
1694241459981 0.28002479929177265 471
1694241460008 0.27971328716300337 472
1694241460032 0.27936779787725047 473
1694241460056 0.27901989142922695 474
1694241460080 0.27866903674531956 475
1694241460131 0.27834789454750586 476
1694241460159 0.27796638847930083 477
1694241460186 0.2776326780624663 478
1694241460219 0.2773006000236978 479
1694241460246 0.2769604062956541 480
1694241460270 0.276612617597504 481
1694241460294 0.2762456479518484 482
1694241460319 0.27587363509460655 483
1694241460344 0.27553572891421857 484
1694241460372 0.27522641414270993 485
1694241460397 0.27491205158640736 486
1694241460421 0.2745575899973462 487
1694241460446 0.27421948805363183 488
1694241460477 0.2739038105039756 489
1694241460505 0.273564000955617 490
1694241460528 0.27324918293043143 491
1694241460554 0.2729078895846795 492
1694241460581 0.2725503527600432 493
1694241460609 0.2722172356334319 494
1694241460656 0.27185589156243267 495
1694241460680 0.27152075160421807 496
1694241460710 0.2711982392602599 497
1694241460753 0.2709193420877952 498
1694241460781 0.270611009457592 499
1694241460805 0.27026887177216347 500
1694241460828 0.26994998255607555 501
1694241460851 0.26959440836431986 502
1694241460874 0.26924213618732756 503
1694241460900 0.2688981911103041 504
1694241460940 0.26852345184588694 505
1694241460970 0.2681449542617631 506
1694241460996 0.26784325337733933 507
1694241461021 0.26752273964046874 508
1694241461057 0.26715911370608375 509
1694241461083 0.2668303332019033 510
1694241461137 0.26648121151325205 511
1694241461168 0.2661506102536778 512
1694241461231 0.26582698994838827 513
1694241461266 0.26547183663284346 514
1694241461293 0.265163070886877 515
1694241461320 0.2648438363270383 516
1694241461345 0.2645426729912965 517
1694241461370 0.26421435687355893 518
1694241461399 0.2638839994753497 519
1694241461425 0.26355192196414473 520
1694241461456 0.2632132340482962 521
1694241461481 0.26288059471707637 522
1694241461526 0.2625683199217698 523
1694241461551 0.26224452581913243 524
1694241461576 0.26193402363500945 525
1694241461599 0.2616084287231535 526
1694241461623 0.26130143569981745 527
1694241461667 0.26096903523289705 528
1694241461691 0.26065613099698093 529
1694241461714 0.26034771566187015 530
1694241461742 0.2600631798997519 531
1694241461772 0.25974598733637383 532
1694241461807 0.2594120625777952 533
1694241461835 0.2590610031049588 534
1694241461858 0.2587679857755543 535
1694241461882 0.25848830568372855 536
1694241461909 0.25816775613501025 537
1694241461938 0.2578734319972069 538
1694241461967 0.2575521166388404 539
1694241461992 0.25724834361741783 540
1694241462017 0.2569401519869643 541
1694241462043 0.2566369876580047 542
1694241462072 0.2563463516669973 543
1694241462097 0.2560317657971398 544
1694241462121 0.2557692165429441 545
1694241462168 0.2554829505859236 546
1694241462191 0.25519152349406865 547
1694241462219 0.2549063388789973 548
1694241462243 0.2545940432411061 549
1694241462268 0.25429666853316485 550
1694241462295 0.25401100629564044 551
1694241462329 0.2536850653720967 552
1694241462356 0.25339185716590185 553
1694241462379 0.2530708746462681 554
1694241462404 0.2527532246940232 555
1694241462429 0.25250855736091554 556
1694241462463 0.25219691811893896 557
1694241462488 0.25188643313664066 558
1694241462513 0.2515861030075508 559
1694241462538 0.2512802829404242 560
1694241462562 0.2509954445140385 561
1694241462592 0.2507195013689051 562
1694241462617 0.2504173032178175 563
1694241462640 0.25014864150550054 564
1694241462691 0.24987056579146952 565
1694241462714 0.24961218012789144 566
1694241462737 0.24933376075767633 567
1694241462761 0.2490181946201381 568
1694241462789 0.24871828123584766 569
1694241462818 0.24843443124367826 570
1694241462840 0.24813653465435212 571
1694241462873 0.24781500989976707 572
1694241462897 0.24750792722368753 573
1694241462921 0.24718282770346794 574
1694241462944 0.2469308319479475 575
1694241462972 0.24664836319654768 576
1694241462997 0.24634717132120743 577
1694241463022 0.2460755051208446 578
1694241463047 0.24578830392513826 579
1694241463077 0.2454804189203541 580
1694241463104 0.24518512187345706 581
1694241463130 0.2448902951259534 582
1694241463153 0.24460605667448962 583
1694241463177 0.24435473503110056 584
1694241463210 0.2440441720372289 585
1694241463299 0.24372938405213085 586
1694241463323 0.24345356531432918 587
1694241463350 0.24312792329785987 588
1694241463379 0.24287271867581478 589
1694241463415 0.2425976438152559 590
1694241463442 0.24234854013353693 591
1694241463474 0.24209866152945192 592
1694241463498 0.24181946326495415 593
1694241463525 0.2415269938335927 594
1694241463548 0.24124770711013555 595
1694241463570 0.24095251303567788 596
1694241463594 0.2406491483781324 597
1694241463622 0.24035120883774938 598
1694241463646 0.24009424347408154 599
1694241463680 0.23985176556730275 600
1694241463704 0.23956201278257735 601
1694241463727 0.2392925828625407 602
1694241463754 0.23903253188115403 603
1694241463779 0.2387603814841323 604
1694241463809 0.23848394045279747 605
1694241463833 0.23823094163401826 606
1694241463866 0.23793155661869025 607
1694241463889 0.23767960986272296 608
1694241463914 0.23739829184056974 609
1694241463959 0.23714545363533007 610
1694241463985 0.23684985852765694 611
1694241464007 0.23658770933551743 612
1694241464032 0.2363250896742948 613
1694241464060 0.2360616578100558 614
1694241464084 0.23580372449219644 615
1694241464111 0.23554548845167067 616
1694241464136 0.23527019304022737 617
1694241464159 0.23498007824975714 618
1694241464204 0.23473360817862324 619
1694241464227 0.23445867128550982 620
1694241464256 0.23418948159942868 621
1694241464277 0.23395770728108475 622
1694241464301 0.23371966035372854 623
1694241464324 0.23343914728511625 624
1694241464348 0.23317409176428186 625
1694241464372 0.23290705752347668 626
1694241464408 0.2326358250967178 627
1694241464432 0.23235946514234088 628
1694241464468 0.23214126470704086 629
1694241464491 0.23188161447339423 630
1694241464514 0.23162210154700671 631
1694241464542 0.23134403192892322 632
1694241464565 0.23108468562820159 633
1694241464589 0.2308520137677141 634
1694241464614 0.23057001262406396 635
1694241464639 0.2302889755375038 636
1694241464663 0.23003166257482185 637
1694241464693 0.22975726499767657 638
1694241464738 0.2295101190757296 639
1694241464759 0.22925307188292038 640
1694241464783 0.22899146109088403 641
1694241464812 0.22872509340019173 642
1694241464835 0.22845828015667619 643
1694241464858 0.22817439840104173 644
1694241464881 0.2279002864317526 645
1694241464911 0.22761990351134082 646
1694241464942 0.22734640047886773 647
1694241464971 0.22707611877191336 648
1694241465006 0.22685278110517165 649
1694241465030 0.22659135812012046 650
1694241465059 0.22637029949580204 651
1694241465084 0.22606346623381976 652
1694241465108 0.22583223691086032 653
1694241465132 0.22557020064798464 654
1694241465160 0.22527055470560436 655
1694241465182 0.22500726585407121 656
1694241465206 0.22473560674667775 657
1694241465230 0.2244885922788511 658
1694241465254 0.22420265874196565 659
1694241465288 0.22394000300641664 660
1694241465316 0.22371510430897776 661
1694241465364 0.22345620009972544 662
1694241465390 0.22320476868340985 663
1694241465458 0.2229523880660482 664
1694241465482 0.22270888153908852 665
1694241465507 0.2224525120991705 666
1694241465555 0.22220559955202848 667
1694241465578 0.22196542039969885 668
1694241465601 0.22175138612009995 669
1694241465624 0.2215416823023757 670
1694241465647 0.22129268222395018 671
1694241465672 0.22102935652300457 672
1694241465706 0.2207933455500415 673
1694241465729 0.22055090518991707 674
1694241465754 0.22027467960032124 675
1694241465777 0.2200340487801468 676
1694241465799 0.2198041186743658 677
1694241465823 0.2195483614097285 678
1694241465856 0.21933154929828733 679
1694241465879 0.21908130589437447 680
1694241465902 0.21882894957130108 681
1694241465925 0.21860851245301116 682
1694241465956 0.218351336307701 683
1694241465982 0.21809604153728201 684
1694241466009 0.21786349998706234 685
1694241466036 0.21758325005350276 686
1694241466073 0.21735169137260268 687
1694241466101 0.21710856211607812 688
1694241466126 0.2168806819659398 689
1694241466150 0.21661980239557163 690
1694241466174 0.21638636784219054 691
1694241466223 0.21616062525089388 692
1694241466244 0.2159214335127093 693
1694241466269 0.21571595194991777 694
1694241466295 0.21544056749137946 695
1694241466324 0.21521827548836744 696
1694241466347 0.21499604481891538 697
1694241466371 0.21478769807352996 698
1694241466395 0.21458028777295055 699
1694241466419 0.2143334669127611 700
1694241466453 0.21409333428938057 701
1694241466477 0.21385575197079346 702
1694241466501 0.2136433315041961 703
1694241466527 0.21338735518217813 704
1694241466557 0.21314580154936563 705
1694241466580 0.21289449137048236 706
1694241466611 0.21265449110411017 707
1694241466639 0.21243708415290735 708
1694241466663 0.21224384285208328 709
1694241466691 0.21204254801208308 710
1694241466718 0.21183753078646583 711
1694241466765 0.21161073579393988 712
1694241466788 0.21135730553518328 713
1694241466816 0.21113409575731562 714
1694241466839 0.21087990672807116 715
1694241466862 0.21064902303460514 716
1694241466884 0.21042100315148174 717
1694241466909 0.21020712636140804 718
1694241466936 0.20998552640675378 719
1694241466965 0.2097375624410147 720
1694241466989 0.20950310211460302 721
1694241467014 0.209259894044284 722
1694241467042 0.20901046878912938 723
1694241467073 0.20876579968419381 724
1694241467099 0.20854616339344947 725
1694241467123 0.20832968080808847 726
1694241467159 0.20813087764922453 727
1694241467183 0.2078937053193625 728
1694241467206 0.20765647241714047 729
1694241467229 0.20742682736086598 730
1694241467254 0.20719054444947732 731
1694241467278 0.20697328173525475 732
1694241467307 0.20674314656087545 733
1694241467335 0.20650958284535237 734
1694241467361 0.20628144121599254 735
1694241467387 0.20605235368963515 736
1694241467414 0.20583221624710202 737
1694241467456 0.20562963989932082 738
1694241467551 0.20541547933318163 739
1694241467580 0.20520244753049796 740
1694241467607 0.204943931204339 741
1694241467632 0.20469027208313903 742
1694241467660 0.20447441740954286 743
1694241467689 0.20426012774980948 744
1694241467724 0.20406277342915025 745
1694241467747 0.2038416436796378 746
1694241467771 0.20361250770552458 747
1694241467795 0.2034296765948785 748
1694241467819 0.20322286350100444 749
1694241467854 0.20300708877191168 750
1694241467877 0.20278023473609483 751
1694241467901 0.20258341614431943 752
1694241467925 0.20233883448077516 753
1694241467954 0.20216179294052558 754
1694241467981 0.20196593635166582 755
1694241468007 0.20175475948078625 756
1694241468031 0.20154459210531192 757
1694241468059 0.20131457174396655 758
1694241468098 0.20111445991094382 759
1694241468126 0.2008853829684345 760
1694241468152 0.2006526792229709 761
1694241468179 0.20044930686087226 762
1694241468247 0.2002295568187835 763
1694241468271 0.19999631425304806 764
1694241468295 0.1997527627129957 765
1694241468327 0.19952722756249383 766
1694241468350 0.19930781129954284 767
1694241468374 0.1991063787237118 768
1694241468400 0.1989119500556674 769
1694241468424 0.19869261141311165 770
1694241468457 0.19847383004703117 771
1694241468481 0.19826983775654441 772
1694241468506 0.19804198201434758 773
1694241468530 0.19782368428122038 774
1694241468553 0.19760447961499197 775
1694241468578 0.19740652722031501 776
1694241468608 0.19720176259656927 777
1694241468631 0.19697946290504484 778
1694241468661 0.19677386993131302 779
1694241468684 0.19655649976310305 780
1694241468708 0.19633240588828743 781
1694241468740 0.19612773864664823 782
1694241468787 0.1959307949426891 783
1694241468811 0.19571224583496086 784
1694241468838 0.195501090626558 785
1694241468863 0.19529787025023848 786
1694241468891 0.19510607956799422 787
1694241468915 0.19489872933244426 788
1694241468938 0.19469987613056242 789
1694241468967 0.19449097552066938 790
1694241468992 0.19430365222229426 791
1694241469020 0.1941508113496979 792
1694241469043 0.1939629489038608 793
1694241469068 0.19376218729726818 794
1694241469093 0.19357635866257317 795
1694241469118 0.19334410505006114 796
1694241469144 0.19312572734641656 797
1694241469174 0.19291962286005568 798
1694241469197 0.19270558639047683 799
1694241469222 0.19249906308066692 800
1694241469247 0.19227985101826403 801
1694241469281 0.19206925912555262 802
1694241469305 0.19188507849613218 803
1694241469331 0.19165453621292322 804
1694241469357 0.19145706734368975 805
1694241469384 0.19126341334436806 806
1694241469408 0.19106229657211649 807
1694241469432 0.19086169593662397 808
1694241469463 0.1906514990143912 809
1694241469497 0.19046062353145926 810
1694241469527 0.19026695279220124 811
1694241469557 0.19004733872466234 812
1694241469651 0.18987048429614498 813
1694241469675 0.18969508158702728 814
1694241469706 0.18951515058954593 815
1694241469741 0.18929727178203304 816
1694241469767 0.18909395405959345 817
1694241469793 0.18887971256356403 818
1694241469832 0.18870921665675516 819
1694241469860 0.18852075979603003 820
1694241469883 0.18835261164196107 821
1694241469911 0.18815247468325574 822
1694241469934 0.18795194728234357 823
1694241469962 0.18776361035351294 824
1694241469987 0.18756569663293296 825
1694241470011 0.18737703276875822 826
1694241470040 0.1871863163557012 827
1694241470064 0.1869754298434992 828
1694241470089 0.18677191670915302 829
1694241470111 0.18659934126267788 830
1694241470136 0.18637784857427686 831
1694241470158 0.1861559257822745 832
1694241470183 0.18598419676236158 833
1694241470212 0.1857882702409288 834
1694241470238 0.18557608432540543 835
1694241470418 0.18951515058954593 836
