1694359847321 1.9107536336657314 0
1694359847357 1.874007197290785 1
1694359847390 1.8408203752939953 2
1694359847417 1.809180199417067 3
1694359847442 1.7793470440929542 4
1694359847466 1.7509159892191681 5
1694359847491 1.7240237432876708 6
1694359847516 1.6983915940549559 7
1694359847541 1.6736989044148636 8
1694359847566 1.6499840599004219 9
1694359847590 1.6271171328489162 10
1694359847614 1.605186038704913 11
1694359847639 1.5838690908377284 12
1694359847665 1.5635021007710328 13
1694359847716 1.5439076638879499 14
1694359847742 1.5249148009963247 15
1694359847766 1.506215877821325 16
1694359847791 1.4882465434214533 17
1694359847878 1.4708847644810457 18
1694359847902 1.45398286563052 19
1694359847930 1.4378115350501632 20
1694359848108 1.4216600490221543 21
1694359848137 1.406068990810297 22
1694359848162 1.3909444256121817 23
1694359848206 1.3762139887033449 24
1694359848232 1.3617786839208745 25
1694359848260 1.3475329039185153 26
1694359848284 1.3336225981288763 27
1694359848309 1.3200516090590566 28
1694359848335 1.3067962520083807 29
1694359848361 1.2940704006033523 30
1694359848385 1.2814585031362666 31
1694359848431 1.2691324582732832 32
1694359848524 1.2571036848590362 33
1694359848548 1.245387722140443 34
1694359848576 1.233874401056613 35
1694359848602 1.2225795938655553 36
1694359848627 1.21163489359911 37
1694359848653 1.2009261004413174 38
1694359848684 1.1903261788314679 39
1694359848711 1.1799756048445917 40
1694359848736 1.1698732423599671 41
1694359848762 1.1600725502079985 42
1694359848788 1.1502895701639055 43
1694359848814 1.1406266301012435 44
1694359848840 1.1311312955131185 45
1694359848866 1.1218615164521344 46
1694359848892 1.112825051624061 47
1694359848920 1.1037909795544438 48
1694359848946 1.0950896725395456 49
1694359848972 1.0865733064735856 50
1694359848998 1.078176186327556 51
1694359849025 1.0699312968806842 52
1694359849052 1.061789171388919 53
1694359849079 1.0538399374131517 54
1694359849108 1.0460048727505613 55
1694359849137 1.0382403180704498 56
1694359849163 1.0306451808138093 57
1694359849195 1.0231105139248635 58
1694359849220 1.015775511728369 59
1694359849247 1.0085687776756849 60
1694359849272 1.0014306960755204 61
1694359849298 0.9944743883363788 62
1694359849324 0.9877416285592218 63
1694359849350 0.9809894728919761 64
1694359849379 0.9744365652919434 65
1694359849405 0.9679393215711996 66
1694359849430 0.9615516254341605 67
1694359849455 0.9552586485845141 68
1694359849480 0.949016583849881 69
1694359849505 0.9429531248680753 70
1694359849531 0.9369593936441513 71
1694359849557 0.9311283952873632 72
1694359849586 0.9252930113328818 73
1694359849614 0.9195574826154038 74
1694359849641 0.9138148856786245 75
1694359849667 0.9082031678446608 76
1694359849698 0.902783441399445 77
1694359849751 0.8974099911279383 78
1694359849774 0.8921253374805491 79
1694359849800 0.8869419390283034 80
1694359849825 0.8818342660305158 81
1694359849853 0.8768322868814549 82
1694359849879 0.8718589178480334 83
1694359849904 0.8669572864732572 84
1694359849931 0.8621287667602909 85
1694359849958 0.8573024863444441 86
1694359849985 0.8526423512841971 87
1694359850010 0.8480076543651018 88
1694359850037 0.8434152444577991 89
1694359850064 0.8388794307536895 90
1694359850092 0.834381646096191 91
1694359850149 0.8300910682455951 92
1694359850175 0.8258957698267266 93
1694359850205 0.8216506428130108 94
1694359850234 0.8174205664206013 95
1694359850263 0.8132702548323032 96
1694359850290 0.8092874265239925 97
1694359850315 0.8052752410256995 98
1694359850340 0.8013510019152635 99
1694359850368 0.7974633112042604 100
1694359850396 0.7936393721331754 101
1694359850420 0.789885693108728 102
1694359850444 0.7861597917679695 103
1694359850473 0.7825251173312735 104
1694359850501 0.7788463559267013 105
1694359850540 0.7753042234410338 106
1694359850626 0.771743949171939 107
1694359850651 0.7682314910747551 108
1694359850683 0.7647048648688053 109
1694359850709 0.7613026142168917 110
1694359850782 0.7578876865779663 111
1694359850806 0.7545493330928492 112
1694359850832 0.7512931652775209 113
1694359850860 0.7480578430917769 114
1694359850886 0.744875673803849 115
1694359850912 0.7417046864332876 116
1694359850938 0.7386473708697437 117
1694359850963 0.7356030647272567 118
1694359850989 0.7325496452950637 119
1694359851015 0.7295805663216127 120
1694359851040 0.7265922185786461 121
1694359851071 0.7237001236610102 122
1694359851101 0.7208574760680361 123
1694359851125 0.7180423457010653 124
1694359851151 0.7152008563236603 125
1694359851177 0.7124589147300725 126
1694359851208 0.7096794644543479 127
1694359851235 0.7069576736526485 128
1694359851259 0.7042987143456445 129
1694359851287 0.7016405109529201 130
1694359851311 0.6990319771733576 131
1694359851336 0.6963885112500164 132
1694359851361 0.6938900410997052 133
1694359851434 0.6914255284360455 134
1694359851458 0.6888807693117114 135
1694359851484 0.6864080771429557 136
1694359851514 0.6839650877635816 137
1694359851542 0.6814896970496503 138
1694359851569 0.6790549523288366 139
1694359851597 0.6767246543881997 140
1694359851624 0.6743894432880336 141
1694359851653 0.6720574871644133 142
1694359851687 0.6698047152999941 143
1694359851714 0.6675445892827819 144
1694359851741 0.6652502005271724 145
1694359851810 0.6630536610330858 146
1694359851836 0.660866211265654 147
1694359851861 0.6587123818874366 148
1694359851892 0.6565749625203334 149
1694359851917 0.6544038390468845 150
1694359851942 0.652295037190664 151
1694359851968 0.650162896923598 152
1694359851993 0.6481542965123281 153
1694359852019 0.6461387043892682 154
1694359852045 0.6441221466311537 155
1694359852071 0.6420854188541204 156
1694359852096 0.6401296378944001 157
1694359852123 0.6382298968544503 158
1694359852185 0.6362681806290252 159
1694359852222 0.6343904620673864 160
1694359852248 0.632479491233531 161
1694359852279 0.6305975233850214 162
1694359852305 0.6287542122226575 163
1694359852331 0.6269544428996954 164
1694359852356 0.6251394348183507 165
1694359852383 0.6233388396024563 166
1694359852409 0.6215428694618235 167
1694359852438 0.6198031509024514 168
1694359852464 0.6180127999512264 169
1694359852490 0.6163301856388279 170
1694359852518 0.6146483644679864 171
1694359852543 0.6129100964424015 172
1694359852569 0.611243461476035 173
1694359852595 0.6095998327742863 174
1694359852622 0.6079438342615914 175
1694359852817 0.6062392994834815 176
1694359852842 0.604573325260964 177
1694359852868 0.602969371674057 178
1694359852893 0.6013861298923368 179
1694359852918 0.5998491954749178 180
1694359852948 0.5982973111972888 181
1694359852971 0.596768775527335 182
1694359852996 0.5951992032632251 183
1694359853022 0.5936721455682694 184
1694359853047 0.5921599270049858 185
1694359853073 0.5906695272618082 186
1694359853099 0.5892047718698927 187
1694359853124 0.5877384676687802 188
1694359853151 0.5863057510278918 189
1694359853184 0.5848439925583934 190
1694359853209 0.5834529974551285 191
1694359853235 0.5820317785458032 192
1694359853261 0.5806175038778443 193
1694359853290 0.5792159443462496 194
1694359853315 0.5778749970681964 195
1694359853340 0.5765307847423466 196
1694359853366 0.5751846719908054 197
1694359853400 0.5738270401425001 198
1694359853425 0.5724586353943992 199
1694359853452 0.5711456921622103 200
1694359853477 0.5698699235067034 201
1694359853503 0.5685552799681646 202
1694359853527 0.5672982133991059 203
1694359853553 0.5660382345893761 204
1694359853578 0.5648130319929233 205
1694359853604 0.5635337900553851 206
1694359853630 0.5622492900382943 207
1694359853655 0.5609726450736646 208
1694359853686 0.5598031906286092 209
1694359853711 0.5585994489310725 210
1694359853738 0.5573608732618941 211
1694359853762 0.5561692717184448 212
1694359853816 0.5549783413781879 213
1694359853841 0.5537713041349983 214
1694359853866 0.5526164687448207 215
1694359853894 0.5514675381153255 216
1694359853921 0.5503413070118627 217
1694359853948 0.5492035798992019 218
1694359853973 0.548085088777224 219
1694359853999 0.5469906094762793 220
1694359854026 0.545873308035108 221
1694359854053 0.5447697943764509 222
1694359854080 0.5436331921300455 223
1694359854106 0.5425396355454208 224
1694359854133 0.5414544987199315 225
1694359854160 0.5403977996578279 226
1694359854221 0.539289772623819 227
1694359854245 0.5382510545938594 228
1694359854269 0.5372423023352192 229
1694359854297 0.5362128009491326 230
1694359854323 0.5351702931279547 231
1694359854347 0.5341935780184556 232
1694359854372 0.5331284814641165 233
1694359854406 0.5321072922488628 234
1694359854435 0.531122292120131 235
1694359854462 0.5301544794101608 236
1694359854488 0.5291575000220854 237
1694359854512 0.5281985350525352 238
1694359854537 0.5272206372520349 239
1694359854563 0.5262552678861497 240
1694359854588 0.5253140147500778 241
1694359854613 0.5243472213775952 242
1694359854640 0.5234083155390195 243
1694359854666 0.522441394327026 244
1694359854697 0.5215004938164627 245
1694359854722 0.5206064173542002 246
1694359854748 0.5196513514343891 247
1694359854773 0.5187175315168985 248
1694359854879 0.51777251091314 249
1694359854908 0.5168952986509143 250
1694359854935 0.5159560373515494 251
1694359854960 0.5150552742397627 252
1694359854985 0.5141571762660334 253
1694359855010 0.5132548088481296 254
1694359855035 0.512409936956028 255
1694359855060 0.5115268495433483 256
1694359855084 0.5106762718574565 257
1694359855108 0.5097835462073136 258
1694359855135 0.5089421247197335 259
1694359855161 0.5081058746389706 260
1694359855193 0.5072502435222166 261
1694359855225 0.5063870603169354 262
1694359855250 0.5055583782321824 263
1694359855278 0.5047111626258438 264
1694359855304 0.5039154720566709 265
1694359855330 0.503112605194529 266
1694359855356 0.5022811310504595 267
1694359855381 0.501465542561816 268
1694359855405 0.5006530390420564 269
1694359855434 0.49981110883163204 270
1694359855460 0.49900470164669164 271
1694359855489 0.49819889629211234 272
1694359855512 0.4974172603978307 273
1694359855536 0.4966702775936679 274
1694359855562 0.49588441249837306 275
1694359855586 0.495126395877519 276
1694359855610 0.49442836850259786 277
1694359855634 0.4936885797615441 278
1694359855659 0.49292386093119117 279
1694359855689 0.4921931014319483 280
1694359855714 0.49144744705522775 281
1694359855738 0.4907154652065971 282
1694359855764 0.48995732944535103 283
1694359855789 0.4892369572068646 284
1694359855815 0.48849215650159494 285
1694359855864 0.4877587110670933 286
1694359855889 0.48701341760818306 287
1694359855914 0.48628599262373035 288
1694359855941 0.48555861194667155 289
1694359855967 0.4848549239426736 290
1694359855999 0.4841518371891941 291
1694359856024 0.4834645303478593 292
1694359856050 0.48276269687332946 293
1694359856074 0.48207211781893206 294
1694359856100 0.48137803285076325 295
1694359856125 0.48068773280538835 296
1694359856150 0.480007409535435 297
1694359856182 0.47931323415024774 298
1694359856208 0.47863246700332884 299
1694359856263 0.47793706500069266 300
1694359856288 0.47726198551735993 301
1694359856312 0.47660570440010497 302
1694359856338 0.4759529610916767 303
1694359856363 0.47528918247341956 304
1694359856390 0.4746331098231219 305
1694359856416 0.4739955943215855 306
1694359856440 0.4733438596058682 307
1694359856465 0.47271265578703575 308
1694359856492 0.4720276932744209 309
1694359856517 0.47142088944041083 310
1694359856541 0.47078972208212344 311
1694359856566 0.47016722757913537 312
1694359856592 0.46952730531137055 313
1694359856617 0.4688997239228772 314
1694359856642 0.46828182079560976 315
1694359856668 0.46768129829561156 316
1694359856698 0.46709543443429735 317
1694359856723 0.4664854582804828 318
1694359856749 0.4658800380320747 319
1694359856773 0.46529755467171957 320
1694359856798 0.4646863119843596 321
1694359856824 0.4641029718501447 322
1694359856850 0.463500964519474 323
1694359856887 0.46292677899440215 324
1694359856913 0.46234177105347857 325
1694359856976 0.4617536732199934 326
1694359857015 0.46115642269194956 327
1694359857038 0.46054120910625956 328
1694359857067 0.4599662415416246 329
1694359857092 0.4593712998142989 330
1694359857118 0.4588036018114689 331
1694359857143 0.4582308922577544 332
1694359857175 0.4576910622265248 333
1694359857200 0.4570946893417735 334
1694359857226 0.4565166800272685 335
1694359857252 0.45596782584668955 336
1694359857278 0.4554351294754549 337
1694359857306 0.45487369440592 338
1694359857332 0.45427805892454415 339
1694359857358 0.45367050651231283 340
1694359857384 0.453124994956266 341
1694359857411 0.45255923417606847 342
1694359857437 0.45202397880114964 343
1694359857462 0.45148488330494607 344
1694359857490 0.45094091292136695 345
1694359857520 0.4504086390746727 346
1694359857546 0.44992543578645794 347
1694359857574 0.4494005391865896 348
1694359857600 0.448882313170651 349
1694359857628 0.4483279964098362 350
1694359857654 0.44778606818825906 351
1694359857686 0.44724872248106046 352
1694359857712 0.44669207497346614 353
1694359857741 0.4461806914323011 354
1694359857767 0.4456599292999645 355
1694359857793 0.4451280399919289 356
1694359857821 0.44460335417768765 357
1694359857848 0.44407936604611686 358
1694359857897 0.4435601828217752 359
1694359857922 0.4430377431375986 360
1694359857945 0.4425028819480461 361
1694359857970 0.4420175681122494 362
1694359857997 0.441487635221092 363
1694359858021 0.4409971508331416 364
1694359858046 0.4404936348725312 365
1694359858071 0.43999165201138213 366
1694359858099 0.43946181764139003 367
1694359858123 0.43896231857236845 368
1694359858148 0.4384698308446363 369
1694359858174 0.4379743122073891 370
1694359858205 0.4374708301418592 371
1694359858230 0.43696813408394786 372
1694359858255 0.43647206935383437 373
1694359858308 0.43596619144271753 374
1694359858332 0.4354724736210259 375
1694359858355 0.43502215394457827 376
1694359858379 0.4345120424584765 377
1694359858409 0.43401149840557357 378
1694359858434 0.4335318509426585 379
1694359858458 0.43303353542691825 380
1694359858483 0.43258054899654086 381
1694359858509 0.43209018930758636 382
1694359858534 0.43160492554751184 383
1694359858558 0.43115290530577954 384
1694359858582 0.4307237371863173 385
1694359858607 0.4302322101565131 386
1694359858631 0.4297741724529395 387
1694359858658 0.4293066820998556 388
1694359858688 0.4288336037960917 389
1694359858713 0.42839700604787795 390
1694359858736 0.4279768449194068 391
1694359858761 0.427500173933346 392
1694359858787 0.42705116999357456 393
1694359858812 0.42658721642971914 394
1694359858836 0.4261218018353434 395
1694359858861 0.4256735477853474 396
1694359858888 0.4252070008480927 397
1694359858916 0.42473484657336663 398
1694359858941 0.4242810822754882 399
1694359858966 0.4238334850284634 400
1694359858992 0.42342624932597334 401
1694359859075 0.4229596513161635 402
1694359859130 0.42251427300080097 403
1694359859154 0.42209698065889195 404
1694359859184 0.42166964787094524 405
1694359859212 0.4211742556492681 406
1694359859240 0.4207371893096131 407
1694359859266 0.4202894684391113 408
1694359859291 0.4198689489889177 409
1694359859316 0.41942226915366965 410
1694359859341 0.4190112704438643 411
1694359859366 0.41858423064610706 412
1694359859390 0.4181449452040041 413
1694359859415 0.41772713838135955 414
1694359859439 0.4173082062722675 415
1694359859466 0.4168965574604792 416
1694359859491 0.41648784695473523 417
1694359859518 0.41606342988519057 418
1694359859542 0.41560189690522276 419
1694359859568 0.4151584178526747 420
1694359859592 0.4147403686329855 421
1694359859616 0.4143680455634211 422
1694359859643 0.41394607259342814 423
1694359859670 0.41353623402843454 424
1694359859699 0.413124411228452 425
1694359859730 0.4127285509089029 426
1694359859755 0.4123494909938905 427
1694359859782 0.41191653117190546 428
1694359859806 0.41151847505099237 429
1694359859830 0.4111142431468949 430
1694359859855 0.4107087968272132 431
1694359859880 0.4103020135182285 432
1694359859931 0.4098951232557579 433
1694359859956 0.40944218840436725 434
1694359859983 0.4090310226379965 435
1694359860028 0.40861796239145737 436
1694359860055 0.408239007809852 437
1694359860085 0.407835888782006 438
1694359860110 0.40745503409567185 439
1694359860134 0.40707037213597147 440
1694359860161 0.4066669452111051 441
1694359860191 0.4062528657998414 442
1694359860217 0.4058555865797662 443
1694359860255 0.40544263479445103 444
1694359860288 0.40507727700868895 445
1694359860342 0.40468739600765957 446
1694359860366 0.4043045782965463 447
1694359860391 0.4039159884215812 448
1694359860415 0.4034875889486613 449
1694359860441 0.4031095036327803 450
1694359860466 0.40271470949957344 451
1694359860491 0.4023275108984094 452
1694359860519 0.4019602818713306 453
1694359860542 0.40159686677102685 454
1694359860568 0.4012016294225929 455
1694359860591 0.4008290917514929 456
1694359860617 0.4004570177316916 457
1694359860641 0.40007744072749557 458
1694359860666 0.3997231540241348 459
1694359860695 0.39935851685310175 460
1694359860720 0.3989893028780901 461
1694359860744 0.39861921300748515 462
1694359860770 0.3982294335325273 463
1694359860796 0.3978811407418226 464
1694359860821 0.39749531218695816 465
1694359860847 0.3971235598382528 466
1694359860872 0.39675432311576747 467
1694359860898 0.39637496570342085 468
1694359860923 0.39601734243209663 469
1694359860951 0.3956837880626501 470
1694359860976 0.39531350604094123 471
1694359861000 0.39496607553868335 472
1694359861025 0.39462699900950626 473
1694359861052 0.39425722573104227 474
1694359861077 0.39390953383670185 475
1694359861108 0.39358643165469787 476
1694359861137 0.39325767929294503 477
1694359861230 0.39291391400322123 478
1694359861253 0.39254906385001165 479
1694359861280 0.3922029751074783 480
1694359861305 0.3918479701582854 481
1694359861331 0.3915017901161655 482
1694359861355 0.3911724332505447 483
1694359861381 0.39082840751306336 484
1694359861406 0.39047380478803795 485
1694359861434 0.390116380509742 486
1694359861463 0.38976673085755004 487
1694359861488 0.3894201744015661 488
1694359861511 0.38908937461573495 489
1694359861539 0.38874671905642283 490
1694359861563 0.3884047021909166 491
1694359861586 0.38808299049146555 492
1694359861610 0.38775357952935996 493
1694359861633 0.3874189017453508 494
1694359861658 0.38707404767418224 495
1694359861688 0.38673806354350243 496
1694359861712 0.38639127849915345 497
1694359861738 0.3861009759123902 498
1694359861766 0.3857855033416802 499
1694359861874 0.3857855033416802 500
