1694243427485 1.8724947895138444 0
1694243427510 1.8058621171161109 1
1694243427534 1.7484094476642296 2
1694243427563 1.6953184631907179 3
1694243427642 1.6469714741671662 4
1694243427704 1.6023324586979688 5
1694243427731 1.5611556231772823 6
1694243427755 1.5227853787882955 7
1694243427783 1.4863029393169267 8
1694243427808 1.4522831414938246 9
1694243427836 1.4198581395452645 10
1694243427862 1.3890799892775467 11
1694243427890 1.3597381594657698 12
1694243427918 1.3321022785382395 13
1694243427949 1.3058295730283005 14
1694243427981 1.28081360053034 15
1694243428012 1.2562521123452373 16
1694243428075 1.23330463234361 17
1694243428100 1.2110379788911196 18
1694243428130 1.1899253445251166 19
1694243428159 1.1698629962390916 20
1694243428193 1.1500832366023204 21
1694243428222 1.1310893689255328 22
1694243428253 1.1131208461872242 23
1694243428279 1.0956725013403645 24
1694243428306 1.079028472347425 25
1694243428330 1.0627650457417879 26
1694243428361 1.046897111699293 27
1694243428387 1.0315812714759585 28
1694243428413 1.0168350793814018 29
1694243428439 1.002762431762718 30
1694243428475 0.989112285790815 31
1694243428501 0.9758519173502753 32
1694243428526 0.9630129904230256 33
1694243428552 0.9507611501363005 34
1694243428582 0.9388971905611238 35
1694243428609 0.9273189860610633 36
1694243428635 0.916229099351482 37
1694243428662 0.9055274843613729 38
1694243428688 0.8950341945529224 39
1694243428740 0.8848548145034031 40
1694243428767 0.8749375151842899 41
1694243428792 0.8654992735743106 42
1694243428824 0.8561858827245892 43
1694243428861 0.847062852950068 44
1694243428888 0.8381705782104438 45
1694243428914 0.8293110001915972 46
1694243428940 0.8210780682845217 47
1694243428974 0.8129380165722813 48
1694243429002 0.8051875269970233 49
1694243429030 0.7974300667469622 50
1694243429055 0.7900455437122537 51
1694243429086 0.7827527008196566 52
1694243429112 0.7757968677987618 53
1694243429138 0.7689410376607939 54
1694243429164 0.7621809801531457 55
1694243429194 0.7555925556353008 56
1694243429219 0.7492875768173937 57
1694243429245 0.7430382846748259 58
1694243429301 0.7369741717041813 59
1694243429329 0.7311573479278226 60
1694243429355 0.7254077122613264 61
1694243429381 0.7197688231346705 62
1694243429415 0.7143042001836999 63
1694243429446 0.7089113802055756 64
1694243429477 0.7037173798058945 65
1694243429505 0.6986586733349354 66
1694243429531 0.6937260129072372 67
1694243429557 0.688855681286589 68
1694243429588 0.6840977729133305 69
1694243429661 0.6795211757965511 70
1694243429686 0.6749518192274476 71
1694243429779 0.6704662422140282 72
1694243429813 0.6661894007118179 73
1694243429842 0.6618048779439342 74
1694243429871 0.6576608317090802 75
1694243429898 0.6534158558339865 76
1694243429923 0.6494101975022253 77
1694243429954 0.6454764588642175 78
1694243429980 0.6416583265907329 79
1694243430010 0.6379195709685944 80
1694243430036 0.6342538265952476 81
1694243430063 0.6305581322270036 82
1694243430090 0.6270083737852615 83
1694243430120 0.6234428564852855 84
1694243430146 0.6200046672554772 85
1694243430172 0.6165852063388164 86
1694243430198 0.613370262923466 87
1694243430223 0.6101042772319003 88
1694243430252 0.6069616290259452 89
1694243430280 0.6038255797133669 90
1694243430304 0.6007272904551443 91
1694243430346 0.5978243260961137 92
1694243430374 0.5949857527603427 93
1694243430401 0.592160733875286 94
1694243430426 0.589302225372516 95
1694243430462 0.586500642924353 96
1694243430488 0.5837579429878991 97
1694243430515 0.5811786875767663 98
1694243430542 0.5784963672950761 99
1694243430568 0.575884859531011 100
1694243430594 0.5732952431950099 101
1694243430622 0.5708738412746596 102
1694243430647 0.568390635745683 103
1694243430673 0.5659548210096713 104
1694243430698 0.563563729015189 105
1694243430724 0.5611982420158712 106
1694243430756 0.5588736170862296 107
1694243430782 0.5565820852150969 108
1694243430807 0.5542952611643827 109
1694243430832 0.5521349839288268 110
1694243430874 0.5499241933037168 111
1694243430903 0.5477783315575574 112
1694243430928 0.5456541819869712 113
1694243430959 0.5436074036568231 114
1694243430985 0.5415921421563475 115
1694243431010 0.5395476326258023 116
1694243431038 0.537551576087019 117
1694243431063 0.5355349647025015 118
1694243431090 0.5335633246114819 119
1694243431114 0.5316629129839717 120
1694243431140 0.5297866222747283 121
1694243431170 0.52792787818387 122
1694243431195 0.5261779457076262 123
1694243431221 0.5243580990888188 124
1694243431246 0.5225133289684185 125
1694243431271 0.5207396535796223 126
1694243431310 0.5189638929389062 127
1694243431337 0.5172590768118946 128
1694243431366 0.51556670568374 129
1694243431415 0.5138947693181697 130
1694243431441 0.5122901781847505 131
1694243431471 0.5106292825461579 132
1694243431496 0.5090867787833319 133
1694243431523 0.5074734977553749 134
1694243431552 0.5059008778007753 135
1694243431577 0.5043598678926167 136
1694243431603 0.5028389592673583 137
1694243431679 0.5013855441588201 138
1694243431701 0.49997859531447386 139
1694243431726 0.4985022226899771 140
1694243431754 0.4969947666941505 141
1694243431802 0.4955325238675671 142
1694243431884 0.4941730052177602 143
1694243431914 0.49280679431843993 144
1694243431961 0.49143022939919506 145
1694243431986 0.4900231462685485 146
1694243432012 0.48865808314327275 147
1694243432045 0.48725562173487785 148
1694243432071 0.48591741245749287 149
1694243432101 0.48453103261072217 150
1694243432128 0.4832105764573579 151
1694243432155 0.4818323561748759 152
1694243432185 0.48055139141131853 153
1694243432210 0.4793252229663794 154
1694243432236 0.478023715494894 155
1694243432262 0.47681057035671387 156
1694243432288 0.4755212584053178 157
1694243432313 0.4743297091990242 158
1694243432342 0.47321624008770413 159
1694243432368 0.4719657357808987 160
1694243432394 0.47076041419423703 161
1694243432419 0.46957104748314366 162
1694243432449 0.468321680276349 163
1694243432487 0.4672141450285703 164
1694243432512 0.466072637776895 165
1694243432538 0.46492598791561585 166
1694243432565 0.46379538205110515 167
1694243432594 0.46271958187671325 168
1694243432618 0.46164676150790157 169
1694243432643 0.46053322527823204 170
1694243432671 0.45935768092264406 171
1694243432699 0.45828828456581794 172
1694243432726 0.45728189929129065 173
1694243432752 0.45623276751237524 174
1694243432777 0.45522273970799837 175
1694243432803 0.4541326583264144 176
1694243432834 0.45299078377883717 177
1694243432858 0.45195272307020323 178
1694243432884 0.4509063325344516 179
1694243432908 0.4498667691993232 180
1694243432936 0.4488788663075821 181
1694243433001 0.44788830901414706 182
1694243433033 0.44688171380313413 183
1694243433063 0.445834352939661 184
1694243433111 0.44480168725284314 185
1694243433136 0.44377127809442074 186
1694243433163 0.44279874662948104 187
1694243433188 0.4417747416550354 188
1694243433217 0.4408480879172531 189
1694243433243 0.4398997472762867 190
1694243433268 0.43894311608346226 191
1694243433293 0.4380471673025048 192
1694243433329 0.43701640633060057 193
1694243433360 0.4360444015622992 194
1694243433386 0.43520094221817374 195
1694243433411 0.4342531012447065 196
1694243433442 0.43333659728950935 197
1694243433472 0.4323432311545589 198
1694243433506 0.4313874362894168 199
1694243433556 0.43048972368079264 200
1694243433583 0.4295736402420976 201
1694243433611 0.42868860542383386 202
1694243433640 0.4278633467610023 203
1694243433692 0.4270102556204006 204
1694243433737 0.4261482161627257 205
1694243433765 0.4252095816990422 206
1694243433792 0.4243417482908252 207
1694243433819 0.4234765454299611 208
1694243433844 0.4226046033076087 209
1694243433971 0.42180733894334144 210
1694243434001 0.42096911583245733 211
1694243434026 0.4201305241555298 212
1694243434052 0.4192347853885066 213
1694243434076 0.41838393346195474 214
1694243434120 0.41754332018447926 215
1694243434145 0.4167662580566256 216
1694243434168 0.41597206770048994 217
1694243434193 0.41509631061484054 218
1694243434222 0.41430034348526007 219
1694243434247 0.4135280060553332 220
1694243434272 0.4127673233133229 221
1694243434296 0.4120502184422359 222
1694243434319 0.4112889102172326 223
1694243434344 0.410527500024629 224
1694243434374 0.4097272301996656 225
1694243434398 0.4090137005979953 226
1694243434423 0.4082342076887512 227
1694243434449 0.4075328520098089 228
1694243434485 0.40674916257053306 229
1694243434513 0.40602526702457586 230
1694243434539 0.405315126696858 231
1694243434563 0.4046402696386424 232
1694243434591 0.4039715049643428 233
1694243434625 0.4031891983214696 234
1694243434652 0.4025141916424487 235
1694243434679 0.40191335750875334 236
1694243434705 0.40115032765665487 237
1694243434729 0.4004593603077214 238
1694243434754 0.3997687959221133 239
1694243434784 0.3990704149131237 240
1694243434811 0.39834387683462563 241
1694243434835 0.39770911261644926 242
1694243434860 0.3970103570582792 243
1694243434884 0.3964272573568576 244
1694243434911 0.3957273575069763 245
1694243434940 0.3950442622739917 246
1694243434972 0.3943389536147896 247
1694243435000 0.3936494110494734 248
1694243435026 0.39297138245070845 249
1694243435054 0.39228310912030023 250
1694243435079 0.3915630972079655 251
1694243435105 0.39089304313601625 252
1694243435131 0.39025482265030365 253
1694243435165 0.3896520397178473 254
1694243435188 0.38894834810328877 255
1694243435212 0.38828892985567437 256
1694243435239 0.3875781324683268 257
1694243435264 0.38690696077847037 258
1694243435292 0.38625434234629946 259
1694243435317 0.38564037385138294 260
1694243435343 0.38496926047272906 261
1694243435384 0.3843260285702932 262
1694243435408 0.3836144289785632 263
1694243435433 0.38299235400709997 264
1694243435464 0.382399265839251 265
1694243435500 0.38172799173297217 266
1694243435527 0.3811176818932175 267
1694243435552 0.38042657565655696 268
1694243435578 0.3797798932999821 269
1694243435602 0.3792060233185011 270
1694243435628 0.3785984506217278 271
1694243435657 0.3779903608954572 272
1694243435682 0.37732881298183346 273
1694243435765 0.3767616616440459 274
1694243435792 0.3761773540528783 275
1694243435820 0.3755811295368761 276
1694243435845 0.37500580550727924 277
1694243435876 0.3743951237807904 278
1694243435902 0.3738187167687341 279
1694243435927 0.37325956267960136 280
1694243435965 0.37267378044402455 281
1694243436057 0.37208530284066177 282
1694243436081 0.37143180654976765 283
1694243436112 0.37082968106975156 284
1694243436136 0.37027695105350533 285
1694243436161 0.3696721124449522 286
1694243436186 0.3691043563312904 287
1694243436209 0.3685442102881268 288
1694243436247 0.3679514969532616 289
1694243436270 0.36740075208394335 290
1694243436294 0.3668277928487062 291
1694243436318 0.3662159511052071 292
1694243436344 0.3656079434524847 293
1694243436374 0.3650559894296424 294
1694243436400 0.36445939004013245 295
1694243436424 0.3639238889476092 296
1694243436448 0.36334092209967866 297
1694243436477 0.3627794225035252 298
1694243436501 0.3622218616004099 299
1694243436533 0.3616325374626579 300
1694243436557 0.36104459598799193 301
1694243436582 0.3605083859252222 302
1694243436608 0.359974928559936 303
1694243436638 0.3593493779226833 304
1694243436669 0.3588249267190945 305
1694243436695 0.35823882576029004 306
1694243436719 0.3577023869909278 307
1694243436743 0.3571807803427962 308
1694243436775 0.3565872234084684 309
1694243436803 0.35602625563227225 310
1694243436827 0.3554976089369849 311
1694243436852 0.3550218313888628 312
1694243436877 0.3544047837971714 313
1694243436901 0.3538898950780094 314
1694243436930 0.3533018593276818 315
1694243436959 0.35275216633099993 316
1694243436985 0.35223668644328604 317
1694243437016 0.351740936864357 318
1694243437044 0.3512649516840505 319
1694243437069 0.35078368572191737 320
1694243437095 0.350237988463683 321
1694243437119 0.3497438276258086 322
1694243437150 0.3492265646625257 323
1694243437176 0.3486650474718749 324
1694243437218 0.34813003216048743 325
1694243437241 0.3476281026394798 326
1694243437270 0.34705815096610476 327
1694243437302 0.3465641331984617 328
1694243437326 0.3460329220222908 329
1694243437350 0.3455589501577829 330
1694243437374 0.3450445181864053 331
1694243437414 0.34453959661607786 332
1694243437446 0.3440650799073107 333
1694243437476 0.34356689687924924 334
1694243437500 0.3430713463921414 335
1694243437533 0.3425941077367207 336
1694243437560 0.34212888663323376 337
1694243437585 0.3416350799452661 338
1694243437611 0.34108579967156116 339
1694243437646 0.34061235577485327 340
1694243437670 0.3400834625345801 341
1694243437698 0.33960531739679306 342
1694243437723 0.3391526510141725 343
1694243437803 0.3386540792362963 344
1694243437837 0.33814586913315275 345
1694243437864 0.33764028977661664 346
1694243437889 0.3371372238565613 347
1694243437914 0.3366513602299035 348
1694243437939 0.33616967917619067 349
1694243437973 0.33563067386456474 350
1694243437998 0.3351184981637213 351
1694243438022 0.3346252554134501 352
1694243438050 0.334165389717868 353
1694243438079 0.3336638952319599 354
1694243438169 0.33322087894662344 355
1694243438194 0.33278884511093865 356
1694243438224 0.33231338891256657 357
1694243438249 0.33180288460147644 358
1694243438272 0.331320879170757 359
1694243438299 0.3308188866222486 360
1694243438324 0.330320719251514 361
1694243438353 0.3298433132766479 362
1694243438393 0.32940167853261965 363
1694243438418 0.32892011522129017 364
1694243438443 0.3284888834326814 365
1694243438477 0.328043797312287 366
1694243438503 0.3276043105132867 367
1694243438528 0.3270961677381615 368
1694243438553 0.3266149866030404 369
1694243438586 0.3262274954865966 370
1694243438612 0.32576386524337325 371
1694243438638 0.3253327271392323 372
1694243438664 0.32488289081649785 373
1694243438690 0.3244409830141394 374
1694243438720 0.32403580880177446 375
1694243438745 0.323578451329607 376
1694243438769 0.32317201195879436 377
1694243438795 0.32271983294187334 378
1694243438821 0.3222646888707237 379
1694243438850 0.3218374872900441 380
1694243438874 0.3214117326219096 381
1694243438916 0.3209507024268561 382
1694243438940 0.3205188187572504 383
1694243438971 0.3200992857208824 384
1694243439001 0.31963160763996973 385
1694243439026 0.31921024636483025 386
1694243439052 0.31878281508457035 387
1694243439077 0.31837067526213 388
1694243439101 0.3179214780776432 389
1694243439131 0.3175129026912953 390
1694243439156 0.31710914024370923 391
1694243439180 0.31667008735302093 392
1694243439204 0.31627010065839434 393
1694243439231 0.3158298640160448 394
1694243439263 0.3154793514867251 395
1694243439287 0.3150392905224553 396
1694243439310 0.31460016321693457 397
1694243439336 0.3141275948699084 398
1694243439362 0.31374178612759585 399
1694243439391 0.31327227611737146 400
1694243439434 0.31284042924239325 401
1694243439463 0.312396589573627 402
1694243439493 0.3120136879008564 403
1694243439516 0.3116102064280515 404
1694243439539 0.31126316375198687 405
1694243439568 0.3108347752881668 406
1694243439593 0.3104103445152795 407
1694243439621 0.3099334344484395 408
1694243439645 0.30948942185368766 409
1694243439669 0.30908932487386787 410
1694243439696 0.3086561955680693 411
1694243439725 0.3082300177768582 412
1694243439753 0.3078262281797162 413
1694243439824 0.3074107594591836 414
1694243439851 0.30694573087170496 415
1694243439877 0.30659635685389547 416
1694243439905 0.30616428872435375 417
1694243439930 0.30580625789871946 418
1694243439968 0.3053636544476738 419
1694243439994 0.30496628537427684 420
1694243440019 0.3045811852900536 421
1694243440043 0.3042288978558804 422
1694243440067 0.30379664697562664 423
1694243440091 0.3034143589971203 424
1694243440118 0.3030145185618894 425
1694243440144 0.30260671556159646 426
1694243440173 0.30220005921158993 427
1694243440200 0.30175275697549625 428
1694243440260 0.30132623585530377 429
1694243440314 0.3009145627686609 430
1694243440343 0.3005330172541824 431
1694243440368 0.3001048615499614 432
1694243440391 0.29968158551658075 433
1694243440419 0.2992749726887002 434
1694243440448 0.2988810083454198 435
1694243440478 0.29846038856229967 436
1694243440509 0.2980902023926835 437
1694243440534 0.29770403452054556 438
1694243440558 0.29729788158523296 439
1694243440589 0.2969404951145985 440
1694243440617 0.29662696536027255 441
1694243440642 0.29623435707043455 442
1694243440667 0.295839205577756 443
1694243440694 0.2954526848652672 444
1694243440721 0.2950676669255188 445
1694243440744 0.29470506222885157 446
1694243440768 0.29434409793999633 447
1694243440795 0.2939585169894148 448
1694243440818 0.29359183014026113 449
1694243440842 0.29325063318778843 450
1694243440871 0.29288112042930103 451
1694243440896 0.2925440465618941 452
1694243440922 0.2921619751004483 453
1694243440953 0.2918241516098604 454
1694243440978 0.29145620775219516 455
1694243441008 0.29107415219884736 456
1694243441043 0.2906795148786827 457
1694243441067 0.2903586807994631 458
1694243441091 0.28999382571633386 459
1694243441119 0.2896344640568329 460
1694243441151 0.2892224222640666 461
1694243441176 0.2888325258811168 462
1694243441199 0.2885139210559882 463
1694243441223 0.28817301862308237 464
1694243441248 0.28780175232235794 465
1694243441276 0.2874331838251096 466
1694243441299 0.2870645726455125 467
1694243441324 0.28670890578712577 468
1694243441350 0.2863878464654386 469
1694243441379 0.2860335217967355 470
1694243441408 0.28568801020136314 471
1694243441435 0.2853160893231152 472
1694243441465 0.28495910988236695 473
1694243441501 0.28456829549656 474
1694243441528 0.2841924876362438 475
1694243441552 0.2838490539501611 476
1694243441596 0.2835302890415483 477
1694243441621 0.28322831970674434 478
1694243441645 0.28288898728834405 479
1694243441670 0.2825697853839923 480
1694243441694 0.2822156478222586 481
1694243441717 0.28187629815415716 482
1694243441746 0.2815562697074767 483
1694243441770 0.2812232437580873 484
1694243441834 0.28090283827207124 485
1694243441886 0.2805417246305053 486
1694243441913 0.2801944918629199 487
1694243441937 0.2798298947540664 488
1694243441967 0.2795097007013848 489
1694243441990 0.2791555641524887 490
1694243442022 0.27876951724001864 491
1694243442047 0.27842994065862764 492
1694243442070 0.27810967090968886 493
1694243442107 0.2778095688724173 494
1694243442134 0.2775210655519692 495
1694243442163 0.2771707195422603 496
1694243442186 0.2768248438800241 497
1694243442209 0.2764516591730232 498
1694243442234 0.2760762217520692 499
1694243442257 0.27573995419108105 500
1694243442281 0.2754055034204757 501
1694243442314 0.275051006191982 502
1694243442342 0.27470925061400353 503
1694243442390 0.2743564158786925 504
1694243442445 0.27403502067761343 505
1694243442479 0.2736942623356394 506
1694243442502 0.273359482624661 507
1694243442528 0.27302061520959026 508
1694243442552 0.2726735426199851 509
1694243442582 0.2723707199141231 510
1694243442613 0.2720271109544636 511
1694243442643 0.27174371843206097 512
1694243442672 0.27143078251893193 513
1694243442694 0.2711456293513111 514
1694243442720 0.27081890167160183 515
1694243442744 0.2705216298416813 516
1694243442769 0.2701858278290789 517
1694243442798 0.2698657071048793 518
1694243442821 0.2695685671185397 519
1694243442846 0.26924833113808166 520
1694243442870 0.26893052074802765 521
1694243442895 0.268567932925295 522
1694243442921 0.26825520974819556 523
1694243442946 0.26792995443151274 524
1694243442976 0.26762383157841774 525
1694243443004 0.26729728208219505 526
1694243443048 0.2669595237797459 527
1694243443071 0.26663693871369126 528
1694243443096 0.2663219478626457 529
1694243443118 0.2659758462435505 530
1694243443142 0.26567893882931787 531
1694243443188 0.2653442303451536 532
1694243443212 0.265002631741478 533
1694243443237 0.26471948907784626 534
1694243443264 0.2644050729364308 535
1694243443293 0.2640930442067274 536
1694243443323 0.263794129214896 537
1694243443346 0.26353482678552215 538
1694243443370 0.2632132815082476 539
1694243443394 0.2629139153388892 540
1694243443419 0.262568242204483 541
1694243443444 0.2622508578128736 542
1694243443474 0.26184696779005123 543
1694243443500 0.2615651995598333 544
1694243443532 0.2612559749915874 545
1694243443559 0.26096819617466166 546
1694243443585 0.2606165362836893 547
1694243443613 0.2603086382177562 548
1694243443641 0.26001583814652146 549
1694243443666 0.25974644959032656 550
1694243443700 0.2594705756800714 551
1694243443729 0.2591367023221861 552
1694243443752 0.25883117896586033 553
1694243443776 0.25855572185070436 554
1694243443799 0.2582577560177615 555
1694243443824 0.25794898649035175 556
1694243443899 0.2576473863372298 557
1694243443923 0.2573324633610465 558
1694243443952 0.25703730774985883 559
1694243443982 0.2567571773366085 560
1694243444006 0.25646929001998653 561
1694243444030 0.25616717518662846 562
1694243444055 0.25584979328609214 563
1694243444084 0.2555796160543634 564
1694243444107 0.2552747505675546 565
1694243444132 0.2549797036755761 566
1694243444158 0.25469757687028993 567
1694243444182 0.25438962932555814 568
1694243444210 0.2540660292351129 569
1694243444246 0.25377511918590373 570
1694243444268 0.25346951931562056 571
1694243444292 0.25317527812953805 572
1694243444316 0.25284116980272436 573
1694243444344 0.252558463651437 574
1694243444368 0.25226970416432665 575
1694243444392 0.2519712933573071 576
1694243444415 0.2516944075525555 577
1694243444457 0.25136626588827865 578
1694243444833 0.25106992343038986 579
1694243444856 0.25076213098563205 580
1694243444879 0.2504757673748561 581
1694243444907 0.25018932049961734 582
1694243444932 0.24986856076841682 583
1694243444961 0.24960141769556432 584
1694243444986 0.2493283920142729 585
1694243445011 0.24902239924748418 586
1694243445039 0.24874884766635738 587
1694243445064 0.24844325566017167 588
1694243445087 0.24814102292204387 589
1694243445114 0.24787917873520465 590
1694243445143 0.24757266738707165 591
1694243445170 0.2473011210340103 592
1694243445195 0.2470121308489814 593
1694243445219 0.24673165316592863 594
1694243445244 0.24641973842577003 595
1694243445271 0.24613088914963013 596
1694243445304 0.2458229522713703 597
1694243445328 0.24552742525337 598
1694243445352 0.24522676340284624 599
1694243445380 0.24496044033541922 600
1694243445405 0.24464785077461837 601
1694243445430 0.24437208849947614 602
1694243445460 0.24411545344519336 603
1694243445484 0.24387050381785635 604
1694243445512 0.24355995493757585 605
1694243445537 0.24327286093380884 606
1694243445561 0.24299197565320155 607
1694243445584 0.2427724431328856 608
1694243445622 0.24250832923180574 609
1694243445650 0.242240862686535 610
1694243445675 0.24196677617918097 611
1694243445700 0.241717557494985 612
1694243445724 0.2415006619620121 613
1694243445754 0.24123041800550155 614
1694243445782 0.2409636338706843 615
1694243445805 0.24070724108894784 616
1694243445847 0.24044640262743758 617
1694243445923 0.24021950203139147 618
1694243445947 0.2399464617658056 619
1694243445975 0.23967681162089047 620
1694243446000 0.23940386424833537 621
1694243446024 0.2391585111211801 622
1694243446049 0.23885674113540117 623
1694243446076 0.23861086876981963 624
1694243446101 0.23833283262471208 625
1694243446125 0.2380543815920951 626
1694243446150 0.23778413700583625 627
1694243446175 0.23749734762481772 628
1694243446201 0.2372192834886229 629
1694243446226 0.23696107812380013 630
1694243446250 0.23670766347424949 631
1694243446274 0.23647432282648073 632
1694243446302 0.23622235130611138 633
1694243446326 0.23598107552034103 634
1694243446349 0.23573209361347996 635
1694243446381 0.23546472266438886 636
1694243446405 0.2352160434372364 637
1694243446431 0.23495513755914083 638
1694243446462 0.23468813781094056 639
1694243446491 0.23440615209142904 640
1694243446520 0.23413423667733466 641
1694243446543 0.2338650168121275 642
1694243446572 0.23359680012480033 643
1694243446600 0.23336123277263432 644
1694243446651 0.2330943405319901 645
1694243446677 0.23283929455311983 646
1694243446733 0.2325938185497619 647
1694243446757 0.2323333592568982 648
1694243446784 0.23207799632904477 649
1694243446811 0.23183716461151097 650
1694243446834 0.2315824242323318 651
1694243446859 0.2312745992028777 652
1694243446883 0.23103428666833162 653
1694243446916 0.2307794861856774 654
1694243446940 0.2304995640658704 655
1694243446970 0.2302399321349228 656
1694243446997 0.23002239659356824 657
1694243447033 0.22978789152682258 658
1694243447060 0.22953049710376153 659
1694243447084 0.22930293333987425 660
1694243447110 0.22904418978173754 661
1694243447147 0.2287560043961063 662
1694243447175 0.22849636407166068 663
1694243447209 0.2282513813744493 664
1694243447235 0.2280262031896889 665
1694243447261 0.2277560297965464 666
1694243447284 0.22748815674718056 667
1694243447307 0.22721685704971764 668
1694243447334 0.22697253978902626 669
1694243447359 0.22671332495894692 670
1694243447389 0.2264307727312331 671
1694243447414 0.22617617302048626 672
1694243447452 0.22594436610242663 673
1694243447477 0.22571432743842812 674
1694243447502 0.22547215076704263 675
1694243447529 0.22523509911280873 676
1694243447553 0.22498572187587887 677
1694243447579 0.22476089492982884 678
1694243447603 0.22448983204147607 679
1694243447627 0.22424885001958497 680
1694243447665 0.22402130210227503 681
1694243447689 0.2237941364183848 682
1694243447720 0.22354851139133858 683
1694243447745 0.223329914937974 684
1694243447769 0.2231034050011564 685
1694243447804 0.22287238953925462 686
1694243447832 0.22265170801319625 687
1694243447856 0.22240207884948532 688
1694243447883 0.22217111251882599 689
1694243447959 0.2219400214399705 690
1694243447983 0.22171076353056457 691
1694243448008 0.22145977985022 692
1694243448036 0.22119226862952318 693
1694243448063 0.22094087937121493 694
1694243448087 0.22074238054933928 695
1694243448111 0.22047119815859 696
1694243448136 0.22022712302498507 697
1694243448158 0.21996331804137997 698
1694243448187 0.2196817831241194 699
1694243448210 0.21941292167477985 700
1694243448234 0.21921087065104292 701
1694243448257 0.21897071916161592 702
1694243448281 0.2187715808651605 703
1694243448308 0.21852529270119342 704
1694243448333 0.21828336000698054 705
1694243448357 0.21803204017235203 706
1694243448379 0.21783142291501603 707
1694243448407 0.21761894714588104 708
1694243448432 0.21737497896140395 709
1694243448461 0.21715399833706353 710
1694243448487 0.21690635305356323 711
1694243448550 0.216666055570922 712
1694243448575 0.216443591824706 713
1694243448599 0.21621522171616933 714
1694243448629 0.21596904669126046 715
1694243448652 0.21573528668207234 716
1694243448677 0.21550950662654927 717
1694243448717 0.2152792264932398 718
1694243448770 0.21506719067251567 719
1694243448803 0.21483022630136706 720
1694243448836 0.21461191344289057 721
1694243448864 0.21437923894838742 722
1694243448891 0.21414789966351697 723
1694243448914 0.21395394080979965 724
1694243448938 0.21372896766945898 725
1694243448971 0.2134952480745842 726
1694243448995 0.2132704934609703 727
1694243449020 0.2130175531881268 728
1694243449044 0.21279752514404984 729
1694243449093 0.21258297156086603 730
1694243449122 0.2123500031925101 731
1694243449145 0.2121355185781903 732
1694243449169 0.21191763297091762 733
1694243449195 0.2117014897518733 734
1694243449219 0.2114745491816032 735
1694243449248 0.2112360649070238 736
1694243449272 0.21102852567436098 737
1694243449299 0.21079754405478138 738
1694243449323 0.2105860605612708 739
1694243449350 0.21039023578309712 740
1694243449378 0.21018141817600736 741
1694243449404 0.20995712285458049 742
1694243449429 0.20973512481511816 743
1694243449462 0.2095110008111125 744
1694243449490 0.20929417735279465 745
1694243449516 0.20906922053477253 746
1694243449540 0.20884778133465692 747
1694243449565 0.20861248483932668 748
1694243449602 0.2083832564333851 749
1694243449626 0.20816778702606553 750
1694243449652 0.20793657459578574 751
1694243449687 0.20774680905332427 752
1694243449715 0.207491376004865 753
1694243449739 0.20726363588771166 754
1694243449765 0.20704072392965964 755
1694243449790 0.20679424640611477 756
1694243449815 0.20659349733636928 757
1694243449843 0.2063990765120911 758
1694243449869 0.20617983294876713 759
1694243449893 0.205943930722747 760
1694243449919 0.20572305300456883 761
1694243449998 0.2055378036211827 762
1694243450022 0.2053150190111441 763
1694243450047 0.20509593658150008 764
1694243450072 0.20488843013269886 765
1694243450097 0.20463636505188418 766
1694243450129 0.20443882624062884 767
1694243450152 0.20422141540785524 768
1694243450178 0.20402602762068836 769
1694243450202 0.2038018833630189 770
1694243450228 0.20354687592573095 771
1694243450253 0.20329858528544167 772
1694243450283 0.20308494650465206 773
1694243450309 0.20288540996460697 774
1694243450335 0.20267437683984665 775
1694243450359 0.20245325295605168 776
1694243450386 0.20223306776002883 777
1694243450416 0.2020151971559149 778
1694243450441 0.20179947530828407 779
1694243450473 0.20162267037319223 780
1694243450498 0.20139006503196336 781
1694243450526 0.2011726941685393 782
1694243450550 0.2009335728383895 783
1694243450574 0.20075019422932167 784
1694243450598 0.2005615137475336 785
1694243450623 0.20032168568879927 786
1694243450651 0.2001274766106772 787
1694243450683 0.1999185686081875 788
1694243450707 0.19967791476424324 789
1694243450732 0.19946328206986572 790
1694243450759 0.1992820616488344 791
1694243450784 0.1990626803868997 792
1694243450807 0.19883316309344867 793
1694243450836 0.19862537025476965 794
1694243450925 0.19839956819350885 795
1694243450949 0.19818785160546737 796
1694243450991 0.19797398917542533 797
1694243451016 0.19778343419446384 798
1694243451038 0.1975707683376653 799
1694243451063 0.1973595663129 800
1694243451089 0.197161763351963 801
1694243451113 0.19695704857824875 802
1694243451149 0.19672552035091323 803
1694243451179 0.19654130633176722 804
1694243451219 0.1963448618718044 805
1694243451248 0.19616728465982095 806
1694243451274 0.19595805395683674 807
1694243451299 0.19574400697907754 808
1694243451324 0.19554653825693485 809
1694243451352 0.1953424368926497 810
1694243451377 0.19513586129915528 811
1694243451401 0.19492945952341528 812
1694243451426 0.19472156434201587 813
1694243451450 0.19451872870657386 814
1694243451486 0.19430699093239323 815
1694243451509 0.19411624933580485 816
1694243451537 0.19392427511866808 817
1694243451562 0.19370312301992343 818
1694243451591 0.19349091620523798 819
1694243451616 0.19326520267718686 820
1694243451644 0.19308635925970752 821
1694243451668 0.19288950160123394 822
1694243451692 0.19268411541679503 823
1694243451733 0.19248068842911503 824
1694243451757 0.19230461700767543 825
1694243451793 0.1921274566761518 826
1694243451816 0.19193495258592358 827
1694243451847 0.1917227756865365 828
1694243451875 0.19152745739958943 829
1694243451900 0.19132882678540253 830
1694243451924 0.19113715875983786 831
1694243451947 0.19094481599911592 832
1694243452019 0.1907581018441182 833
1694243452041 0.19058602034755462 834
1694243452066 0.19039761088408144 835
1694243452090 0.19019470614736358 836
1694243452114 0.19000459225596553 837
1694243452142 0.18981129025376198 838
1694243452166 0.18962689737988397 839
1694243452191 0.18942770765107939 840
1694243452213 0.18925675104792952 841
1694243452237 0.1890658421899154 842
1694243452270 0.18885618412136881 843
1694243452298 0.18868848980223454 844
1694243452323 0.18848420727831877 845
1694243452348 0.18830896595686678 846
1694243452372 0.18811121132331263 847
1694243452396 0.18797058303421957 848
1694243452423 0.18776840134745698 849
1694243452449 0.187588152687467 850
1694243452482 0.1873911702693739 851
1694243452512 0.1871801960685266 852
1694243452536 0.18700630411474156 853
1694243452557 0.18680245220905137 854
1694243452581 0.1866334757135337 855
1694243452609 0.18643403952892743 856
1694243452636 0.18623378381189384 857
1694243452659 0.18603449465408742 858
1694243452682 0.18584135809040134 859
1694243452707 0.1856497298969133 860
1694243452732 0.185484562890913 861
1694243452762 0.18527288328192165 862
1694243452790 0.1850827585465746 863
1694243452824 0.18488541614906756 864
1694243452848 0.18468979440650501 865
1694243452871 0.18448797129576702 866
1694243452898 0.18431053034931388 867
1694243452929 0.18413061495387303 868
1694243452962 0.183952805636562 869
1694243453015 0.18377097570906134 870
1694243453058 0.18355926796940822 871
1694243453080 0.1833650589082465 872
1694243453107 0.18316227679795724 873
1694243453132 0.18300700973157563 874
1694243453159 0.18282028289120886 875
1694243453183 0.1826392610951897 876
1694243453208 0.182436673501095 877
1694243453234 0.18224516900357746 878
1694243453258 0.18207324994810997 879
1694243453284 0.18186335212167418 880
1694243453313 0.18167899200322124 881
1694243453348 0.18149849564918258 882
1694243453372 0.1813177572260696 883
1694243453398 0.181112945031899 884
1694243453422 0.180929897899731 885
1694243453450 0.180757489036888 886
1694243453479 0.18056523559622145 887
1694243453506 0.180395172567567 888
1694243453529 0.18023441788487424 889
1694243453552 0.18006841345430016 890
1694243453578 0.17988739496474299 891
1694243453602 0.17971309345784434 892
1694243453629 0.17953884963812175 893
1694243453650 0.17937670428745178 894
1694243453675 0.17921637828294298 895
1694243453705 0.1790243986759962 896
1694243453728 0.1788881327870301 897
1694243453760 0.17872259368452412 898
1694243453782 0.178558031592227 899
1694243453809 0.1783878510515646 900
1694243453835 0.17821087474428393 901
1694243453870 0.1780552475855603 902
1694243453894 0.17789417886586684 903
1694243453917 0.17773498341218288 904
1694243453947 0.1775780816903427 905
1694243453978 0.17737933292964278 906
1694243454051 0.1772275929341342 907
1694243454080 0.17706179637718683 908
1694243454103 0.17687390549907778 909
1694243454131 0.17670250030684015 910
1694243454155 0.17653183170113937 911
1694243454182 0.1763815494017305 912
1694243454207 0.1762039064673779 913
1694243454233 0.17603937167938188 914
1694243454257 0.17588238988134933 915
1694243454282 0.1757159413197243 916
1694243454306 0.1755759088913527 917
1694243454334 0.17539694876312023 918
1694243454357 0.1752296861300389 919
1694243454381 0.17505708322501198 920
1694243454413 0.17488818555624616 921
1694243454439 0.17471818416980328 922
1694243454473 0.17455435276927403 923
1694243454498 0.17437267293155054 924
1694243454524 0.17418328549053416 925
1694243454548 0.1740158808822185 926
1694243454573 0.1738429410871937 927
1694243454600 0.17364150382258384 928
1694243454626 0.1734719763835374 929
1694243454650 0.17329415517579708 930
1694243454673 0.17313027748406057 931
1694243454698 0.17294489912238287 932
1694243454724 0.17277349063560812 933
1694243454752 0.17260352103359874 934
1694243454776 0.17245343003778174 935
1694243454801 0.1722750249060217 936
1694243454825 0.17211482934045447 937
1694243454848 0.17195414267417092 938
1694243454874 0.17177922086220943 939
1694243454898 0.1716196906641831 940
1694243454921 0.17144687753532434 941
1694243454958 0.17127095772577003 942
1694243454985 0.17107996525642927 943
1694243455008 0.17091743027189188 944
1694243455033 0.17073115100807268 945
1694243455130 0.17058205847845892 946
1694243455154 0.17041150611351313 947
1694243455180 0.17024154180452936 948
1694243455209 0.17010060081491005 949
1694243455233 0.16992746648840304 950
1694243455256 0.16975246923487008 951
1694243455279 0.16959152990977766 952
1694243455303 0.1694357127715294 953
1694243455328 0.16927562743239663 954
1694243455357 0.1691004364491035 955
1694243455381 0.16894948510756963 956
1694243455407 0.1687640699030551 957
1694243455431 0.16858889181005385 958
1694243455484 0.16841802028182953 959
1694243455508 0.16823786471178423 960
1694243455534 0.1680994639858332 961
1694243455557 0.16794255514048542 962
1694243455583 0.16775537885324052 963
1694243455610 0.16759274136142438 964
1694243455637 0.16742402910369023 965
1694243455660 0.1672614662093414 966
1694243455686 0.16710269729508992 967
1694243455709 0.16694567480387346 968
1694243455731 0.16677995673106344 969
1694243455753 0.16660259983241946 970
1694243455791 0.16641440012847475 971
1694243455815 0.1662402327171777 972
1694243455837 0.16608524305563144 973
1694243455862 0.16591005482302493 974
1694243455886 0.16574681426871885 975
1694243455915 0.16555908393940855 976
1694243455940 0.16537678571513506 977
1694243455968 0.1652332989683854 978
1694243456003 0.16507333876915709 979
1694243456213 0.16841802028182953 980
