1694416276454 1.9108673829053537 0
1694416276494 1.8743461219500084 1
1694416276566 1.8412938098578733 2
1694416276596 1.809853880155774 3
1694416276622 1.7802509900275572 4
1694416276650 1.7520117032338807 5
1694416276679 1.7253580480519053 6
1694416276710 1.6999915262172174 7
1694416276736 1.6753022021156196 8
1694416276759 1.6516414608094496 9
1694416276833 1.62895002480878 10
1694416276856 1.6071749950828202 11
1694416276880 1.585953872538229 12
1694416276909 1.5656270345527008 13
1694416276932 1.5460378845377594 14
1694416276957 1.5270762799908317 15
1694416276986 1.5085442196396932 16
1694416277012 1.4905136373654821 17
1694416277050 1.4730411133007366 18
1694416277075 1.4562073925137586 19
1694416277099 1.440084395729123 20
1694416277125 1.423899966112288 21
1694416277152 1.4083508591402003 22
1694416277178 1.393272198367461 23
1694416277202 1.3784996189013319 24
1694416277226 1.3641985837476243 25
1694416277251 1.3500392537891177 26
1694416277275 1.3360051034208087 27
1694416277304 1.3225112737140088 28
1694416277330 1.3093452147405291 29
1694416277382 1.2967199899190303 30
1694416277407 1.2840487694099898 31
1694416277432 1.2717081206813516 32
1694416277461 1.2597378798896186 33
1694416277486 1.2480412976993525 34
1694416277513 1.2366044242413528 35
1694416277538 1.2252208569777534 36
1694416277563 1.2142682119471495 37
1694416277594 1.2035893298125848 38
1694416277620 1.1929267231707723 39
1694416277644 1.1825800962852422 40
1694416277673 1.1724867654569024 41
1694416277698 1.1626746379380544 42
1694416277724 1.1528376732610894 43
1694416277748 1.1431348613660541 44
1694416277773 1.133617524578953 45
1694416277797 1.1243322482037579 46
1694416277823 1.115312574821511 47
1694416277851 1.1062885324932155 48
1694416277877 1.097645720653688 49
1694416277903 1.0891799376713753 50
1694416277928 1.080791178528874 51
1694416277958 1.0725332161351468 52
1694416277990 1.064402651602143 53
1694416278016 1.0564820135156832 54
1694416278042 1.0486540691895627 55
1694416278069 1.0410165587579754 56
1694416278095 1.0334381871002811 57
1694416278124 1.0259783721276607 58
1694416278153 1.0187291564835612 59
1694416278178 1.011612681892941 60
1694416278203 1.0045030712863545 61
1694416278228 0.997548343411974 62
1694416278253 0.9907396739634716 63
1694416278377 0.9840135683902987 64
1694416278405 0.9774340185912139 65
1694416278430 0.9709941374048505 66
1694416278481 0.9646022795086179 67
1694416278507 0.9583125203269223 68
1694416278532 0.9521799521549573 69
1694416278557 0.9461098810924374 70
1694416278587 0.9401451097173514 71
1694416278615 0.9342926347609688 72
1694416278640 0.9284102287988379 73
1694416278666 0.9227506384937869 74
1694416278691 0.9170838057768053 75
1694416278718 0.9114610722798461 76
1694416278746 0.9060550063875622 77
1694416278771 0.9006984401006016 78
1694416278797 0.8954366596080302 79
1694416278822 0.8902762108134059 80
1694416278846 0.8852301377085545 81
1694416278873 0.8801647647913503 82
1694416278905 0.875224589818416 83
1694416278931 0.8703263922819847 84
1694416278961 0.8654567790562067 85
1694416278989 0.8606587999862673 86
1694416279015 0.8559855873828234 87
1694416279041 0.8513786548884279 88
1694416279068 0.8467899719075541 89
1694416279096 0.8423529771246164 90
1694416279123 0.8379418454569312 91
1694416279148 0.8336049613234331 92
1694416279174 0.8293217659708296 93
1694416279199 0.825056347189883 94
1694416279225 0.8208608360216574 95
1694416279251 0.816752630488003 96
1694416279276 0.8127733986345936 97
1694416279303 0.8088201435904461 98
1694416279332 0.8048780162362543 99
1694416279358 0.8048780162362543 100
