1694415879241 1.9108673829053537 0
1694415879277 1.8743461219500088 1
1694415879305 1.8412938098578737 2
1694415879334 1.809853880155774 3
1694415879357 1.7802509900275572 4
1694415879382 1.7520117032338802 5
1694415879408 1.725358048051905 6
1694415879439 1.699991526217217 7
1694415879463 1.6753022021156192 8
1694415879488 1.6516414608094496 9
1694415879511 1.62895002480878 10
1694415879535 1.6071749950828202 11
1694415879608 1.585953872538229 12
1694415879631 1.565627034552701 13
1694415879656 1.5460378845377594 14
1694415879683 1.5270762799908317 15
1694415879708 1.5085442196396932 16
1694415879732 1.4905136373654821 17
1694415879757 1.4730411133007366 18
1694415879782 1.4562073925137586 19
1694415879807 1.440084395729123 20
1694415879832 1.423899966112288 21
1694415879858 1.4083508591402003 22
1694415879884 1.393272198367461 23
1694415879916 1.3784996189013319 24
1694415879946 1.3641985837476243 25
1694415879973 1.3500392537891177 26
1694415880001 1.3360051034208085 27
1694415880026 1.3225112737140088 28
1694415880051 1.3093452147405291 29
1694415880082 1.2967199899190303 30
1694415880111 1.2840487694099898 31
1694415880139 1.2717081206813514 32
1694415880203 1.2597378798896184 33
1694415880227 1.2480412976993525 34
1694415880252 1.2366044242413528 35
1694415880282 1.2252208569777534 36
1694415880306 1.2142682119471495 37
1694415880337 1.2035893298125848 38
1694415880361 1.192926723170772 39
1694415880388 1.1825800962852426 40
1694415880412 1.1724867654569024 41
1694415880436 1.1626746379380541 42
1694415880463 1.1528376732610894 43
1694415880498 1.143134861366054 44
1694415880523 1.133617524578953 45
1694415880548 1.1243322482037579 46
1694415880578 1.1153125748215111 47
1694415880632 1.1062885324932152 48
1694415880658 1.097645720653688 49
1694415880684 1.0891799376713756 50
1694415880713 1.080791178528874 51
1694415880739 1.0725332161351468 52
1694415880765 1.064402651602143 53
1694415880792 1.0564820135156832 54
1694415880818 1.0486540691895627 55
1694415880843 1.0410165587579752 56
1694415880868 1.0334381871002811 57
1694415880897 1.0259783721276607 58
1694415880923 1.0187291564835612 59
1694415880949 1.011612681892941 60
1694415880978 1.0045030712863545 61
1694415881006 0.997548343411974 62
1694415881105 0.9907396739634715 63
1694415881140 0.9840135683902987 64
1694415881166 0.9774340185912139 65
1694415881191 0.9709941374048506 66
1694415881219 0.9646022795086179 67
1694415881245 0.9583125203269222 68
1694415881270 0.9521799521549573 69
1694415881296 0.9461098810924374 70
1694415881325 0.9401451097173513 71
1694415881350 0.9342926347609688 72
1694415881376 0.928410228798838 73
1694415881406 0.9227506384937869 74
1694415881436 0.9170838057768053 75
1694415881464 0.9114610722798459 76
1694415881488 0.9060550063875622 77
1694415881514 0.9006984401006016 78
1694415881538 0.8954366596080302 79
1694415881562 0.8902762108134056 80
1694415881593 0.8852301377085547 81
1694415881618 0.8801647647913505 82
1694415881650 0.8752245898184158 83
1694415881677 0.8703263922819847 84
1694415881703 0.8654567790562067 85
1694415881729 0.8606587999862673 86
1694415881754 0.8559855873828235 87
1694415881780 0.8513786548884279 88
1694415881806 0.8467899719075543 89
1694415881834 0.8423529771246164 90
1694415881863 0.8379418454569311 91
1694415881889 0.8336049613234331 92
1694415881915 0.8293217659708296 93
1694415881942 0.825056347189883 94
1694415881968 0.8208608360216574 95
1694415881995 0.8167526304880031 96
1694415882022 0.8127733986345936 97
1694415882048 0.8088201435904461 98
1694415882082 0.8048780162362543 99
1694415882105 0.8048780162362543 100
