1694416999864 1.9112559708306016 0
1694416999896 1.874921114145196 1
1694417000118 1.8420563924212048 2
1694417000239 1.8104302335875366 3
1694417000278 1.7807909723099322 4
1694417000313 1.7523693454119451 5
1694417000345 1.7256789309932479 6
1694417000377 1.7002696761228009 7
1694417000408 1.675533048762924 8
1694417000482 1.652075670673125 9
1694417000640 1.62929157105139 10
1694417000675 1.6075080341345855 11
1694417000709 1.5863146803010502 12
1694417000748 1.565990996771489 13
1694417000781 1.5463117985547976 14
1694417000948 1.5274009805526911 15
1694417000977 1.5087165595684287 16
1694417001001 1.4908607470585264 17
1694417001026 1.4735261253239045 18
1694417001050 1.4565848639000682 19
1694417001075 1.4405003527272329 20
1694417001101 1.4244690709162704 21
1694417001128 1.4089654058178316 22
1694417001156 1.3938859672965627 23
1694417001184 1.3790751474994862 24
1694417001209 1.364702393145773 25
1694417001236 1.3505486792144343 26
1694417001260 1.33662319411213 27
1694417001288 1.3230397452074953 28
1694417001315 1.3099312423843747 29
1694417001345 1.2972204328005552 30
1694417001370 1.2846402468952056 31
1694417001396 1.272290509675846 32
1694417001421 1.2603801393942367 33
1694417001451 1.2486699404780877 34
1694417001477 1.2372145898843234 35
1694417001507 1.2259230816822837 36
1694417001537 1.2149289440079014 37
1694417001570 1.204289835563015 38
1694417001624 1.1937752305110656 39
1694417001653 1.1833800736601565 40
1694417001765 1.173195933081948 41
1694417001793 1.1634330402767596 42
1694417001819 1.153603549990022 43
1694417001859 1.144027150281406 44
1694417001886 1.1346302145200973 45
1694417001912 1.1253626972579254 46
1694417001941 1.1163356366020276 47
1694417001966 1.1073460967606459 48
1694417001990 1.098695684580064 49
1694417002016 1.0901929249927578 50
1694417002046 1.0818996138058432 51
1694417002073 1.0736837106364572 52
1694417002097 1.0656240754984876 53
1694417002124 1.0577601491515785 54
1694417002151 1.0500078982901229 55
1694417002177 1.042295372382858 56
1694417002202 1.034798394896923 57
1694417002227 1.0273136257954323 58
1694417002253 1.0199992935902626 59
1694417002277 1.0128580827274436 60
1694417002308 1.0057898373571295 61
1694417002333 0.9988779247605227 62
1694417002360 0.9921373822529641 63
1694417002386 0.9853346129458661 64
1694417002415 0.9788019473556859 65
1694417002440 0.9723358387153778 66
1694417002466 0.9659981039660447 67
1694417002504 0.9598126508969407 68
1694417002529 0.9537381903550085 69
1694417002554 0.947699675746616 70
1694417002583 0.9417380870511188 71
1694417002643 0.9357912876929957 72
1694417002672 0.9300171780927167 73
1694417002698 0.9242615469747087 74
1694417002727 0.9186106838544417 75
1694417002757 0.9129957036630951 76
1694417002784 0.9076192738170239 77
1694417002814 0.9022719175852616 78
1694417002839 0.8969984070210648 79
1694417002864 0.891832994982057 80
1694417002890 0.8867508072415241 81
1694417002915 0.8817336850953323 82
1694417002940 0.8767487157345409 83
1694417002968 0.8719152013705104 84
1694417002993 0.8670866270438045 85
1694417003018 0.8622621853665896 86
1694417003044 0.8576276090928977 87
1694417003071 0.8530637179395252 88
1694417003096 0.8485400404949353 89
1694417003123 0.8440285496655682 90
1694417003148 0.8396225898511278 91
1694417003177 0.8353314226732471 92
1694417003202 0.8311089869650063 93
1694417003231 0.8268689724434505 94
1694417003256 0.8226805539300934 95
1694417003283 0.8185501604076554 96
1694417003308 0.8146285795827596 97
1694417003333 0.8107224423052756 98
1694417003359 0.8067542038378359 99
1694417003388 0.8028752058238998 100
1694417003414 0.7990225455297728 101
1694417003440 0.7952939324620671 102
1694417003465 0.7915306130605368 103
1694417003494 0.7878732231737853 104
1694417003519 0.7842382921348013 105
1694417003545 0.7807343658304232 106
1694417003572 0.777233779571029 107
1694417003598 0.7736581249297599 108
1694417003652 0.7701606009516033 109
1694417003676 0.7667609167130939 110
1694417003701 0.7633508932172709 111
1694417003732 0.7600510589339327 112
1694417003764 0.7568531233444965 113
1694417003794 0.7536200176824699 114
1694417003827 0.7504124382718063 115
1694417003930 0.7473337738634885 116
1694417003959 0.7442834496019186 117
1694417003985 0.7411767466462388 118
1694417004010 0.7381648847647838 119
1694417004034 0.7352009644431339 120
1694417004060 0.7322262399404028 121
1694417004087 0.7293624113497013 122
1694417004112 0.7264583545316339 123
1694417004157 0.7235956755330187 124
1694417004186 0.7207688382904404 125
1694417004217 0.717961342586622 126
1694417004244 0.7152436811533367 127
1694417004270 0.7125007816796027 128
1694417004296 0.7098449726279864 129
1694417004321 0.707123982946933 130
1694417004346 0.7044975852274138 131
1694417004372 0.7019220222101108 132
1694417004401 0.6994692036142657 133
1694417004427 0.6969150422911226 134
1694417004453 0.6944422178426597 135
1694417004480 0.6919668200599238 136
1694417004507 0.689527180178457 137
1694417004534 0.6870524320862772 138
1694417004559 0.6846650012560627 139
1694417004585 0.6822757523167892 140
1694417004611 0.6799266362424146 141
1694417004674 0.6776454370330645 142
1694417004698 0.675362571332608 143
1694417004722 0.6731398303975977 144
1694417004752 0.6709290886391949 145
1694417004776 0.6688034194643651 146
1694417004801 0.6665719575528996 147
1694417004826 0.6643957307316107 148
1694417004855 0.6622870997826421 149
1694417004880 0.6601633569159744 150
1694417004905 0.6580937736518693 151
1694417004930 0.6560681738653614 152
1694417004955 0.6540939409467352 153
1694417004980 0.652052694257225 154
1694417005005 0.6500386087402854 155
1694417005031 0.6480602383838054 156
1694417005056 0.646106449590132 157
1694417005084 0.6442097554193374 158
1694417005109 0.6422849679085009 159
1694417005135 0.6403848467772943 160
1694417005163 0.6384494477247251 161
1694417005196 0.6365760892744141 162
1694417005221 0.6347001687465283 163
1694417005255 0.6328998491099482 164
1694417005280 0.6311201140873586 165
1694417005308 0.6293398032137478 166
1694417005333 0.6275971798696552 167
1694417005358 0.6258514099339293 168
1694417005384 0.6240755896748768 169
1694417005411 0.6224013801893987 170
1694417005438 0.6207222727749103 171
1694417005464 0.6190475751630488 172
1694417005491 0.617387877917698 173
1694417005519 0.615710443057812 174
1694417005546 0.6140498341843573 175
1694417005573 0.612420627255488 176
1694417005600 0.610755476447719 177
1694417005627 0.6091308009445936 178
1694417005681 0.6075354866770443 179
1694417005705 0.6059750384545838 180
1694417005731 0.6044278559475651 181
1694417005759 0.602886229295652 182
1694417005785 0.6013594708408717 183
1694417005810 0.5998471013510986 184
1694417005835 0.5983763356889927 185
1694417005875 0.5968529243943451 186
1694417005898 0.5953725929270506 187
1694417006017 0.5939286974172128 188
1694417006045 0.5924354874478625 189
1694417006070 0.5910149026005124 190
1694417006095 0.5895384854500432 191
1694417006121 0.5881343713812031 192
1694417006145 0.5867425213673622 193
1694417006170 0.5853260347320792 194
1694417006195 0.5839251054327644 195
1694417006221 0.5825971516403678 196
1694417006247 0.5812611622936026 197
1694417006274 0.5799365182128259 198
1694417006298 0.5786244752519232 199
1694417006323 0.5773046464878712 200
1694417006347 0.5760083977740521 201
1694417006372 0.5746532741883099 202
1694417006397 0.5733723143404679 203
1694417006421 0.5720661789172963 204
1694417006446 0.5708094829103985 205
1694417006471 0.5695910890743053 206
1694417006497 0.5683539314143063 207
1694417006522 0.5671148670416747 208
1694417006550 0.5659068780209169 209
1694417006577 0.5647055629206401 210
1694417006603 0.5635100725348278 211
1694417006628 0.5623114964917549 212
1694417006654 0.5611528872481564 213
1694417006717 0.559969931301887 214
1694417006742 0.5588173328710199 215
1694417006768 0.5576865712604022 216
1694417006796 0.5565532071516801 217
1694417006821 0.5554003748159918 218
1694417006846 0.5542775267746635 219
1694417006872 0.5531751655341871 220
1694417006898 0.5520983434743888 221
1694417006922 0.5509551570222407 222
1694417006947 0.5498688900596286 223
1694417006971 0.5487982125466154 224
1694417006998 0.547746339094922 225
1694417007023 0.5466571994033568 226
1694417007049 0.5455365280211433 227
1694417007074 0.5445206470995766 228
1694417007099 0.5434705882951936 229
1694417007125 0.5424239241166302 230
1694417007151 0.5414236188363393 231
1694417007176 0.5404580974053402 232
1694417007202 0.5394422537975574 233
1694417007227 0.5384672039145212 234
1694417007251 0.5374693699427042 235
1694417007275 0.536498727759355 236
1694417007300 0.5355019797969491 237
1694417007328 0.5345267312155079 238
1694417007353 0.5335271618332109 239
1694417007378 0.5325912114986732 240
1694417007405 0.5316279658276717 241
1694417007429 0.5307056508966685 242
1694417007456 0.529774763037218 243
1694417007480 0.5288412700927513 244
1694417007504 0.527896038394233 245
1694417007529 0.5269403661725784 246
1694417007554 0.5260484848436728 247
1694417007581 0.5251237854541525 248
1694417007605 0.5242335255507296 249
1694417007631 0.5233121360327385 250
1694417007658 0.5224021622854949 251
1694417007691 0.521496658746834 252
1694417007737 0.5206498740529405 253
1694417007762 0.5197561015877461 254
1694417007787 0.5188908285197477 255
1694417007812 0.5180071379046508 256
1694417007841 0.5171494577630789 257
1694417007868 0.5163013823396211 258
1694417007893 0.5154612495299776 259
1694417007917 0.5146201758503737 260
1694417007942 0.5137865509050284 261
1694417007967 0.5129745322844227 262
1694417007991 0.5121576494776309 263
1694417008105 0.5113389790733099 264
1694417008135 0.5105183682209089 265
1694417008161 0.5097174134875715 266
1694417008186 0.5089138259146291 267
1694417008217 0.5080949532830714 268
1694417008244 0.5072738640833651 269
1694417008269 0.5065009796665693 270
1694417008449 0.5056973597853706 271
1694417008473 0.5049185668444083 272
1694417008500 0.504147990335949 273
1694417008524 0.5033866657123641 274
1694417008548 0.5025859053636743 275
1694417008571 0.5018512388943899 276
1694417008596 0.5010933343878247 277
1694417008620 0.5003048132493695 278
1694417008644 0.4995595937514664 279
1694417008670 0.4988138999340487 280
1694417008694 0.4980946555114534 281
1694417008756 0.4973525345785103 282
1694417008780 0.4965946029565147 283
1694417008803 0.4958949741936955 284
1694417008831 0.49517277013666094 285
1694417008855 0.49444243373140384 286
1694417008883 0.49369876749317415 287
1694417008907 0.4929301090260985 288
1694417008932 0.492200800334014 289
1694417008955 0.4914879953527306 290
1694417008979 0.49078459432476423 291
1694417009004 0.4900830027180312 292
1694417009029 0.48940816538599285 293
1694417009054 0.488715099090848 294
1694417009079 0.48802952288549006 295
1694417009103 0.487371603979221 296
1694417009128 0.48669903719538193 297
1694417009154 0.4860206453898192 298
1694417009179 0.48534881568701743 299
1694417009204 0.4846687344996419 300
1694417009227 0.48401363724637503 301
1694417009252 0.48336600133219465 302
1694417009278 0.4827007072175321 303
1694417009302 0.4820411280564249 304
1694417009327 0.48138529120227286 305
1694417009355 0.4807209628058872 306
1694417009380 0.4800780671599243 307
1694417009407 0.4794533958322319 308
1694417009433 0.4788039791686721 309
1694417009458 0.47815873504154793 310
1694417009483 0.4775391523957989 311
1694417009507 0.4769220757021474 312
1694417009532 0.4762682013492606 313
1694417009558 0.4756472005039645 314
1694417009583 0.47500331005290486 315
1694417009607 0.4743738501085424 316
1694417009633 0.47375621568022225 317
1694417009658 0.47314829982755674 318
1694417009683 0.47252373338951165 319
1694417009710 0.47192883369666605 320
1694417009760 0.4713431477882293 321
1694417009784 0.4707636732134204 322
1694417009811 0.4701665428873053 323
1694417009835 0.4695464845481406 324
1694417009861 0.4689570208315613 325
1694417009896 0.4683483184313723 326
1694417009923 0.4677798570255471 327
1694417009947 0.46721606112492853 328
1694417009972 0.46661083970424505 329
1694417009996 0.4660537232833843 330
1694417010021 0.4654546509918578 331
1694417010047 0.4648570227428851 332
1694417010073 0.4642678622109258 333
1694417010234 0.46366159967709786 334
1694417010258 0.4630980110489205 335
1694417010282 0.46250575497142854 336
1694417010307 0.4619779894053383 337
1694417010330 0.46141627203780006 338
1694417010355 0.46081479280413074 339
1694417010379 0.4602379526210239 340
1694417010405 0.45966483936050473 341
1694417010430 0.45913806130457063 342
1694417010456 0.45861132981024555 343
1694417010481 0.45809770792031085 344
1694417010509 0.4575589825344083 345
1694417010534 0.456997631745123 346
1694417010558 0.45645067054868127 347
1694417010584 0.45590591884102655 348
1694417010609 0.4553374043790956 349
1694417010633 0.4548003663073729 350
1694417010658 0.4542920406514396 351
1694417010683 0.4538042097112651 352
1694417010711 0.45328492217194455 353
1694417010739 0.45274995266108303 354
1694417010800 0.45224897073455517 355
1694417010825 0.45172323479923876 356
1694417010850 0.4512119161901448 357
1694417010878 0.4506854074711454 358
1694417010904 0.45017939225957365 359
1694417010928 0.4496585755519253 360
1694417010952 0.44913197309391345 361
1694417010977 0.44859958580951426 362
1694417011001 0.4481256901438071 363
1694417011027 0.4475876042496517 364
1694417011052 0.4471157326289561 365
1694417011078 0.446556301008997 366
1694417011103 0.44606320672304794 367
1694417011128 0.44559016412679636 368
1694417011153 0.44509158596788057 369
1694417011178 0.4446077454373779 370
1694417011203 0.4441076254114167 371
1694417011228 0.44361453717549765 372
1694417011254 0.4431393816940736 373
1694417011278 0.442687584670938 374
1694417011304 0.4422220898668917 375
1694417011328 0.44172488751367495 376
1694417011351 0.4412838803803402 377
1694417011375 0.44079983407797413 378
1694417011407 0.4403178609474728 379
1694417011430 0.4398283346461863 380
1694417011454 0.43932419446500537 381
1694417011479 0.4388115316324854 382
1694417011504 0.43834559538836765 383
1694417011528 0.43788330236953193 384
1694417011553 0.4374376008694341 385
1694417011577 0.4369909666869237 386
1694417011602 0.4365277980453178 387
1694417011628 0.43606539335807165 388
1694417011652 0.43563359577512756 389
1694417011677 0.4351835922970179 390
1694417011701 0.43475841116214375 391
1694417011727 0.4343128160168002 392
1694417011758 0.4338778927986217 393
1694417011798 0.43342876412736253 394
1694417011821 0.43298423231455274 395
1694417011846 0.4325270877952861 396
1694417011869 0.4320528036495229 397
1694417011893 0.43159519322551526 398
1694417011924 0.43115379771296947 399
1694417011952 0.4306764263728828 400
1694417011976 0.43021173211097374 401
1694417012001 0.4297340074494944 402
1694417012027 0.4292546204407214 403
1694417012052 0.4288137249501151 404
1694417012077 0.4284069446351257 405
1694417012103 0.4279863241485781 406
1694417012127 0.42756987203907787 407
1694417012152 0.4271106459283934 408
1694417012269 0.4266738054280741 409
1694417012298 0.42625281421758937 410
1694417012322 0.42576826209322743 411
1694417012347 0.4253778670889294 412
1694417012371 0.4249679662532865 413
1694417012399 0.4245276521048944 414
1694417012425 0.42407025412753224 415
1694417012449 0.423663118776266 416
1694417012475 0.4232447517940673 417
1694417012513 0.4228063265159064 418
1694417012537 0.42238316923605784 419
1694417012561 0.4219629646018557 420
1694417012585 0.4215377177084133 421
1694417012610 0.42107989531418905 422
1694417012634 0.42065341212433893 423
1694417012660 0.4202300056511062 424
1694417012684 0.41982619023029916 425
1694417012708 0.41938274637608036 426
1694417012732 0.41898932333001415 427
1694417012757 0.41856537177478054 428
1694417012781 0.4181542546672857 429
1694417012845 0.4177082485274509 430
1694417012869 0.41732345887335914 431
1694417012893 0.41690537394380967 432
1694417012923 0.4164855138522907 433
1694417012947 0.4160907011769826 434
1694417012972 0.41567552425636295 435
1694417012995 0.41527940516431655 436
1694417013019 0.41489055812955444 437
1694417013043 0.4144814667985798 438
1694417013067 0.4140996458356546 439
1694417013091 0.41371363884650175 440
1694417013116 0.4133199553439188 441
1694417013140 0.4129172015428257 442
1694417013167 0.4125160663147511 443
1694417013196 0.41209184574176316 444
1694417013221 0.4116855030155464 445
1694417013246 0.41130454273323724 446
1694417013272 0.4109187549250506 447
1694417013298 0.41053096686590573 448
1694417013321 0.4101653901978716 449
1694417013345 0.4097750100052836 450
1694417013371 0.409396824176833 451
1694417013395 0.40902500141713294 452
1694417013420 0.40863957655022765 453
1694417013453 0.40824824121051356 454
1694417013477 0.40789065296797505 455
1694417013504 0.40752641438733794 456
1694417013528 0.40717205782203636 457
1694417013552 0.40684215625621273 458
1694417013575 0.40647394863540776 459
1694417013599 0.4061008321991046 460
1694417013624 0.405735969682569 461
1694417013650 0.40534616629535763 462
1694417013675 0.4049795637384927 463
1694417013726 0.4046028213123869 464
1694417013750 0.4042309387167745 465
1694417013775 0.4038612901410458 466
1694417013825 0.4035008792774365 467
1694417013848 0.40312789453191095 468
1694417013872 0.4028060420376472 469
1694417013896 0.4024470653092047 470
1694417013935 0.40208666334105436 471
1694417013960 0.40171435199053546 472
1694417013985 0.4013538760595598 473
1694417014009 0.4009626628535546 474
1694417014034 0.40062043578103684 475
1694417014059 0.40026221158200137 476
1694417014083 0.399902143147978 477
1694417014108 0.3995608402477469 478
1694417014133 0.39921438037040596 479
1694417014158 0.39885075574917545 480
1694417014185 0.39848587961474435 481
1694417014214 0.39815271674350705 482
1694417014237 0.3978273093033187 483
1694417014328 0.39744450505568324 484
1694417014366 0.3971008683985879 485
1694417014397 0.3967470365437988 486
1694417014420 0.396423184663112 487
1694417014445 0.39604379106830884 488
1694417014469 0.39571239668241054 489
1694417014493 0.39533478529119886 490
1694417014517 0.39498566625612314 491
1694417014543 0.39465419888481784 492
1694417014566 0.39430409347172507 493
1694417014591 0.39397183518410434 494
1694417014616 0.39362807327035637 495
1694417014641 0.3932832684067351 496
1694417014668 0.39296515354678174 497
1694417014694 0.39262956327340415 498
1694417014719 0.3923265593792767 499
1694417014745 0.3919808811156997 500
1694417014771 0.39163709594410867 501
1694417014797 0.3912947267283544 502
1694417014822 0.3909560794944066 503
1694417014847 0.3906137645060336 504
1694417014905 0.3902951831914659 505
1694417014931 0.3899388741715925 506
1694417014954 0.38960920608509064 507
1694417014983 0.38927599715934214 508
1694417015007 0.3889429794059004 509
1694417015031 0.38861331678442473 510
1694417015056 0.38827996376496127 511
1694417015079 0.38796292468342475 512
1694417015105 0.38763362645798544 513
1694417015129 0.3872995151289251 514
1694417015153 0.3869860640323338 515
1694417015177 0.3866850297384675 516
1694417015204 0.38634953104892683 517
1694417015234 0.38600744111461965 518
1694417015258 0.38570028921974026 519
1694417015281 0.3853905365341367 520
1694417015307 0.3850657842782648 521
1694417015331 0.38472687395223226 522
1694417015357 0.3844141715345417 523
1694417015381 0.38407794966837633 524
1694417015408 0.3837383443528349 525
1694417015434 0.38340265368499504 526
1694417015459 0.3830791049491719 527
1694417015483 0.38276078930083884 528
1694417015511 0.38242799174160486 529
1694417015536 0.38210235292872113 530
1694417015562 0.38180730060766704 531
1694417015586 0.38150404559074846 532
1694417015610 0.38117764466821186 533
1694417015634 0.3808417301457839 534
1694417015659 0.3805681546872409 535
1694417015685 0.3802344572566123 536
1694417015709 0.37993028270307744 537
1694417015733 0.37961851269813235 538
1694417015757 0.37930429782999076 539
1694417015783 0.37900808135897723 540
1694417015808 0.3786816089269622 541
1694417015859 0.3783562582558858 542
1694417015883 0.37805311991570734 543
1694417015907 0.37778511093287714 544
1694417015930 0.37747357133467796 545
1694417015960 0.3771477945710026 546
1694417015985 0.37682573713961426 547
1694417016010 0.37649451798376055 548
1694417016035 0.37618534468266474 549
1694417016060 0.37587554803855605 550
1694417016083 0.3755683736160763 551
1694417016119 0.37522855516781717 552
1694417016155 0.3749239691323453 553
1694417016189 0.37462670135635173 554
1694417016226 0.37434430288662157 555
1694417016262 0.3740450111050753 556
1694417016289 0.3737431920027422 557
1694417016315 0.373439038382315 558
1694417016341 0.37312123639350336 559
1694417016477 0.37281623059962815 560
1694417016504 0.37253771067742264 561
1694417016533 0.3722289768724826 562
1694417016564 0.3719309613341997 563
1694417016589 0.3716686076420719 564
1694417016612 0.37137873553986617 565
1694417016646 0.3710902760977745 566
1694417016673 0.3708106317103287 567
1694417016698 0.3704987104947524 568
1694417016724 0.3701871278245168 569
1694417016753 0.369887716048039 570
1694417016790 0.369583268245 571
1694417016826 0.3692786126190331 572
1694417016859 0.3689888404144015 573
1694417016884 0.36873938396187017 574
1694417016948 0.3684240657224399 575
1694417016973 0.36810094103183516 576
1694417016997 0.36780946042937274 577
1694417017059 0.3675249174404672 578
1694417017091 0.36724377532582786 579
1694417017206 0.3669456070391396 580
1694417017233 0.36666491407882873 581
1694417017261 0.3663690059353504 582
1694417017288 0.3660396437807973 583
1694417017313 0.3657641387548004 584
1694417017341 0.3654769185163419 585
1694417017371 0.36517539315509195 586
1694417017409 0.3648982129685747 587
1694417017470 0.3646315908400852 588
1694417017501 0.3643599366603447 589
1694417017543 0.36407301777511225 590
1694417017575 0.3637775526394939 591
1694417017600 0.3634813848236239 592
1694417017626 0.3631782559045392 593
1694417017653 0.36286822999161317 594
1694417017677 0.3625772388762306 595
1694417017702 0.36230793112467014 596
1694417017727 0.3619957831574913 597
1694417017760 0.3617162435072371 598
1694417017798 0.36141233371032583 599
1694417017823 0.3611644695837028 600
1694417017849 0.36090234954600314 601
1694417017904 0.3606293525084992 602
1694417017942 0.3603963762257512 603
1694417017968 0.36010709407692587 604
1694417018015 0.3598323038742564 605
1694417018044 0.35951567982958665 606
1694417018076 0.3592382964256714 607
1694417018106 0.35895142721748124 608
1694417018138 0.35869078752341094 609
1694417018165 0.3584268461617013 610
1694417018194 0.35816069462711025 611
1694417018224 0.35791440752713427 612
1694417018361 0.35767632830425133 613
1694417018391 0.3574101116604573 614
1694417018421 0.3571700177555987 615
1694417018502 0.35690144562234916 616
1694417018557 0.35664905251756496 617
1694417018583 0.35636481015735527 618
1694417018607 0.35610879302892945 619
1694417018634 0.35583079873716034 620
1694417018658 0.35557363065594816 621
1694417018683 0.3553033304042147 622
1694417018709 0.3550230117305137 623
1694417018744 0.3547373937389653 624
1694417018771 0.3544461964095448 625
1694417018806 0.3541547848613242 626
1694417018835 0.3538974327652483 627
1694417018864 0.3536253306036004 628
1694417018892 0.35336381203520967 629
1694417018921 0.35308298652306247 630
1694417018998 0.35284193710116435 631
1694417019024 0.3525799281561674 632
1694417019052 0.35228143368073594 633
1694417019089 0.3520080071887121 634
1694417019113 0.3517453620426629 635
1694417019140 0.35145776415709934 636
1694417019164 0.35120371056447053 637
1694417019188 0.35094413674471586 638
1694417019218 0.3506899080886829 639
1694417019242 0.35041872210314556 640
1694417019273 0.3501472075276673 641
1694417019297 0.34987844028627435 642
1694417019321 0.34962034099475575 643
1694417019348 0.3493442826010085 644
1694417019371 0.34909645069966816 645
1694417019397 0.3488279088832171 646
1694417019699 0.34861740314649886 647
1694417020142 0.3483250379088732 648
1694417020171 0.3480751218263761 649
1694417020199 0.34781882807616094 650
1694417020237 0.34756105444660956 651
1694417020272 0.347283009041932 652
1694417020306 0.34702704052930144 653
1694417020338 0.3467826122410556 654
1694417020374 0.3465072597850654 655
1694417020409 0.34624788879354884 656
1694417020462 0.3460317168967788 657
1694417020489 0.3457715928365782 658
1694417020516 0.3455127258213831 659
1694417020613 0.3452355542029338 660
1694417020659 0.3449812855788389 661
1694417020684 0.3446850059332383 662
1694417020709 0.3444428594884446 663
1694417020753 0.34419849638263855 664
1694417020779 0.3439384757025484 665
1694417020806 0.343675501284636 666
1694417020834 0.3434107481011685 667
1694417020862 0.3431621404850088 668
1694417020889 0.34290946270006367 669
1694417020924 0.34266454094033844 670
1694417020951 0.3424126604284179 671
1694417021014 0.3421566824555197 672
1694417021039 0.34190411456503894 673
1694417021063 0.34165729106319315 674
1694417021090 0.34139112491223583 675
1694417021114 0.3411759875993758 676
1694417021142 0.3409181217470685 677
1694417021172 0.34068017082522334 678
1694417021196 0.3404312003915091 679
1694417021219 0.3402082976520896 680
1694417021255 0.33997450381922295 681
1694417021283 0.3397184435305076 682
1694417021307 0.33946538834042495 683
1694417021331 0.3392496184735151 684
1694417021356 0.3390055907732601 685
1694417021382 0.338746805563767 686
1694417021408 0.33853661609982405 687
1694417021433 0.33829487280354104 688
1694417021458 0.33802530403621533 689
1694417021482 0.33780325808105816 690
1694417021507 0.33756886258208557 691
1694417021531 0.3373123038276361 692
1694417021555 0.3370744192753881 693
1694417021579 0.33682573339744254 694
1694417021606 0.33658895680024514 695
1694417021631 0.33636352177842027 696
1694417021658 0.3361246591155281 697
1694417021682 0.33590510020162284 698
1694417021713 0.3356363356827782 699
1694417021738 0.33538570640691184 700
1694417021763 0.3351562406859777 701
1694417021793 0.33488008781242085 702
1694417021820 0.3346568877404888 703
1694417021845 0.33440999733643667 704
1694417021871 0.33416757813629294 705
1694417021908 0.33391897703636253 706
1694417021932 0.33367794810032625 707
1694417021991 0.33344548362611676 708
1694417022020 0.33318459590205063 709
1694417022043 0.3329664816024648 710
1694417022070 0.33270694819261537 711
1694417022096 0.332465166204109 712
1694417022129 0.33223109755593155 713
1694417022156 0.331987090512655 714
1694417022180 0.3317493346145188 715
1694417022204 0.33152566995997257 716
1694417022228 0.3312798971904246 717
1694417022253 0.33103762082056415 718
1694417022278 0.3308030211265725 719
1694417022310 0.33054050355754877 720
1694417022334 0.3303096761485767 721
1694417022361 0.33006119027843667 722
1694417022386 0.3298103759135573 723
1694417022412 0.3295919447715714 724
1694417022439 0.3293620838395285 725
1694417022464 0.32913290917045657 726
1694417022489 0.3289210126391695 727
1694417022536 0.3286743794226534 728
1694417022558 0.32844301204761306 729
1694417022583 0.32823170081694686 730
1694417022608 0.3279810856503151 731
1694417022723 0.32775650555981334 732
1694417022748 0.3275404674051532 733
1694417022773 0.3273112172113444 734
1694417022797 0.3270914798367319 735
1694417022821 0.3268661718933263 736
1694417022844 0.3266546674906987 737
1694417022870 0.32642502410576796 738
1694417022897 0.3262009066016162 739
1694417022921 0.32598082721879035 740
1694417022945 0.32573841398722225 741
1694417022970 0.3255222770157759 742
1694417022996 0.3252957217275008 743
1694417023062 0.32506163863323584 744
1694417023085 0.32482534664917434 745
1694417023109 0.3245918651928879 746
1694417023137 0.3243705737999828 747
1694417023160 0.32414271103967407 748
1694417023186 0.32389820835865385 749
1694417023214 0.32368263642001976 750
1694417023238 0.3234596042006783 751
1694417023262 0.32321517404530337 752
1694417023285 0.3229908071708139 753
1694417023311 0.32276259563011206 754
1694417023336 0.32256549895286357 755
1694417023359 0.3223186121644951 756
1694417023383 0.32210187880064983 757
1694417023409 0.3218792637389061 758
1694417023435 0.32165497748310445 759
1694417023459 0.3214332535059124 760
1694417023484 0.3212114795192644 761
1694417023511 0.3210135002021352 762
1694417023536 0.3208161831480164 763
1694417023562 0.3205885396481316 764
1694417023592 0.32037208300013886 765
1694417023618 0.32013205587308724 766
1694417023646 0.31992223891890625 767
1694417023674 0.3197290401819444 768
1694417023700 0.3195045332165132 769
1694417023725 0.31928594130092774 770
1694417023752 0.31906215738081145 771
1694417023784 0.31884641526483676 772
1694417023809 0.31865570898720696 773
1694417023835 0.3184361350583168 774
1694417023864 0.31820165190033767 775
1694417023891 0.3179732382972863 776
1694417023919 0.3177618236233466 777
1694417023945 0.31757482927485176 778
1694417023972 0.31735152193139204 779
1694417024025 0.31715849251824957 780
1694417024048 0.31694050686510844 781
1694417024072 0.3167464698013845 782
1694417024096 0.3165230641574852 783
1694417024124 0.3163218217545584 784
1694417024151 0.31610868584866236 785
1694417024175 0.31590061775527256 786
1694417024200 0.3156808156588057 787
1694417024224 0.3154729887976575 788
1694417024247 0.3152645716054026 789
1694417024275 0.31506304351525083 790
1694417024298 0.3148742860804132 791
1694417024322 0.3146730281962736 792
1694417024346 0.3144460166760144 793
1694417024372 0.31422591181350834 794
1694417024395 0.31402384859198856 795
1694417024420 0.31383229616888697 796
1694417024445 0.31362226449550656 797
1694417024470 0.3134280542442269 798
1694417024494 0.31321679253623586 799
1694417024518 0.3130081163659015 800
1694417024543 0.31280078031827185 801
1694417024567 0.3125720022161838 802
1694417024593 0.31236068811083834 803
1694417024617 0.3121705163036533 804
1694417024648 0.31194196485959963 805
1694417024672 0.31172811906858994 806
1694417024767 0.31151465545674295 807
1694417024855 0.31128291476416897 808
1694417024879 0.31110161232143785 809
1694417024909 0.31088341170346034 810
1694417024933 0.310661092373514 811
1694417024957 0.3104379785385073 812
1694417024980 0.31024653697356686 813
1694417025003 0.31002625346951845 814
1694417025029 0.3098273535584358 815
1694417025051 0.30960917462267823 816
1694417025131 0.3094102260385447 817
1694417025156 0.30918450851645185 818
1694417025187 0.3089644238797547 819
1694417025209 0.30877054672199994 820
1694417025235 0.30858439923773684 821
1694417025260 0.30837077442068167 822
1694417025284 0.30814512586701354 823
1694417025311 0.30794186761561165 824
1694417025336 0.3077271197688374 825
1694417025358 0.30754495572419055 826
1694417025383 0.30733623732998944 827
1694417025409 0.30710341950650244 828
1694417025433 0.30689285128950156 829
1694417025465 0.3066843867056549 830
1694417025489 0.3065143408903094 831
1694417025514 0.30630091667407494 832
1694417025538 0.3061137890825148 833
1694417025564 0.30593103083774664 834
1694417025596 0.3057356319973194 835
1694417025623 0.30553399737009956 836
1694417025646 0.30535876501118586 837
1694417025670 0.3051650016833547 838
1694417025704 0.30495522230141686 839
1694417025729 0.304724634159904 840
1694417025752 0.30453235321928424 841
1694417025776 0.3043345180249197 842
1694417025806 0.3041243000883 843
1694417025828 0.30391913730592984 844
1694417025854 0.3037143717864034 845
1694417025876 0.3035229492276523 846
1694417025901 0.3032987021266199 847
1694417025925 0.3031220469041483 848
1694417025957 0.3029224894798782 849
1694417025986 0.30271424614448 850
1694417026010 0.30251123627236287 851
1694417026061 0.302301916594671 852
1694417026085 0.302114116714567 853
1694417026108 0.30191692502294953 854
1694417026134 0.3017259434502976 855
1694417026159 0.3015107764757297 856
1694417026183 0.30131126984354006 857
1694417026205 0.3010865823797693 858
1694417026228 0.30091467910903613 859
1694417026252 0.3007035070415309 860
1694417026275 0.30050439783425814 861
1694417026300 0.3002934223443535 862
1694417026324 0.3000823755078633 863
1694417026348 0.29988338272936793 864
1694417026372 0.2997356332998103 865
1694417026406 0.2995261888721919 866
1694417026434 0.29932389355985856 867
1694417026459 0.29914348010192987 868
1694417026489 0.29896006773994477 869
1694417026515 0.29877183109165917 870
1694417026541 0.29859870293573815 871
1694417026568 0.29839067528719493 872
1694417026594 0.2981630444173356 873
1694417026621 0.2979752746068327 874
1694417026643 0.29780211113793337 875
1694417026669 0.29761707552725436 876
1694417026692 0.29741794948413725 877
1694417026719 0.297208750812729 878
1694417026828 0.29702548052256145 879
1694417026863 0.29683921740982033 880
1694417027057 0.2966506841921195 881
1694417027098 0.2964678212866036 882
1694417027178 0.29625437137121574 883
1694417027209 0.29605701722654854 884
1694417027239 0.29585919253985576 885
1694417027273 0.29565659592163623 886
1694417027302 0.2954749701940156 887
1694417027325 0.2952918064408186 888
1694417027353 0.29511748277310373 889
1694417027378 0.29495561418680205 890
1694417027403 0.2947579540423345 891
1694417027428 0.2945539465153014 892
1694417027454 0.29435886352649493 893
1694417027478 0.29417967806030376 894
1694417027502 0.2940104748806441 895
1694417027530 0.293821515525879 896
1694417027553 0.2936522845525602 897
1694417027578 0.29347557230941623 898
1694417027603 0.2932973152485776 899
1694417027626 0.29311259776925125 900
1694417027650 0.29292549583118593 901
1694417027675 0.2927335594121065 902
1694417027709 0.2925614970605382 903
1694417027747 0.29239980339433147 904
1694417027782 0.2922229729547985 905
1694417027808 0.29201158057631965 906
1694417027836 0.29183429023556207 907
1694417027874 0.2916461236638084 908
1694417027905 0.291454599806872 909
1694417027930 0.29125886877450213 910
1694417027955 0.29107651178995275 911
1694417027980 0.2909186655343954 912
1694417028004 0.2907453213412257 913
1694417028030 0.29057081192026946 914
1694417028071 0.2903908356802531 915
1694417028120 0.2902374439574544 916
1694417028147 0.29006870951009933 917
1694417028171 0.2898927843038778 918
1694417028196 0.2897091808230422 919
1694417028220 0.2895389207153767 920
1694417028243 0.2893515598681525 921
1694417028269 0.2891852293774239 922
1694417028298 0.28900903945513395 923
1694417028325 0.28884321930383605 924
1694417028352 0.288661359554801 925
1694417028382 0.2884868631484356 926
1694417028415 0.2882932385725053 927
1694417028442 0.2881199451755273 928
1694417028467 0.2879319645685974 929
1694417028491 0.2877551306029838 930
1694417028515 0.28760049513398867 931
1694417028542 0.2874114748157957 932
1694417028567 0.2872332518793336 933
1694417028593 0.2870529408638758 934
1694417028619 0.28685964920264945 935
1694417028648 0.286659506135242 936
1694417028676 0.28647874887732844 937
1694417028706 0.28630081555762077 938
1694417028742 0.28614020625151265 939
1694417028784 0.2859607228120144 940
1694417028810 0.28577997044938497 941
1694417028838 0.2855875083805999 942
1694417028867 0.2854037776599007 943
1694417028892 0.28520433748185003 944
1694417028919 0.28503972307596076 945
1694417029053 0.2848754066869608 946
1694417029080 0.28471610046869994 947
1694417029107 0.2845210637611571 948
1694417029136 0.2843357595050549 949
1694417029159 0.2841471053917124 950
1694417029224 0.28397581426951735 951
1694417029249 0.28382441684131715 952
1694417029275 0.28364499675158045 953
1694417029304 0.28344811267711256 954
1694417029331 0.2832584553363956 955
1694417029355 0.28308737298935355 956
1694417029489 0.28290673103028585 957
1694417029513 0.28274261058120054 958
1694417029591 0.2825718876110476 959
1694417029628 0.28239764489091146 960
1694417029823 0.28223509639352046 961
1694417029870 0.2820637576071699 962
1694417029928 0.2818808319799077 963
1694417029964 0.2816999705342161 964
1694417030010 0.28154278169326935 965
1694417030044 0.28135866220681516 966
1694417030079 0.2811884901054352 967
1694417030144 0.2810159010755561 968
1694417030261 0.280854115766546 969
1694417030289 0.2806891224389807 970
1694417030326 0.2805184584408905 971
1694417030352 0.28032048077417526 972
1694417030380 0.28014626229860284 973
1694417030409 0.2799612340204245 974
1694417030492 0.27978964281878616 975
1694417030519 0.2795913387184072 976
1694417030548 0.2794103427411946 977
1694417030572 0.27925102514366146 978
1694417030599 0.2790734893522732 979
1694417030622 0.2788995676046107 980
1694417030645 0.27871780600222273 981
1694417030669 0.278564623731232 982
1694417030694 0.27840022840823686 983
1694417030723 0.27822668167810266 984
1694417030748 0.27806195342240914 985
1694417030773 0.2778915970366494 986
1694417030796 0.2777252186040909 987
1694417030823 0.27754766439119366 988
1694417030850 0.27738867392457406 989
1694417030878 0.27722263232919137 990
1694417030902 0.2770522669671441 991
1694417030927 0.27689267648753907 992
1694417030954 0.27670148393369864 993
1694417030981 0.27652678727501545 994
1694417031013 0.27635368010406464 995
1694417031125 0.2761857866311894 996
1694417031154 0.2760112211182063 997
1694417031177 0.27583477071218354 998
1694417031201 0.27566379363948573 999
1694417031269 0.27549224993732385 1000
1694417031296 0.27533380587203476 1001
1694417031324 0.2751656710261891 1002
1694417031355 0.2749948269516188 1003
1694417031380 0.2748337710592597 1004
1694417031406 0.27465981513811033 1005
1694417031443 0.2744874641622053 1006
1694417031477 0.2742998618726456 1007
1694417031506 0.27414035912947077 1008
1694417031532 0.27398057412836896 1009
1694417031558 0.27381578785684674 1010
1694417031583 0.27363563299479293 1011
1694417031609 0.27345985886825763 1012
1694417031634 0.2732854835298871 1013
1694417031658 0.2731189541318288 1014
1694417031682 0.272937620132179 1015
1694417031706 0.27276856304259056 1016
1694417031732 0.27260530518285536 1017
1694417031759 0.27243544706556655 1018
1694417031784 0.2722578209189129 1019
1694417031808 0.2720927848567441 1020
1694417031832 0.27194005815172384 1021
1694417031860 0.2717654572315039 1022
1694417031885 0.2715822472301236 1023
1694417031911 0.27141190748890204 1024
1694417031936 0.2712456055543433 1025
1694417031962 0.2710663572786868 1026
1694417031987 0.2709034913208535 1027
1694417032012 0.270738923966191 1028
1694417032036 0.2705665765059867 1029
1694417032061 0.27041923496610587 1030
1694417032086 0.27023219850103813 1031
1694417032110 0.27007459858451666 1032
1694417032137 0.26990780535075737 1033
1694417032187 0.26975700159012095 1034
1694417032210 0.2695655019396203 1035
1694417032238 0.26937775885478676 1036
1694417032261 0.26921368675226126 1037
1694417032286 0.2690500923730152 1038
1694417032313 0.26888239904959627 1039
1694417032339 0.26872105301775995 1040
1694417032364 0.26857884810079324 1041
1694417032389 0.26842032811949773 1042
1694417032412 0.2682640447417207 1043
1694417032440 0.26811413376911036 1044
1694417032464 0.26793525205653307 1045
1694417032488 0.26778326223455845 1046
1694417032568 0.26760738868880835 1047
1694417032590 0.26745870845310155 1048
1694417032613 0.2672990642982939 1049
1694417032642 0.2671437251816011 1050
1694417032666 0.26697563590874795 1051
1694417032691 0.2668164376713012 1052
1694417032714 0.26666476489700125 1053
1694417032743 0.266495524514552 1054
1694417032768 0.2663452696130701 1055
1694417032792 0.2661854039237388 1056
1694417032817 0.2660150114333603 1057
1694417032845 0.26586739984619184 1058
1694417032874 0.2657069061487191 1059
1694417033060 0.26555957632931615 1060
1694417033084 0.2654006339597883 1061
1694417033134 0.2652496569971727 1062
1694417033229 0.2650798408977558 1063
1694417033294 0.26494794946156397 1064
1694417033322 0.26479397092383206 1065
1694417033345 0.2646224554350603 1066
1694417033375 0.2644485278571604 1067
1694417033398 0.264291215043258 1068
1694417033422 0.2641477669038729 1069
1694417033448 0.2639911602960436 1070
1694417033476 0.263829739420479 1071
1694417033507 0.26367949012142006 1072
1694417033599 0.26353369434604085 1073
1694417033624 0.26338639094853084 1074
1694417033651 0.2632411463072696 1075
1694417033674 0.26308327147081545 1076
1694417033696 0.26293528462007265 1077
1694417033726 0.2627724041123077 1078
1694417033749 0.2626178648723642 1079
1694417033771 0.26244218231069 1080
1694417033796 0.26229167788189456 1081
1694417033819 0.2621408379339029 1082
1694417033842 0.2619802995966581 1083
1694417033867 0.26180520816887665 1084
1694417033893 0.2616514628647312 1085
1694417033917 0.26148465504947416 1086
1694417033943 0.26136556830166435 1087
1694417033971 0.26120134789989885 1088
1694417034010 0.2610431675277065 1089
1694417034036 0.26088807111379664 1090
1694417034061 0.2607434661071184 1091
1694417034086 0.2606026750133294 1092
1694417034111 0.2604482682053491 1093
1694417034137 0.2603007965879208 1094
1694417034166 0.2601610730036578 1095
1694417034290 0.2600068645268942 1096
1694417034339 0.25984563746809347 1097
1694417034371 0.2597041846354235 1098
1694417034409 0.25953710157994275 1099
1694417034442 0.25938350975280206 1100
1694417034475 0.2592404678423951 1101
1694417034508 0.25908847991543016 1102
1694417034540 0.258964620259996 1103
1694417034579 0.2588304123710948 1104
1694417034613 0.25867294357031906 1105
1694417034637 0.25850671808405273 1106
1694417034662 0.2583673672865703 1107
1694417034688 0.25820458561634857 1108
1694417034713 0.2580325864980924 1109
1694417034739 0.25788984926606656 1110
1694417034764 0.2577295826073272 1111
1694417034792 0.2575816461725502 1112
1694417034821 0.25741788918324904 1113
1694417034848 0.2572784676910772 1114
1694417034881 0.25715164726606626 1115
1694417034914 0.25699086362302676 1116
1694417034938 0.25683598556524284 1117
1694417034963 0.2566763962431384 1118
1694417034987 0.2565586837503487 1119
1694417035012 0.2564101816372236 1120
1694417035037 0.25624817482319723 1121
1694417035063 0.2560978128195123 1122
1694417035089 0.2559527403355694 1123
1694417035118 0.2557942573248593 1124
1694417035145 0.2556475869631215 1125
1694417035178 0.25551138584208916 1126
1694417035212 0.25536022844807726 1127
1694417035364 0.25522886704594294 1128
1694417035388 0.2550863162793827 1129
1694417035412 0.2549390249805526 1130
1694417035438 0.25477774066881004 1131
1694417035468 0.2546237166963593 1132
1694417035496 0.25448177122823445 1133
1694417035522 0.25433427614162835 1134
1694417035553 0.2541846387436137 1135
1694417035580 0.2540409071742121 1136
1694417035608 0.253895792359262 1137
1694417035637 0.25375461622327533 1138
1694417035664 0.25360939283607037 1139
1694417035692 0.25346154465478526 1140
1694417035716 0.25332538660973086 1141
1694417035744 0.253180335192613 1142
1694417035769 0.25303291675083905 1143
1694417035796 0.25285465201744856 1144
1694417035821 0.25268655370721227 1145
1694417035847 0.2525407220637701 1146
1694417035910 0.25240770373384197 1147
1694417035932 0.2522543127890287 1148
1694417035957 0.25213792596524726 1149
1694417035984 0.2520115596561561 1150
1694417036009 0.25186788519378617 1151
1694417036033 0.2517155596782452 1152
1694417036056 0.2515854914900943 1153
1694417036080 0.2514224297086682 1154
1694417036104 0.2512806230266115 1155
1694417036129 0.2511334239561397 1156
1694417036152 0.2509905968337939 1157
1694417036179 0.2508355302893238 1158
1694417036203 0.25069295822544674 1159
1694417036251 0.25054136944241895 1160
1694417036273 0.2503933656733266 1161
1694417036298 0.25023776302255346 1162
1694417036327 0.250084539565672 1163
1694417036350 0.24994586185759862 1164
1694417036377 0.24979187990209573 1165
1694417036405 0.24963201630528306 1166
1694417036430 0.24949572734665923 1167
1694417036454 0.2493455668157167 1168
1694417036478 0.24919567790141003 1169
1694417036505 0.24905021678565042 1170
1694417036530 0.2489026167858652 1171
1694417036554 0.248775955406136 1172
1694417036579 0.24861805388418068 1173
1694417036604 0.24847008833985904 1174
1694417036627 0.24832445674606937 1175
1694417036652 0.24817621047836094 1176
1694417036674 0.2480327052779179 1177
1694417036698 0.24788863115744697 1178
1694417036722 0.24774504575541317 1179
1694417036748 0.24759124271105307 1180
1694417036774 0.24744329904445123 1181
1694417036808 0.24729592977297551 1182
1694417036834 0.2471352721242718 1183
1694417036859 0.24699810034698993 1184
1694417036885 0.24686500940005812 1185
1694417036910 0.24672423705987057 1186
1694417036934 0.24658019913221238 1187
1694417036962 0.24645964048924657 1188
1694417036991 0.24632583847848 1189
1694417037018 0.24619831826376995 1190
1694417037044 0.2460726415462031 1191
1694417037069 0.2459365018308388 1192
1694417037104 0.24578520203598012 1193
1694417037130 0.24563938253289913 1194
1694417037157 0.2454857825083536 1195
1694417037184 0.24535357886231543 1196
1694417037210 0.2452090885195668 1197
1694417037234 0.24507762587301168 1198
1694417037573 0.24494746343306578 1199
1694417037595 0.24479609230626098 1200
1694417037629 0.24466105532448315 1201
1694417037654 0.24453501000798092 1202
1694417037678 0.24439572871985174 1203
1694417037701 0.24425327324616636 1204
1694417037724 0.24410635637691866 1205
1694417037748 0.24396426214264957 1206
1694417037773 0.2438276972384883 1207
1694417037805 0.2436886905923017 1208
1694417037829 0.24354315901933224 1209
1694417037851 0.2434122501035763 1210
1694417037877 0.24325536662718691 1211
1694417037942 0.24310943255821324 1212
1694417037966 0.2429767974998029 1213
1694417037996 0.24282061444322162 1214
1694417038031 0.24267621413746773 1215
1694417038054 0.24253939547132 1216
1694417038079 0.24239048866008286 1217
1694417038104 0.24224948965682322 1218
1694417038127 0.24211962503420129 1219
1694417038152 0.24200197138865184 1220
1694417038177 0.24186959556254028 1221
1694417038203 0.24171190906013454 1222
1694417038227 0.24156382056703915 1223
1694417038249 0.24145049340025643 1224
1694417038299 0.24132727512211385 1225
1694417038326 0.24120041696486122 1226
1694417038349 0.2410587118456498 1227
1694417038374 0.24092567920480362 1228
1694417038398 0.24079608808513028 1229
1694417038425 0.2406725622224148 1230
1694417038451 0.2405482691562576 1231
1694417038475 0.24042453708267691 1232
1694417038499 0.24028795903540323 1233
1694417038527 0.24014612221296458 1234
1694417038553 0.24003129176719154 1235
1694417038577 0.2398899789562666 1236
1694417038601 0.23974301303954562 1237
1694417038623 0.23960233546974077 1238
1694417038647 0.23946565326953315 1239
1694417038669 0.23932577755341206 1240
1694417038694 0.2391880445875884 1241
1694417038721 0.2390438710144128 1242
1694417038746 0.2389202080841563 1243
1694417038772 0.2387704296005286 1244
1694417038799 0.23861900937832814 1245
1694417038824 0.23848871957364431 1246
1694417038848 0.23835812599355022 1247
1694417038875 0.23822753204614794 1248
1694417038901 0.23809246035916604 1249
1694417038924 0.23796292611327782 1250
1694417038949 0.23781327573375527 1251
1694417038974 0.2376801722136121 1252
1694417038999 0.23754603771029778 1253
1694417039027 0.23739224639565185 1254
1694417039060 0.23725572918388155 1255
1694417039086 0.23712390056451227 1256
1694417039111 0.2369948627459995 1257
1694417039136 0.2368476701893346 1258
1694417039170 0.23671612445553974 1259
1694417039200 0.23658257935445498 1260
1694417039226 0.23643973986743388 1261
1694417039252 0.23630663058721765 1262
1694417039284 0.23616955093424175 1263
1694417039308 0.23605630732934296 1264
1694417039334 0.2359415268664018 1265
1694417039369 0.2357885300884401 1266
1694417039395 0.23565251981883226 1267
1694417039424 0.23552656130659272 1268
1694417039451 0.2354139657058835 1269
1694417039482 0.2352834736170473 1270
1694417039512 0.235136306808322 1271
1694417039601 0.23499660988142396 1272
1694417039624 0.23486073539468377 1273
1694417039651 0.234738010409638 1274
1694417039675 0.2346199474726425 1275
1694417039702 0.23447832369033533 1276
1694417039725 0.23435026478506168 1277
1694417039750 0.23422935098019043 1278
1694417039774 0.23409837359994728 1279
1694417039797 0.23396205274977244 1280
1694417039822 0.2338392707675933 1281
1694417039846 0.23370215037066733 1282
1694417039870 0.2335939639227712 1283
1694417039895 0.2334991564871239 1284
1694417039921 0.23336074292050898 1285
1694417039945 0.233266371916082 1286
1694417040022 0.23315619510988542 1287
1694417040044 0.2330155128817238 1288
1694417040070 0.23287798643354968 1289
1694417040101 0.23274387290010656 1290
1694417040125 0.23260568549332686 1291
1694417040154 0.2324869070311078 1292
1694417040184 0.23234181504242146 1293
1694417040362 0.23220570187380285 1294
1694417040394 0.23208752808255942 1295
1694417040424 0.23195307883912336 1296
1694417040458 0.23180980396641526 1297
1694417040488 0.23169051656446754 1298
1694417040523 0.23156278316210827 1299
1694417040557 0.2314120409911502 1300
1694417040592 0.23128990651324333 1301
1694417040623 0.23117809420380261 1302
1694417040652 0.23103805818693382 1303
1694417040679 0.23092866213502702 1304
1694417040713 0.23080376372788614 1305
1694417040738 0.23068341330091577 1306
1694417040767 0.23055383212381989 1307
1694417040792 0.2304200912764913 1308
1694417040828 0.2302922120960077 1309
1694417040856 0.23015265584709996 1310
1694417040880 0.2300201297129449 1311
1694417040911 0.2298871325890443 1312
1694417040938 0.22974364575815026 1313
1694417040964 0.22961418549194337 1314
1694417040992 0.22948829344389454 1315
1694417041019 0.22936125279796543 1316
1694417041043 0.22923811466453975 1317
1694417041075 0.2291125833188672 1318
1694417041102 0.22898058879285055 1319
1694417041129 0.22884299337194017 1320
1694417041160 0.22872443645562723 1321
1694417041190 0.22859986395965398 1322
1694417041224 0.22845811003909475 1323
1694417041249 0.22832409620903757 1324
1694417041278 0.22819790003650328 1325
1694417041302 0.22807397426058187 1326
1694417041340 0.22794573536451274 1327
1694417041366 0.22782470042029254 1328
1694417041398 0.22769884974067883 1329
1694417041428 0.2275707023740629 1330
1694417041457 0.22745653794114779 1331
1694417041489 0.22732011917594988 1332
1694417041517 0.227187822196615 1333
1694417041546 0.22707157304941003 1334
1694417041573 0.22694205043922813 1335
1694417041693 0.22681454520370897 1336
1694417041724 0.22668412780276664 1337
1694417041752 0.22655821740889864 1338
1694417041777 0.22643660629551904 1339
1694417041810 0.2263120722230787 1340
1694417041836 0.22617477378212786 1341
1694417041864 0.22605791856498178 1342
1694417041892 0.2259183852661374 1343
1694417041921 0.22579606627484386 1344
1694417041951 0.22567418802089928 1345
1694417041980 0.2255585774529784 1346
1694417042045 0.22543092649279098 1347
1694417042072 0.22530498089141687 1348
1694417042107 0.22518725877781012 1349
1694417042140 0.22504046830944713 1350
1694417042169 0.22491322107685077 1351
1694417042195 0.22480784935821047 1352
1694417042225 0.22467699025646143 1353
1694417042253 0.22456769236132668 1354
1694417042281 0.2244438367978327 1355
1694417042307 0.2243259875500344 1356
1694417042335 0.22419743178718887 1357
1694417042392 0.22408625010411404 1358
1694417042422 0.2239511276076074 1359
1694417042447 0.2238329125865833 1360
1694417042477 0.22370915351165283 1361
1694417042505 0.223596215832785 1362
1694417042547 0.2234776626637159 1363
1694417042573 0.22335389001983014 1364
1694417042597 0.2232247509666812 1365
1694417042635 0.2231191748140283 1366
1694417042662 0.22299903902804352 1367
1694417042689 0.22287628652541433 1368
1694417042722 0.22274089577857356 1369
1694417042747 0.2226115006381578 1370
1694417042774 0.22249277146977578 1371
1694417042802 0.22237280872548237 1372
1694417042827 0.22224375996556658 1373
1694417042859 0.22211380213434506 1374
1694417042882 0.2220082750913266 1375
1694417042912 0.22187636607748082 1376
1694417042939 0.22174791895108606 1377
1694417042968 0.22163724141280602 1378
1694417042996 0.22151643438917057 1379
1694417043026 0.2214128987479541 1380
1694417043052 0.22130458088852265 1381
1694417043078 0.22118941068746772 1382
1694417043127 0.2210675180850967 1383
1694417043157 0.22094259264504848 1384
1694417043186 0.22080968508287283 1385
1694417043216 0.22069155467355092 1386
1694417043241 0.22056277485887932 1387
1694417043280 0.22045208889137916 1388
1694417043308 0.2203356161185686 1389
1694417043338 0.22021465186617215 1390
1694417043364 0.22009425650666856 1391
1694417043395 0.21997055657784714 1392
1694417043422 0.21985398308001713 1393
1694417043452 0.219748512026077 1394
1694417043481 0.2196149672211368 1395
1694417043511 0.21948759595523168 1396
1694417043540 0.21938166293516256 1397
1694417043571 0.21927597987253203 1398
1694417043600 0.21916061006685686 1399
1694417043626 0.21903443052635554 1400
1694417043712 0.21893072334660227 1401
1694417043963 0.2188079467066669 1402
1694417043990 0.21867496860122243 1403
1694417044130 0.21854632593054504 1404
1694417044162 0.21842240101935376 1405
1694417044192 0.21830626814810083 1406
1694417044218 0.21819347368377526 1407
1694417044246 0.21806887457450652 1408
1694417044282 0.2179478849684407 1409
1694417044308 0.21782425427189908 1410
1694417044339 0.2177205817445641 1411
1694417044380 0.21761388781369354 1412
1694417044438 0.21749923195633547 1413
1694417044463 0.21739664350339327 1414
1694417044491 0.21727057701499708 1415
1694417044519 0.21714925008455302 1416
1694417044542 0.2170302441958865 1417
1694417044567 0.21691203385802793 1418
1694417044593 0.21678575119817953 1419
1694417044640 0.21667278320765473 1420
1694417044664 0.21655951209223007 1421
1694417044691 0.21643983631576488 1422
1694417044715 0.2163180033563365 1423
1694417044739 0.21621118746499812 1424
1694417044774 0.21609350009732498 1425
1694417044812 0.21597190369479394 1426
1694417044841 0.215858664112496 1427
1694417044874 0.21574297818942686 1428
1694417044902 0.21562799810807157 1429
1694417044931 0.21550383968326245 1430
1694417044956 0.21538167608349412 1431
1694417044979 0.2152680721632792 1432
1694417045005 0.21514772959018247 1433
1694417045036 0.2150332371098719 1434
1694417045065 0.21492126639419176 1435
1694417045095 0.21479656091573332 1436
1694417045125 0.21468924577351872 1437
1694417045159 0.2145698039196037 1438
1694417045187 0.21446275849453805 1439
1694417045214 0.21435438683076277 1440
1694417045246 0.21422556048429292 1441
1694417045277 0.2141194695486629 1442
1694417045302 0.21401089868496645 1443
1694417045324 0.21391351506028652 1444
1694417045348 0.21380461149399288 1445
1694417045373 0.21368980650017166 1446
1694417045400 0.21356683066854154 1447
1694417045428 0.21346420097385504 1448
1694417045457 0.21336560553697909 1449
1694417045487 0.21324783325912772 1450
1694417045512 0.21313296193223638 1451
1694417045539 0.21301448881496152 1452
1694417045563 0.2129055352192411 1453
1694417045590 0.2127893993607338 1454
1694417045614 0.21268065571951322 1455
1694417045645 0.21255435874249035 1456
1694417045691 0.21244032371101332 1457
1694417045719 0.2123354610329978 1458
1694417045745 0.21220490969726288 1459
1694417045771 0.21209040118339514 1460
1694417045807 0.21198738850924076 1461
1694417045920 0.21188197516123666 1462
1694417045950 0.21177817667056642 1463
1694417045976 0.21166871012046495 1464
1694417046000 0.21155814145673524 1465
1694417046032 0.2114334355122472 1466
1694417046058 0.21130056481760612 1467
1694417046180 0.21118886807825094 1468
1694417046222 0.21107528223376473 1469
1694417046252 0.21096741453283185 1470
1694417046280 0.21086880418262 1471
1694417046393 0.21074404077576403 1472
1694417046432 0.21064255318657238 1473
1694417046488 0.21051466849164988 1474
1694417046523 0.21038958921327505 1475
1694417046789 0.21028373205010942 1476
1694417047124 0.21017190758029278 1477
1694417047174 0.21005084455275147 1478
1694417047206 0.20994177407993428 1479
1694417047239 0.20983821236781505 1480
1694417047269 0.20972387531583672 1481
1694417047297 0.20961682212983054 1482
1694417047327 0.20949530821406886 1483
1694417047476 0.20937982802257712 1484
1694417047519 0.20928300268667108 1485
1694417047557 0.2091521246709426 1486
1694417047589 0.20904903251064422 1487
1694417047678 0.20894669631534907 1488
1694417047716 0.20885434951950815 1489
1694417047748 0.2087318003844563 1490
1694417047778 0.2086235177167258 1491
1694417047811 0.2085088974729891 1492
1694417047841 0.2083979145831082 1493
1694417047871 0.20829043214498477 1494
1694417048123 0.2081718528901711 1495
1694417048202 0.20806321897736338 1496
1694417048231 0.2079516669663462 1497
1694417048286 0.2078428305326048 1498
1694417048322 0.20772981547665093 1499
1694417048742 0.2078428305326048 1500
