1694358814030 1.9112559708306016 0
1694358814099 1.874921114145196 1
1694358814123 1.8420563924212046 2
1694358814169 1.8104302335875366 3
1694358814204 1.7807909723099322 4
1694358814232 1.7523693454119451 5
1694358814258 1.7256789309932483 6
1694358814282 1.7002696761228009 7
1694358814311 1.6755330487629243 8
1694358814336 1.652075670673125 9
1694358814363 1.6292915710513904 10
1694358814393 1.6075080341345855 11
1694358814422 1.5863146803010502 12
1694358814447 1.565990996771489 13
1694358814475 1.5463117985547976 14
1694358814502 1.5274009805526911 15
1694358814529 1.5087165595684287 16
1694358814554 1.4908607470585264 17
1694358814637 1.4735261253239047 18
1694358814736 1.4565848639000682 19
1694358814760 1.4405003527272329 20
1694358814790 1.4244690709162704 21
1694358814817 1.4089654058178318 22
1694358815425 1.3938859672965627 23
1694358816108 1.3790751474994862 24
1694358817346 1.364702393145773 25
1694358818210 1.3505486792144346 26
1694358818398 1.33662319411213 27
1694358819119 1.3230397452074953 28
1694358819727 1.3099312423843747 29
1694358820481 1.2972204328005554 30
1694358820666 1.2846402468952056 31
1694358820700 1.272290509675846 32
1694358820727 1.2603801393942364 33
1694358820754 1.2486699404780877 34
1694358820782 1.2372145898843232 35
1694358820810 1.2259230816822837 36
1694358820839 1.2149289440079016 37
1694358820936 1.204289835563015 38
1694358821033 1.1937752305110658 39
1694358821064 1.1833800736601565 40
1694358821092 1.1731959330819481 41
1694358821116 1.1634330402767594 42
1694358821169 1.153603549990022 43
1694358821195 1.144027150281406 44
1694358821226 1.1346302145200973 45
1694358821256 1.1253626972579254 46
1694358821284 1.1163356366020276 47
1694358821314 1.1073460967606459 48
1694358821340 1.098695684580064 49
1694358821368 1.0901929249927578 50
1694358821397 1.0818996138058434 51
1694358821430 1.0736837106364572 52
1694358821457 1.0656240754984876 53
1694358821487 1.0577601491515785 54
1694358821515 1.0500078982901229 55
1694358821542 1.042295372382858 56
1694358821567 1.0347983948969228 57
1694358821593 1.0273136257954323 58
1694358821622 1.0199992935902624 59
1694358821649 1.0128580827274436 60
1694358821675 1.0057898373571295 61
1694358821699 0.9988779247605225 62
1694358821730 0.9921373822529641 63
1694358821767 0.9853346129458661 64
1694358821821 0.9788019473556858 65
1694358821849 0.9723358387153778 66
1694358821878 0.9659981039660447 67
1694358821920 0.9598126508969407 68
1694358821944 0.9537381903550084 69
1694358821969 0.947699675746616 70
1694358822001 0.9417380870511186 71
1694358822025 0.9357912876929957 72
1694358822054 0.9300171780927164 73
1694358822078 0.9242615469747085 74
1694358822104 0.9186106838544417 75
1694358822130 0.9129957036630951 76
1694358822157 0.9076192738170238 77
1694358822183 0.9022719175852614 78
1694358822253 0.8969984070210648 79
1694358822278 0.8918329949820568 80
1694358822305 0.886750807241524 81
1694358822333 0.8817336850953323 82
1694358822362 0.8767487157345409 83
1694358822388 0.8719152013705104 84
1694358822414 0.8670866270438045 85
1694358822440 0.8622621853665896 86
1694358822467 0.8576276090928977 87
1694358822494 0.8530637179395251 88
1694358822519 0.8485400404949354 89
1694358822547 0.8440285496655682 90
1694358822573 0.8396225898511278 91
1694358822598 0.8353314226732471 92
1694358822624 0.8311089869650063 93
1694358822650 0.8268689724434503 94
1694358822675 0.8226805539300933 95
1694358822702 0.8185501604076555 96
1694358822732 0.8146285795827596 97
1694358822764 0.8107224423052756 98
1694358822801 0.8067542038378359 99
1694358822880 0.8028752058239 100
1694358822906 0.7990225455297728 101
1694358822935 0.7952939324620671 102
1694358822961 0.7915306130605368 103
1694358822993 0.7878732231737853 104
1694358823023 0.7842382921348013 105
1694358823081 0.7807343658304232 106
1694358823126 0.777233779571029 107
1694358823151 0.7736581249297599 108
1694358823179 0.7701606009516033 109
1694358823204 0.7667609167130939 110
1694358823235 0.7633508932172709 111
1694358823260 0.7600510589339327 112
1694358823288 0.7568531233444967 113
1694358823313 0.7536200176824699 114
1694358823338 0.7504124382718064 115
1694358823364 0.7473337738634888 116
1694358823390 0.7442834496019186 117
1694358823423 0.7411767466462388 118
1694358823454 0.7381648847647836 119
1694358823479 0.7352009644431339 120
1694358823507 0.7322262399404029 121
1694358823534 0.7293624113497013 122
1694358823558 0.7264583545316339 123
1694358823583 0.7235956755330186 124
1694358823609 0.7207688382904404 125
1694358823636 0.717961342586622 126
1694358823666 0.7152436811533368 127
1694358823691 0.7125007816796027 128
1694358823715 0.7098449726279864 129
1694358823745 0.707123982946933 130
1694358823772 0.7044975852274138 131
1694358823798 0.7019220222101108 132
1694358823825 0.6994692036142656 133
1694358823850 0.6969150422911224 134
1694358823879 0.6944422178426597 135
1694358823908 0.6919668200599238 136
1694358823936 0.689527180178457 137
1694358823966 0.6870524320862772 138
1694358823994 0.6846650012560628 139
1694358824021 0.6822757523167892 140
1694358824047 0.6799266362424146 141
1694358824074 0.6776454370330645 142
1694358824100 0.6753625713326081 143
1694358824125 0.6731398303975978 144
1694358824154 0.6709290886391946 145
1694358824180 0.6688034194643652 146
1694358824209 0.6665719575528996 147
1694358824280 0.6643957307316107 148
1694358824308 0.6622870997826421 149
1694358824334 0.6601633569159744 150
1694358824372 0.6580937736518694 151
1694358824396 0.6560681738653614 152
1694358824421 0.6540939409467352 153
1694358824449 0.6520526942572249 154
1694358824474 0.6500386087402854 155
1694358824503 0.6480602383838056 156
1694358824528 0.646106449590132 157
1694358824555 0.6442097554193374 158
1694358824580 0.642284967908501 159
1694358824607 0.6403848467772943 160
1694358824631 0.6384494477247252 161
1694358824657 0.6365760892744141 162
1694358824682 0.6347001687465283 163
1694358824707 0.6328998491099482 164
1694358824737 0.6311201140873585 165
1694358824763 0.6293398032137478 166
1694358824790 0.6275971798696552 167
1694358824816 0.6258514099339292 168
1694358824843 0.6240755896748768 169
1694358824868 0.6224013801893987 170
1694358824895 0.6207222727749103 171
1694358824922 0.6190475751630486 172
1694358824948 0.617387877917698 173
1694358824973 0.6157104430578122 174
1694358825003 0.6140498341843573 175
1694358825030 0.6124206272554881 176
1694358825057 0.610755476447719 177
1694358825085 0.6091308009445937 178
1694358825110 0.6075354866770443 179
1694358825144 0.6059750384545839 180
1694358825172 0.6044278559475652 181
1694358825280 0.602886229295652 182
1694358825308 0.6013594708408717 183
1694358825332 0.5998471013510986 184
1694358825358 0.5983763356889926 185
1694358825384 0.5968529243943451 186
1694358825408 0.5953725929270506 187
1694358825433 0.5939286974172128 188
1694358825459 0.5924354874478625 189
1694358825486 0.5910149026005124 190
1694358825511 0.5895384854500432 191
1694358825542 0.5881343713812031 192
1694358825570 0.5867425213673622 193
1694358825596 0.5853260347320792 194
1694358825622 0.5839251054327644 195
1694358825649 0.5825971516403678 196
1694358825675 0.5812611622936026 197
1694358825701 0.5799365182128259 198
1694358825733 0.5786244752519233 199
1694358825759 0.577304646487871 200
1694358825785 0.576008397774052 201
1694358825815 0.5746532741883098 202
1694358825841 0.5733723143404679 203
1694358825865 0.5720661789172962 204
1694358825892 0.5708094829103985 205
1694358825918 0.5695910890743054 206
1694358825945 0.5683539314143063 207
1694358825971 0.5671148670416746 208
1694358825997 0.5659068780209168 209
1694358826024 0.5647055629206401 210
1694358826049 0.5635100725348278 211
1694358826078 0.5623114964917549 212
1694358826108 0.5611528872481564 213
1694358826134 0.559969931301887 214
1694358826159 0.5588173328710198 215
1694358826185 0.5576865712604022 216
1694358826210 0.5565532071516802 217
1694358826241 0.5554003748159919 218
1694358826324 0.5542775267746636 219
1694358826349 0.5531751655341871 220
1694358826374 0.5520983434743888 221
1694358826398 0.5509551570222407 222
1694358826422 0.5498688900596286 223
1694358826448 0.5487982125466154 224
1694358826475 0.547746339094922 225
1694358826500 0.5466571994033567 226
1694358826525 0.5455365280211432 227
1694358826551 0.5445206470995766 228
1694358826577 0.5434705882951936 229
1694358826607 0.5424239241166302 230
1694358826632 0.5414236188363393 231
1694358826657 0.5404580974053402 232
1694358826684 0.5394422537975575 233
1694358826710 0.5384672039145212 234
1694358826740 0.5374693699427041 235
1694358826766 0.536498727759355 236
1694358826793 0.5355019797969491 237
1694358826818 0.534526731215508 238
1694358826844 0.533527161833211 239
1694358826870 0.5325912114986733 240
1694358826899 0.5316279658276716 241
1694358826923 0.5307056508966684 242
1694358826948 0.529774763037218 243
1694358826973 0.5288412700927513 244
1694358826998 0.5278960383942332 245
1694358827025 0.5269403661725783 246
1694358827050 0.5260484848436727 247
1694358827076 0.5251237854541525 248
1694358827104 0.5242335255507296 249
1694358827131 0.5233121360327386 250
1694358827156 0.5224021622854949 251
1694358827182 0.5214966587468342 252
1694358827206 0.5206498740529406 253
1694358827246 0.519756101587746 254
1694358827272 0.5188908285197478 255
1694358827370 0.5180071379046508 256
1694358827396 0.5171494577630789 257
1694358827425 0.5163013823396211 258
1694358827460 0.5154612495299776 259
1694358827486 0.5146201758503736 260
1694358827512 0.5137865509050286 261
1694358827540 0.5129745322844227 262
1694358827566 0.5121576494776309 263
1694358827591 0.5113389790733099 264
1694358827616 0.5105183682209089 265
1694358827642 0.5097174134875716 266
1694358827671 0.5089138259146291 267
1694358827696 0.5080949532830714 268
1694358827727 0.5072738640833651 269
1694358827753 0.5065009796665694 270
1694358827778 0.5056973597853706 271
1694358827804 0.5049185668444083 272
1694358827829 0.504147990335949 273
1694358827855 0.503386665712364 274
1694358827880 0.5025859053636743 275
1694358827907 0.5018512388943899 276
1694358827935 0.5010933343878248 277
1694358827961 0.5003048132493695 278
1694358827986 0.4995595937514664 279
1694358828011 0.4988138999340487 280
1694358828037 0.49809465551145327 281
1694358828062 0.4973525345785102 282
1694358828088 0.4965946029565147 283
1694358828112 0.4958949741936955 284
1694358828137 0.49517277013666094 285
1694358828162 0.49444243373140373 286
1694358828190 0.49369876749317404 287
1694358828215 0.49293010902609835 288
1694358828246 0.49220080033401403 289
1694358828270 0.4914879953527306 290
1694358828334 0.4907845943247642 291
1694358828373 0.4900830027180312 292
1694358828398 0.48940816538599285 293
1694358828424 0.488715099090848 294
1694358828450 0.4880295228854901 295
1694358828475 0.48737160397922097 296
1694358828500 0.48669903719538193 297
1694358828524 0.4860206453898192 298
1694358828550 0.48534881568701743 299
1694358828575 0.4846687344996419 300
1694358828599 0.48401363724637503 301
1694358828624 0.48336600133219465 302
1694358828649 0.482700707217532 303
1694358828675 0.4820411280564249 304
1694358828701 0.48138529120227286 305
1694358828732 0.4807209628058872 306
1694358828758 0.4800780671599241 307
1694358828782 0.4794533958322319 308
1694358828808 0.47880397916867207 309
1694358828833 0.4781587350415479 310
1694358828857 0.477539152395799 311
1694358828882 0.4769220757021475 312
1694358828908 0.4762682013492606 313
1694358828938 0.4756472005039645 314
1694358828963 0.4750033100529048 315
1694358828987 0.4743738501085424 316
1694358829013 0.47375621568022225 317
1694358829040 0.47314829982755674 318
1694358829065 0.47252373338951165 319
1694358829090 0.4719288336966661 320
1694358829115 0.4713431477882292 321
1694358829142 0.4707636732134204 322
1694358829168 0.47016654288730536 323
1694358829192 0.4695464845481406 324
1694358829215 0.4689570208315613 325
1694358829248 0.46834831843137226 326
1694358829273 0.46777985702554714 327
1694358829297 0.4672160611249286 328
1694358829321 0.46661083970424505 329
1694358829344 0.4660537232833843 330
1694358829380 0.4654546509918578 331
1694358829440 0.46485702274288515 332
1694358829466 0.4642678622109258 333
1694358829520 0.46366159967709786 334
1694358829545 0.4630980110489204 335
1694358829570 0.46250575497142854 336
1694358829599 0.4619779894053383 337
1694358829624 0.46141627203780006 338
1694358829648 0.46081479280413074 339
1694358829674 0.46023795262102385 340
1694358829700 0.45966483936050473 341
1694358829729 0.45913806130457063 342
1694358829756 0.45861132981024555 343
1694358829783 0.45809770792031085 344
1694358829809 0.4575589825344083 345
1694358829835 0.456997631745123 346
1694358829861 0.4564506705486812 347
1694358829886 0.45590591884102666 348
1694358829911 0.4553374043790956 349
1694358829938 0.4548003663073729 350
1694358829963 0.4542920406514396 351
1694358829988 0.4538042097112651 352
1694358830013 0.45328492217194455 353
1694358830041 0.4527499526610832 354
1694358830065 0.45224897073455517 355
1694358830095 0.4517232347992388 356
1694358830124 0.4512119161901448 357
1694358830154 0.4506854074711454 358
1694358830181 0.4501793922595735 359
1694358830206 0.4496585755519253 360
1694358830236 0.44913197309391345 361
1694358830264 0.44859958580951426 362
1694358830289 0.4481256901438071 363
1694358830344 0.4475876042496517 364
1694358830399 0.447115732628956 365
1694358830426 0.446556301008997 366
1694358830452 0.44606320672304794 367
1694358830479 0.44559016412679636 368
1694358830503 0.44509158596788057 369
1694358830527 0.44460774543737785 370
1694358830551 0.44410762541141674 371
1694358830576 0.44361453717549765 372
1694358830602 0.4431393816940736 373
1694358830626 0.44268758467093805 374
1694358830650 0.4422220898668918 375
1694358830673 0.44172488751367495 376
1694358830698 0.4412838803803402 377
1694358830726 0.44079983407797424 378
1694358830759 0.4403178609474728 379
1694358830785 0.4398283346461863 380
1694358830812 0.43932419446500537 381
1694358830843 0.43881153163248543 382
1694358830869 0.43834559538836765 383
1694358830893 0.43788330236953193 384
1694358830920 0.4374376008694341 385
1694358830946 0.4369909666869237 386
1694358830973 0.4365277980453177 387
1694358831002 0.4360653933580716 388
1694358831027 0.43563359577512756 389
1694358831054 0.4351835922970179 390
1694358831080 0.43475841116214375 391
1694358831107 0.4343128160168002 392
1694358831132 0.4338778927986217 393
1694358831160 0.43342876412736253 394
1694358831183 0.43298423231455274 395
1694358831208 0.4325270877952861 396
1694358831237 0.43205280364952287 397
1694358831262 0.43159519322551537 398
1694358831287 0.43115379771296936 399
1694358831314 0.4306764263728828 400
1694358831339 0.43021173211097374 401
1694358831368 0.4297340074494945 402
1694358831393 0.4292546204407214 403
1694358831419 0.4288137249501151 404
1694358831444 0.42840694463512585 405
1694358831469 0.42798632414857823 406
1694358831503 0.4275698720390778 407
1694358831593 0.4271106459283935 408
1694358831641 0.42667380542807415 409
1694358831664 0.42625281421758937 410
1694358831690 0.4257682620932274 411
1694358831714 0.4253778670889294 412
1694358831746 0.4249679662532866 413
1694358831772 0.42452765210489435 414
1694358831797 0.4240702541275322 415
1694358831822 0.423663118776266 416
1694358831848 0.4232447517940673 417
1694358831874 0.42280632651590633 418
1694358831915 0.42238316923605784 419
1694358831938 0.4219629646018557 420
1694358831963 0.4215377177084133 421
1694358831988 0.42107989531418916 422
1694358832012 0.42065341212433893 423
1694358832037 0.4202300056511062 424
1694358832061 0.4198261902302992 425
1694358832088 0.41938274637608036 426
1694358832113 0.41898932333001415 427
1694358832141 0.41856537177478054 428
1694358832169 0.41815425466728573 429
1694358832193 0.4177082485274509 430
1694358832216 0.4173234588733592 431
1694358832245 0.41690537394380967 432
1694358832270 0.4164855138522907 433
1694358832295 0.4160907011769827 434
1694358832319 0.41567552425636295 435
1694358832346 0.41527940516431655 436
1694358832396 0.4148905581295544 437
1694358832450 0.4144814667985798 438
1694358832476 0.41409964583565473 439
1694358832500 0.41371363884650186 440
1694358832530 0.4133199553439188 441
1694358832558 0.4129172015428257 442
1694358832583 0.412516066314751 443
1694358832608 0.41209184574176316 444
1694358832631 0.41168550301554646 445
1694358832658 0.4113045427332372 446
1694358832682 0.4109187549250507 447
1694358832706 0.4105309668659058 448
1694358832732 0.4101653901978716 449
1694358832761 0.4097750100052836 450
1694358832788 0.4093968241768329 451
1694358832813 0.40902500141713294 452
1694358832837 0.40863957655022765 453
1694358832862 0.40824824121051356 454
1694358832887 0.40789065296797516 455
1694358832911 0.40752641438733794 456
1694358832936 0.4071720578220363 457
1694358832963 0.4068421562562126 458
1694358832988 0.40647394863540776 459
1694358833013 0.4061008321991046 460
1694358833037 0.40573596968256886 461
1694358833065 0.40534616629535763 462
1694358833091 0.4049795637384928 463
1694358833116 0.4046028213123869 464
1694358833141 0.4042309387167745 465
1694358833164 0.4038612901410458 466
1694358833191 0.4035008792774365 467
1694358833215 0.40312789453191095 468
1694358833244 0.4028060420376472 469
1694358833269 0.4024470653092048 470
1694358833294 0.40208666334105436 471
1694358833319 0.40171435199053535 472
1694358833343 0.40135387605955986 473
1694358833368 0.4009626628535546 474
1694358833391 0.40062043578103684 475
1694358833416 0.4002622115820015 476
1694358833441 0.3999021431479781 477
1694358833465 0.39956084024774696 478
1694358833494 0.3992143803704061 479
1694358833518 0.3988507557491754 480
1694358833545 0.39848587961474435 481
1694358833570 0.39815271674350705 482
1694358833595 0.3978273093033187 483
1694358833622 0.39744450505568324 484
1694358833700 0.3971008683985879 485
1694358833760 0.3967470365437987 486
1694358833783 0.396423184663112 487
1694358833809 0.3960437910683089 488
1694358833835 0.3957123966824104 489
1694358833859 0.3953347852911988 490
1694358833883 0.39498566625612314 491
1694358833909 0.3946541988848178 492
1694358833934 0.39430409347172507 493
1694358833958 0.39397183518410434 494
1694358833982 0.39362807327035637 495
1694358834005 0.3932832684067351 496
1694358834033 0.39296515354678174 497
1694358834057 0.39262956327340415 498
1694358834084 0.3923265593792767 499
1694358834193 0.3923265593792767 500
