1694356380548 1.9110737750511633 0
1694356380588 1.8744299169026646 1
1694356380617 1.8415718815893434 2
1694356380649 1.8099558342036932 3
1694356380678 1.7803085926992104 4
1694356380702 1.752261784735173 5
1694356380726 1.7254122122273436 6
1694356380750 1.6999415148310348 7
1694356380775 1.675339338224722 8
1694356380799 1.6516251761332177 9
1694356380824 1.6288789110515 10
1694356380932 1.6070422368481196 11
1694356380959 1.5857869743157909 12
1694356380985 1.5653826456693027 13
1694356381011 1.5457332935638408 14
1694356381100 1.5267389870915224 15
1694356381126 1.5080347296819185 16
1694356381153 1.4901156306292003 17
1694356381183 1.4727385910414323 18
1694356381208 1.4557310099367011 19
1694356381235 1.4395554408650757 20
1694356381262 1.4233418051685431 21
1694356381290 1.4077319231667227 22
1694356381315 1.3927205069251518 23
1694356381342 1.3778810268977963 24
1694356381368 1.3634646245426283 25
1694356381393 1.3493235150227207 26
1694356381418 1.3353564253672223 27
1694356381445 1.3217511881053345 28
1694356381474 1.308551880137504 29
1694356381500 1.2958677377130814 30
1694356381526 1.283311015861361 31
1694356381551 1.2709762235074749 32
1694356381581 1.2589524445390983 33
1694356381606 1.2472622066011696 34
1694356381665 1.2358027899143589 35
1694356381690 1.2243951550580163 36
1694356381715 1.2134554953826813 37
1694356381743 1.2026996720329552 38
1694356381768 1.192142072362815 39
1694356381795 1.1818871322658058 40
1694356381819 1.1716894029480387 41
1694356381847 1.1619335442975298 42
1694356381874 1.1521772361295612 43
1694356381901 1.1425638718989106 44
1694356381928 1.1331711420571853 45
1694356381955 1.1238516978112694 46
1694356381983 1.1149037590858828 47
1694356382010 1.1058724478256556 48
1694356382039 1.097238797208409 49
1694356382065 1.0887385479569798 50
1694356382092 1.0803615638730864 51
1694356382121 1.0721154450132409 52
1694356382149 1.0639776332716415 53
1694356382183 1.0561128800194644 54
1694356382210 1.0482993667044376 55
1694356382238 1.0406183269893365 56
1694356382269 1.033068657377852 57
1694356382298 1.0255668727052345 58
1694356382325 1.0183064574037377 59
1694356382353 1.0112056608844493 60
1694356382380 1.0040976386936218 61
1694356382406 0.9971787192288819 62
1694356382433 0.9904118878701443 63
1694356382462 0.9835838499861751 64
1694356382490 0.977060318227912 65
1694356382560 0.9706450496955894 66
1694356382586 0.9643001177286 67
1694356382617 0.9580591615175467 68
1694356382676 0.9518460631493559 69
1694356382707 0.945807039221162 70
1694356382732 0.9398874736814014 71
1694356382762 0.9340185962488574 72
1694356382790 0.9282613723172871 73
1694356382815 0.9225072479184373 74
1694356382849 0.9168140144040209 75
1694356382876 0.9112155846774049 76
1694356382906 0.9058474938312516 77
1694356383000 0.9004996639216953 78
1694356383044 0.8951956485546014 79
1694356383070 0.8900272653363183 80
1694356383095 0.884943769119168 81
1694356383153 0.8799453062001744 82
1694356383185 0.8749359093652499 83
1694356383210 0.8700605467571023 84
1694356383239 0.8652682682537376 85
1694356383268 0.8604604253929683 86
1694356383293 0.8558118065820982 87
1694356383320 0.8512178640810779 88
1694356383345 0.846694521988028 89
1694356383372 0.8422413233784191 90
1694356383399 0.8378488807732722 91
1694356383425 0.8335792239434069 92
1694356383451 0.829332910094679 93
1694356383479 0.8251526739204851 94
1694356383506 0.8209534495424943 95
1694356383531 0.8168426077077846 96
1694356383556 0.8128792198176493 97
1694356383583 0.8089543829650915 98
1694356383609 0.8050386383220363 99
1694356383635 0.8012003226208658 100
1694356383660 0.7973748246313234 101
1694356383711 0.7936435579675367 102
1694356383735 0.789899359053554 103
1694356383763 0.7862241246594325 104
1694356383788 0.7825911664248764 105
1694356383814 0.779067348678767 106
1694356383850 0.7755533502795957 107
1694356383876 0.771988171739234 108
1694356383902 0.7685120734276728 109
1694356383929 0.7651131451001546 110
1694356383955 0.7616656998052477 111
1694356383983 0.7583607137531478 112
1694356384010 0.7551895130740699 113
1694356384035 0.7519624117291398 114
1694356384062 0.7487964597206801 115
1694356384089 0.7456740931486536 116
1694356384115 0.7426343217006104 117
1694356384141 0.7395110791140143 118
1694356384172 0.7365027838578581 119
1694356384199 0.7335258283538536 120
1694356384227 0.7305139041581364 121
1694356384256 0.7276032012820889 122
1694356384284 0.7247172237926857 123
1694356384315 0.721866490931217 124
1694356384342 0.719022089073825 125
1694356384369 0.7162449133220544 126
1694356384397 0.7134574662704715 127
1694356384425 0.7107814867104987 128
1694356384452 0.7081414009575715 129
1694356384480 0.7055096462722509 130
1694356384511 0.7028831562753877 131
1694356384539 0.700237123628649 132
1694356384568 0.6977471265804646 133
1694356384595 0.6952093629537656 134
1694356384623 0.692636078150345 135
1694356384652 0.6901744317961231 136
1694356384685 0.6877290241163194 137
1694356384713 0.6852319806438157 138
1694356384741 0.6828453867530927 139
1694356384772 0.6804986889327024 140
1694356384800 0.6781571047410389 141
1694356384831 0.6758483491454766 142
1694356384859 0.6735825524668413 143
1694356384887 0.6713511016310049 144
1694356384914 0.6691204755486686 145
1694356384943 0.6669479448206364 146
1694356384971 0.6647400277491243 147
1694356385012 0.6625733845018434 148
1694356385056 0.6604215817115393 149
1694356385130 0.6583347282698743 150
1694356385197 0.6562487356171155 151
1694356385222 0.6541811934007251 152
1694356385248 0.6522026802109785 153
1694356385275 0.6501418666583878 154
1694356385303 0.648091725002268 155
1694356385330 0.6461094692947945 156
1694356385356 0.6441615719604852 157
1694356385382 0.6422393988195637 158
1694356385408 0.6403070219072958 159
1694356385434 0.6384154396885352 160
1694356385461 0.6364743779707249 161
1694356385486 0.6346438436615377 162
1694356385515 0.632815981652296 163
1694356385539 0.6309805854197008 164
1694356385565 0.6291613820769961 165
1694356385590 0.6273471339041022 166
1694356385616 0.6255871073332481 167
1694356385642 0.6238011287218637 168
1694356385674 0.622076130434636 169
1694356385700 0.6204075920522182 170
1694356385750 0.6186859263147236 171
1694356385777 0.6170255054787104 172
1694356385807 0.6153540322444055 173
1694356385833 0.6137172746525554 174
1694356385858 0.6121075631677199 175
1694356385887 0.6105028561388467 176
1694356385914 0.6088529814016015 177
1694356385943 0.6072825374452023 178
1694356385971 0.6056778313394051 179
1694356385998 0.6041532812077359 180
1694356386023 0.6026385361332962 181
1694356386051 0.6010959187990677 182
1694356386078 0.5995693654936051 183
1694356386105 0.5980556549133383 184
1694356386132 0.5965584381107455 185
1694356386160 0.5950670077882907 186
1694356386191 0.5936100178193978 187
1694356386220 0.5921387825730325 188
1694356386248 0.5906775692466364 189
1694356386275 0.5892613760262683 190
1694356386306 0.5877771256691258 191
1694356386336 0.5863659574315775 192
1694356386363 0.5849840962095639 193
1694356386390 0.583572476439407 194
1694356386417 0.5822302926872053 195
1694356386445 0.5809060214636691 196
1694356386471 0.5795487567515841 197
1694356386498 0.5781766350779479 198
1694356386527 0.576870935352462 199
1694356386554 0.5755640804478724 200
1694356386581 0.5742658976842081 201
1694356386608 0.5729901799072531 202
1694356386634 0.5716684932209891 203
1694356386664 0.5704038509613664 204
1694356386694 0.5691460840369209 205
1694356386721 0.5678861988194175 206
1694356386748 0.5666120009974335 207
1694356386776 0.5654015555513741 208
1694356386805 0.5642591808130378 209
1694356386833 0.5630446236862922 210
1694356386860 0.5618481525870153 211
1694356386889 0.560658196880483 212
1694356386915 0.5595030370591483 213
1694356386942 0.5583383167744502 214
1694356386969 0.557134420360013 215
1694356386998 0.555985053974609 216
1694356387025 0.5548306081316497 217
1694356387053 0.553698052476224 218
1694356387080 0.5525733793674555 219
1694356387107 0.5514849825255425 220
1694356387134 0.5503860715022628 221
1694356387287 0.5492833884358622 222
1694356387344 0.5482224560230001 223
1694356387370 0.547148071696747 224
1694356387420 0.5460755624287089 225
1694356387449 0.5450030289859628 226
1694356387473 0.5439785622697839 227
1694356387499 0.5429003852198144 228
1694356387524 0.5418155296986128 229
1694356387551 0.5407721123088557 230
1694356387576 0.5397636830406112 231
1694356387601 0.5387409424759726 232
1694356387626 0.5377337094365937 233
1694356387652 0.5367204123112448 234
1694356387684 0.5357169307967451 235
1694356387710 0.5347124221799137 236
1694356387735 0.5337101334913561 237
1694356387784 0.532712115048614 238
1694356387808 0.5317678337629709 239
1694356387833 0.5308242685303892 240
1694356387869 0.5298613539859935 241
1694356387895 0.5288971599242279 242
1694356387919 0.5279946331501069 243
1694356387947 0.5270390807303572 244
1694356387976 0.5261035686744359 245
1694356388003 0.5251593070042899 246
1694356388029 0.5242360697994068 247
1694356388056 0.5233164915945904 248
1694356388083 0.5224077457297829 249
1694356388113 0.5215021038873717 250
1694356388137 0.5206015724638126 251
1694356388161 0.5197046490835866 252
1694356388190 0.5188313541368448 253
1694356388218 0.517910099011449 254
1694356388244 0.5170131851980958 255
1694356388270 0.5161491229288057 256
1694356388295 0.515263104400568 257
1694356388319 0.5143989150765044 258
1694356388346 0.5135453289171362 259
1694356388372 0.5127060069455625 260
1694356388398 0.5118763151660468 261
1694356388423 0.5110530359308387 262
1694356388450 0.5102012046357609 263
1694356388477 0.5093691149193146 264
1694356388503 0.5085721293247026 265
1694356388529 0.5077811903175715 266
1694356388557 0.5069715740536828 267
1694356388582 0.5061747679362355 268
1694356388607 0.5053645368841657 269
1694356388632 0.5045519463302612 270
1694356388659 0.5037739724370786 271
1694356388690 0.5029777179398316 272
1694356388716 0.5022111933182359 273
1694356388741 0.5014800579616143 274
1694356388767 0.5007437907747775 275
1694356388793 0.4999765602375458 276
1694356388818 0.4992515998773224 277
1694356388843 0.4985123702661206 278
1694356388868 0.49778583698431816 279
1694356388895 0.49703030847569013 280
1694356388921 0.49629529790506666 281
1694356388946 0.4955699503202001 282
1694356388972 0.4948270045218093 283
1694356389001 0.4940934643689777 284
1694356389027 0.4933817227190538 285
1694356389052 0.49266835104619433 286
1694356389077 0.49195390648740556 287
1694356389104 0.491265913688521 288
1694356389130 0.49052702925577757 289
1694356389155 0.4897956657097586 290
1694356389186 0.4891292238177522 291
1694356389213 0.4884356767351004 292
1694356389264 0.48772083590746135 293
1694356389289 0.4870247140217647 294
1694356389349 0.4863043754203834 295
1694356389374 0.48559436096368813 296
1694356389404 0.48491152458555836 297
1694356389438 0.48423024805463727 298
1694356389491 0.48356514919241467 299
1694356389516 0.48291322491866334 300
1694356389563 0.48226321030041075 301
1694356389590 0.4816347692111908 302
1694356389615 0.4809583373731944 303
1694356389640 0.4802864347535249 304
1694356389672 0.4796397508631236 305
1694356389698 0.4790413863844639 306
1694356389724 0.4783958298537448 307
1694356389750 0.4777466870010934 308
1694356389804 0.477112908405114 309
1694356389828 0.4764873923098227 310
1694356389853 0.4758566619702867 311
1694356389880 0.47519307354449064 312
1694356389907 0.47454632603798885 313
1694356389932 0.47391119035969914 314
1694356389956 0.4733161442967193 315
1694356389982 0.472695996414502 316
1694356390008 0.4720431545316508 317
1694356390035 0.47141124766481396 318
1694356390064 0.4707852824984942 319
1694356390091 0.4701922352435271 320
1694356390118 0.469581472224959 321
1694356390145 0.4689758727449852 322
1694356390177 0.4683810589200445 323
1694356390203 0.4677863324619787 324
1694356390228 0.46718653268766136 325
1694356390254 0.4666023594358534 326
1694356390280 0.46601859141805213 327
1694356390304 0.4654386016227002 328
1694356390328 0.46487183862067943 329
1694356390359 0.46428945870939 330
1694356390388 0.4637008544543788 331
1694356390416 0.46311870211056033 332
1694356390439 0.46253057789601354 333
1694356390465 0.4619404318868408 334
1694356390489 0.4613394359848104 335
1694356390514 0.4608015812072553 336
1694356390540 0.46022984384861115 337
1694356390566 0.459686751079425 338
1694356390591 0.45910822382813843 339
1694356390616 0.45855361294985836 340
1694356390642 0.45796781772961204 341
1694356390672 0.4574214295054508 342
1694356390698 0.45687867143244665 343
1694356390722 0.45633664467510515 344
1694356390752 0.4558014586684563 345
1694356390777 0.45524505241259183 346
1694356390802 0.454689931772304 347
1694356390827 0.4541543234568889 348
1694356390852 0.45360419441887784 349
1694356390877 0.45305573920684816 350
1694356390902 0.4525215984416913 351
1694356390929 0.45201853298134015 352
1694356390954 0.4514961258796242 353
1694356390979 0.4509580869014772 354
1694356391003 0.45045956404700455 355
1694356391028 0.44996509734040163 356
1694356391052 0.4494432560019989 357
1694356391078 0.4489161776695074 358
1694356391104 0.44839836274297934 359
1694356391131 0.44789597376012613 360
1694356391155 0.4473952205637477 361
1694356391186 0.4469021925594676 362
1694356391211 0.4463520194551353 363
1694356391237 0.44585417463527316 364
1694356391290 0.4453276844108302 365
1694356391313 0.44482776398062146 366
1694356391338 0.4442915276476045 367
1694356391362 0.44378207099135264 368
1694356391390 0.443276205159967 369
1694356391414 0.4427918410596464 370
1694356391440 0.4422983529524621 371
1694356391466 0.44180206295884467 372
1694356391492 0.4412888092622095 373
1694356391517 0.44080191373263183 374
1694356391542 0.44030380357084287 375
1694356391632 0.4398461826496816 376
1694356391665 0.43940573455436854 377
1694356391693 0.4388980178624438 378
1694356391719 0.43842366634060775 379
1694356391744 0.43796173934228627 380
1694356391770 0.4374859766337385 381
1694356391794 0.4369968398747161 382
1694356391845 0.4364962575315395 383
1694356391879 0.43601989451387096 384
1694356391904 0.4355201276761722 385
1694356391933 0.43506145757061543 386
1694356391956 0.4346277123500197 387
1694356391981 0.43415353878154656 388
1694356392007 0.4336695115136292 389
1694356392031 0.4331989839002569 390
1694356392059 0.4327590907408167 391
1694356392082 0.4322958656383368 392
1694356392106 0.43183720063286 393
1694356392130 0.43135624509666876 394
1694356392157 0.43090090974865974 395
1694356392188 0.4304273130830355 396
1694356392213 0.4299753537283053 397
1694356392237 0.4295209781841566 398
1694356392263 0.4290878826633395 399
1694356392289 0.4286302724030425 400
1694356392315 0.42817685210088585 401
1694356392340 0.42769920090540486 402
1694356392365 0.42724780311015426 403
1694356392390 0.42679571713186126 404
1694356392415 0.4263763975430087 405
1694356392441 0.4259254680271605 406
1694356392468 0.4255101975618273 407
1694356392493 0.42510947386384 408
1694356392517 0.42469255965617464 409
1694356392543 0.42426976172750525 410
1694356392568 0.42382705471241805 411
1694356392596 0.42341821723651435 412
1694356392618 0.4229749932300445 413
1694356392643 0.42255722758574854 414
1694356392670 0.4221191580567516 415
1694356392695 0.42172980962497725 416
1694356392719 0.42129373790083585 417
1694356392743 0.42089227880114366 418
1694356392767 0.4204966530153545 419
1694356392792 0.42007408549782715 420
1694356392817 0.4196624631573329 421
1694356392842 0.4192533287541946 422
1694356392867 0.4188525838530321 423
1694356392892 0.41844833981632445 424
1694356392916 0.4180227581977339 425
1694356392941 0.41761518982879875 426
1694356392969 0.41720646821035734 427
1694356393007 0.4167935503127556 428
1694356393029 0.41636639001026615 429
1694356393054 0.41595216334887275 430
1694356393078 0.41553686251775745 431
1694356393102 0.4151026632733426 432
1694356393126 0.41469053881256784 433
1694356393150 0.4142746877417139 434
1694356393180 0.4138853094329979 435
1694356393205 0.41347154251898877 436
1694356393231 0.4130714087476866 437
1694356393256 0.4126699052581904 438
1694356393281 0.4122413405862717 439
1694356393330 0.41183090677983747 440
1694356393353 0.41142949494598235 441
1694356393377 0.41099312846493485 442
1694356393402 0.4106017004039988 443
1694356393427 0.41017422398831177 444
1694356393451 0.40977731793073396 445
1694356393479 0.40939291496080027 446
1694356393503 0.4090337559909146 447
1694356393528 0.4086388487335058 448
1694356393552 0.40826364404265736 449
1694356393578 0.40786745168802474 450
1694356393604 0.40746403749005294 451
1694356393631 0.4070878122598803 452
1694356393735 0.406706321785054 453
1694356393759 0.4063362062763871 454
1694356393785 0.40595090147321533 455
1694356393810 0.40554616688429823 456
1694356393837 0.4051635004820797 457
1694356393888 0.4047908828036939 458
1694356393913 0.4044070103063504 459
1694356393937 0.4040318371229559 460
1694356393961 0.4036565796426118 461
1694356393990 0.40327568758601134 462
1694356394015 0.40287885477116603 463
1694356394043 0.4024975461819412 464
1694356394067 0.40212764307589627 465
1694356394092 0.4017925629728434 466
1694356394116 0.40143558859706113 467
1694356394141 0.40107415946606156 468
1694356394169 0.4007086523937352 469
1694356394197 0.4003425253642525 470
1694356394222 0.4000162630927927 471
1694356394247 0.3996398847878889 472
1694356394273 0.39927354490808714 473
1694356394300 0.39891276407876336 474
1694356394326 0.39856234577921557 475
1694356394350 0.3981922634436928 476
1694356394374 0.39782059489859833 477
1694356394398 0.39745525534983595 478
1694356394423 0.39709268614967813 479
1694356394447 0.3967323563712271 480
1694356394472 0.39635821287670786 481
1694356394501 0.3959888817275551 482
1694356394526 0.39561715379421936 483
1694356394552 0.3952896089971544 484
1694356394577 0.39496046131356577 485
1694356394602 0.3946021132326677 486
1694356394629 0.39425898748987065 487
1694356394654 0.39389839925083747 488
1694356394684 0.3935325840292696 489
1694356394710 0.3931775944389468 490
1694356394737 0.39282724254327306 491
1694356394767 0.39249690089583583 492
1694356394794 0.39212481807047983 493
1694356394820 0.3918004673541727 494
1694356394846 0.39148077112183416 495
1694356394872 0.39116150239139885 496
1694356394899 0.39080471667862243 497
1694356394925 0.3904370306919765 498
1694356394951 0.3900832201235722 499
1694356395057 0.3900832201235722 500
