1694359818938 1.9112559708306014 0
1694359818973 1.874921114145196 1
1694359819001 1.8420563924212048 2
1694359819027 1.8104302335875366 3
1694359819054 1.7807909723099322 4
1694359819078 1.7523693454119456 5
1694359819107 1.7256789309932483 6
1694359819133 1.7002696761228009 7
1694359819157 1.675533048762924 8
1694359819189 1.652075670673125 9
1694359819239 1.6292915710513898 10
1694359819262 1.6075080341345855 11
1694359819286 1.5863146803010502 12
1694359819310 1.565990996771489 13
1694359819335 1.5463117985547978 14
1694359819361 1.5274009805526911 15
1694359819386 1.5087165595684287 16
1694359819412 1.4908607470585264 17
1694359819441 1.4735261253239045 18
1694359819468 1.4565848639000682 19
1694359819513 1.4405003527272324 20
1694359819547 1.4244690709162704 21
1694359819573 1.4089654058178318 22
1694359819597 1.3938859672965624 23
1694359819622 1.3790751474994862 24
1694359819647 1.364702393145773 25
1694359819677 1.3505486792144346 26
1694359819707 1.33662319411213 27
1694359819732 1.3230397452074953 28
1694359819757 1.3099312423843745 29
1694359819784 1.2972204328005554 30
1694359819810 1.2846402468952056 31
1694359819836 1.272290509675846 32
1694359819861 1.2603801393942367 33
1694359819887 1.2486699404780877 34
1694359819912 1.237214589884323 35
1694359819943 1.2259230816822837 36
1694359819971 1.2149289440079016 37
1694359820000 1.2042898355630152 38
1694359820026 1.1937752305110658 39
1694359820087 1.1833800736601565 40
1694359820112 1.173195933081948 41
1694359820138 1.1634330402767594 42
1694359820169 1.153603549990022 43
1694359820199 1.1440271502814061 44
1694359820225 1.1346302145200973 45
1694359820251 1.1253626972579251 46
1694359820280 1.1163356366020276 47
1694359820305 1.1073460967606459 48
1694359820332 1.0986956845800642 49
1694359820358 1.0901929249927578 50
1694359820389 1.0818996138058434 51
1694359820417 1.0736837106364572 52
1694359820443 1.0656240754984876 53
1694359820473 1.0577601491515782 54
1694359820503 1.0500078982901229 55
1694359820531 1.042295372382858 56
1694359820559 1.0347983948969228 57
1694359820587 1.0273136257954323 58
1694359820617 1.0199992935902626 59
1694359820644 1.0128580827274436 60
1694359820694 1.0057898373571295 61
1694359820750 0.9988779247605225 62
1694359820784 0.992137382252964 63
1694359820841 0.9853346129458661 64
1694359820867 0.9788019473556858 65
1694359820892 0.9723358387153778 66
1694359820921 0.9659981039660447 67
1694359820948 0.9598126508969407 68
1694359820973 0.9537381903550085 69
1694359820999 0.947699675746616 70
1694359821024 0.9417380870511188 71
1694359821050 0.9357912876929957 72
1694359821079 0.9300171780927164 73
1694359821105 0.9242615469747087 74
1694359821131 0.9186106838544417 75
1694359821158 0.9129957036630951 76
1694359821191 0.9076192738170239 77
1694359821218 0.9022719175852616 78
1694359821248 0.8969984070210647 79
1694359821290 0.8918329949820568 80
1694359821317 0.886750807241524 81
1694359821343 0.8817336850953323 82
1694359821369 0.8767487157345409 83
1694359821394 0.8719152013705104 84
1694359821421 0.8670866270438043 85
1694359821450 0.8622621853665897 86
1694359821475 0.8576276090928978 87
1694359821501 0.8530637179395251 88
1694359821526 0.8485400404949353 89
1694359821582 0.844028549665568 90
1694359821607 0.8396225898511279 91
1694359821633 0.8353314226732471 92
1694359821662 0.8311089869650063 93
1694359821695 0.8268689724434503 94
1694359821721 0.8226805539300933 95
1694359821749 0.8185501604076557 96
1694359821779 0.8146285795827596 97
1694359821805 0.8107224423052756 98
1694359821830 0.8067542038378359 99
1694359821856 0.8028752058239 100
1694359821884 0.7990225455297728 101
1694359821910 0.7952939324620671 102
1694359821936 0.7915306130605368 103
1694359821961 0.7878732231737853 104
1694359821987 0.7842382921348013 105
1694359822014 0.7807343658304232 106
1694359822040 0.7772337795710291 107
1694359822067 0.7736581249297599 108
1694359822097 0.7701606009516033 109
1694359822123 0.7667609167130939 110
1694359822150 0.7633508932172709 111
1694359822187 0.7600510589339327 112
1694359822215 0.7568531233444965 113
1694359822242 0.7536200176824699 114
1694359822268 0.7504124382718063 115
1694359822295 0.7473337738634885 116
1694359822321 0.7442834496019186 117
1694359822350 0.7411767466462388 118
1694359822375 0.7381648847647838 119
1694359822402 0.7352009644431339 120
1694359822429 0.7322262399404028 121
1694359822457 0.7293624113497013 122
1694359822483 0.7264583545316339 123
1694359822509 0.7235956755330187 124
1694359822535 0.7207688382904404 125
1694359822563 0.717961342586622 126
1694359822589 0.7152436811533368 127
1694359822615 0.7125007816796027 128
1694359822641 0.7098449726279864 129
1694359822686 0.707123982946933 130
1694359822715 0.7044975852274138 131
1694359822741 0.7019220222101109 132
1694359822767 0.6994692036142657 133
1694359822793 0.6969150422911224 134
1694359822818 0.6944422178426596 135
1694359822934 0.6919668200599238 136
1694359822962 0.689527180178457 137
1694359822987 0.6870524320862772 138
1694359823013 0.6846650012560627 139
1694359823039 0.6822757523167893 140
1694359823065 0.6799266362424145 141
1694359823092 0.6776454370330645 142
1694359823120 0.675362571332608 143
1694359823148 0.6731398303975978 144
1694359823174 0.6709290886391946 145
1694359823205 0.6688034194643651 146
1694359823232 0.6665719575528996 147
1694359823257 0.6643957307316107 148
1694359823309 0.6622870997826421 149
1694359823334 0.6601633569159743 150
1694359823360 0.6580937736518692 151
1694359823390 0.6560681738653614 152
1694359823437 0.6540939409467351 153
1694359823462 0.6520526942572249 154
1694359823487 0.6500386087402854 155
1694359823513 0.6480602383838056 156
1694359823538 0.646106449590132 157
1694359823582 0.6442097554193374 158
1694359823618 0.6422849679085009 159
1694359823643 0.6403848467772943 160
1694359823670 0.6384494477247251 161
1694359823702 0.6365760892744141 162
1694359823728 0.6347001687465283 163
1694359823754 0.6328998491099482 164
1694359823779 0.6311201140873586 165
1694359823806 0.6293398032137478 166
1694359823833 0.6275971798696554 167
1694359823861 0.6258514099339292 168
1694359823886 0.6240755896748768 169
1694359823911 0.6224013801893987 170
1694359823940 0.6207222727749103 171
1694359823966 0.6190475751630488 172
1694359823992 0.617387877917698 173
1694359824019 0.6157104430578122 174
1694359824045 0.6140498341843573 175
1694359824085 0.6124206272554881 176
1694359824109 0.610755476447719 177
1694359824135 0.6091308009445936 178
1694359824161 0.6075354866770442 179
1694359824193 0.6059750384545838 180
1694359824219 0.6044278559475651 181
1694359824246 0.602886229295652 182
1694359824272 0.6013594708408717 183
1694359824298 0.5998471013510986 184
1694359824323 0.5983763356889927 185
1694359824350 0.5968529243943451 186
1694359824375 0.5953725929270506 187
1694359824402 0.5939286974172128 188
1694359824430 0.5924354874478625 189
1694359824458 0.5910149026005124 190
1694359824485 0.5895384854500432 191
1694359824512 0.5881343713812031 192
1694359824539 0.5867425213673623 193
1694359824567 0.5853260347320792 194
1694359824593 0.5839251054327643 195
1694359824620 0.5825971516403678 196
1694359824646 0.5812611622936026 197
1694359824675 0.5799365182128259 198
1694359824705 0.5786244752519232 199
1694359824733 0.5773046464878712 200
1694359824759 0.576008397774052 201
1694359824785 0.5746532741883098 202
1694359824811 0.5733723143404679 203
1694359824839 0.5720661789172962 204
1694359824866 0.5708094829103985 205
1694359824893 0.5695910890743053 206
1694359824942 0.5683539314143063 207
1694359825109 0.5671148670416746 208
1694359825134 0.5659068780209168 209
1694359825160 0.5647055629206402 210
1694359825192 0.5635100725348278 211
1694359825218 0.5623114964917549 212
1694359825245 0.5611528872481564 213
1694359825272 0.559969931301887 214
1694359825299 0.5588173328710199 215
1694359825350 0.5576865712604022 216
1694359825375 0.5565532071516802 217
1694359825400 0.5554003748159918 218
1694359825427 0.5542775267746636 219
1694359825454 0.5531751655341871 220
1694359825480 0.5520983434743888 221
1694359825506 0.5509551570222407 222
1694359825533 0.5498688900596287 223
1694359825558 0.5487982125466154 224
1694359825584 0.547746339094922 225
1694359825639 0.5466571994033567 226
1694359825664 0.5455365280211433 227
1694359825695 0.5445206470995766 228
1694359825723 0.5434705882951936 229
1694359825750 0.5424239241166302 230
1694359825775 0.5414236188363393 231
1694359825803 0.5404580974053402 232
1694359825828 0.5394422537975575 233
1694359825854 0.5384672039145212 234
1694359825879 0.5374693699427042 235
1694359825905 0.536498727759355 236
1694359825931 0.5355019797969491 237
1694359825955 0.534526731215508 238
1694359825988 0.533527161833211 239
1694359826012 0.5325912114986733 240
1694359826037 0.5316279658276717 241
1694359826062 0.5307056508966685 242
1694359826087 0.529774763037218 243
1694359826113 0.5288412700927513 244
1694359826138 0.527896038394233 245
1694359826162 0.5269403661725784 246
1694359826195 0.5260484848436728 247
1694359826223 0.5251237854541525 248
1694359826248 0.5242335255507296 249
1694359826273 0.5233121360327385 250
1694359826298 0.5224021622854949 251
1694359826325 0.521496658746834 252
1694359826349 0.5206498740529405 253
1694359826377 0.519756101587746 254
1694359826402 0.5188908285197478 255
1694359826428 0.5180071379046508 256
1694359826454 0.5171494577630789 257
1694359826481 0.5163013823396211 258
1694359826506 0.5154612495299777 259
1694359826533 0.5146201758503737 260
1694359826559 0.5137865509050286 261
1694359826585 0.5129745322844227 262
1694359826610 0.5121576494776309 263
1694359826637 0.5113389790733099 264
1694359826663 0.5105183682209089 265
1694359826694 0.5097174134875716 266
1694359826719 0.5089138259146291 267
1694359826753 0.5080949532830713 268
1694359826780 0.5072738640833651 269
1694359826805 0.5065009796665693 270
1694359826830 0.5056973597853706 271
1694359826856 0.5049185668444083 272
1694359826882 0.504147990335949 273
1694359826908 0.5033866657123641 274
1694359826935 0.5025859053636744 275
1694359826959 0.5018512388943899 276
1694359826986 0.5010933343878247 277
1694359827013 0.5003048132493695 278
1694359827038 0.4995595937514664 279
1694359827063 0.4988138999340486 280
1694359827101 0.49809465551145343 281
1694359827167 0.4973525345785102 282
1694359827218 0.4965946029565146 283
1694359827247 0.49589497419369544 284
1694359827271 0.49517277013666094 285
1694359827297 0.49444243373140373 286
1694359827322 0.49369876749317415 287
1694359827373 0.4929301090260985 288
1694359827398 0.492200800334014 289
1694359827422 0.4914879953527305 290
1694359827448 0.49078459432476423 291
1694359827476 0.4900830027180312 292
1694359827501 0.48940816538599285 293
1694359827525 0.4887150990908479 294
1694359827550 0.4880295228854901 295
1694359827576 0.48737160397922097 296
1694359827601 0.48669903719538193 297
1694359827625 0.4860206453898192 298
1694359827683 0.48534881568701743 299
1694359827707 0.4846687344996419 300
1694359827732 0.48401363724637503 301
1694359827759 0.48336600133219465 302
1694359827786 0.482700707217532 303
1694359827811 0.4820411280564249 304
1694359827836 0.48138529120227286 305
1694359827862 0.4807209628058872 306
1694359827887 0.4800780671599243 307
1694359827912 0.4794533958322319 308
1694359827937 0.47880397916867207 309
1694359827961 0.4781587350415479 310
1694359827986 0.4775391523957989 311
1694359828012 0.4769220757021474 312
1694359828039 0.4762682013492606 313
1694359828064 0.4756472005039645 314
1694359828100 0.47500331005290486 315
1694359828130 0.4743738501085424 316
1694359828155 0.47375621568022214 317
1694359828185 0.4731482998275567 318
1694359828209 0.47252373338951165 319
1694359828235 0.4719288336966661 320
1694359828259 0.4713431477882292 321
1694359828286 0.4707636732134204 322
1694359828312 0.4701665428873053 323
1694359828337 0.46954648454814063 324
1694359828361 0.4689570208315613 325
1694359828386 0.46834831843137226 326
1694359828412 0.46777985702554714 327
1694359828436 0.4672160611249286 328
1694359828463 0.46661083970424494 329
1694359828487 0.4660537232833843 330
1694359828512 0.4654546509918578 331
1694359828539 0.4648570227428851 332
1694359828565 0.46426786221092586 333
1694359828591 0.46366159967709786 334
1694359828616 0.4630980110489204 335
1694359828642 0.46250575497142865 336
1694359828671 0.4619779894053383 337
1694359828703 0.46141627203780006 338
1694359828729 0.46081479280413074 339
1694359828756 0.4602379526210239 340
1694359828787 0.4596648393605047 341
1694359828813 0.4591380613045706 342
1694359828840 0.45861132981024555 343
1694359828866 0.4580977079203108 344
1694359828893 0.4575589825344083 345
1694359828922 0.456997631745123 346
1694359828948 0.45645067054868127 347
1694359828975 0.45590591884102666 348
1694359829003 0.4553374043790956 349
1694359829030 0.45480036630737297 350
1694359829057 0.4542920406514396 351
1694359829083 0.45380420971126517 352
1694359829110 0.4532849221719445 353
1694359829139 0.4527499526610831 354
1694359829162 0.45224897073455517 355
1694359829193 0.45172323479923876 356
1694359829228 0.4512119161901448 357
1694359829258 0.4506854074711454 358
1694359829311 0.4501793922595735 359
1694359829394 0.4496585755519253 360
1694359829433 0.44913197309391345 361
1694359829458 0.44859958580951426 362
1694359829484 0.4481256901438071 363
1694359829509 0.4475876042496517 364
1694359829533 0.4471157326289561 365
1694359829558 0.446556301008997 366
1694359829587 0.44606320672304794 367
1694359829613 0.44559016412679636 368
1694359829638 0.44509158596788057 369
1694359829665 0.44460774543737785 370
1694359829728 0.4441076254114167 371
1694359829754 0.44361453717549765 372
1694359829778 0.4431393816940736 373
1694359829807 0.442687584670938 374
1694359829848 0.4422220898668918 375
1694359829871 0.4417248875136749 376
1694359829894 0.4412838803803402 377
1694359829920 0.44079983407797413 378
1694359829946 0.4403178609474727 379
1694359829971 0.4398283346461862 380
1694359829996 0.43932419446500537 381
1694359830021 0.43881153163248543 382
1694359830048 0.43834559538836765 383
1694359830073 0.43788330236953193 384
1694359830098 0.437437600869434 385
1694359830122 0.4369909666869237 386
1694359830151 0.4365277980453177 387
1694359830177 0.43606539335807165 388
1694359830205 0.43563359577512756 389
1694359830231 0.43518359229701786 390
1694359830255 0.43475841116214375 391
1694359830282 0.4343128160168002 392
1694359830306 0.4338778927986217 393
1694359830333 0.43342876412736253 394
1694359830358 0.43298423231455274 395
1694359830383 0.4325270877952861 396
1694359830409 0.43205280364952287 397
1694359830435 0.4315951932255153 398
1694359830461 0.43115379771296936 399
1694359830487 0.4306764263728828 400
1694359830513 0.43021173211097385 401
1694359830537 0.4297340074494945 402
1694359830565 0.4292546204407214 403
1694359830590 0.4288137249501151 404
1694359830614 0.42840694463512585 405
1694359830639 0.42798632414857823 406
1694359830664 0.42756987203907787 407
1694359830695 0.4271106459283935 408
1694359830722 0.4266738054280741 409
1694359830749 0.42625281421758937 410
1694359830776 0.42576826209322743 411
1694359830803 0.4253778670889294 412
1694359830833 0.4249679662532864 413
1694359830860 0.42452765210489435 414
1694359830887 0.4240702541275322 415
1694359830913 0.423663118776266 416
1694359830941 0.4232447517940672 417
1694359830970 0.42280632651590644 418
1694359830996 0.42238316923605784 419
1694359831022 0.4219629646018556 420
1694359831049 0.4215377177084133 421
1694359831077 0.42107989531418916 422
1694359831104 0.42065341212433893 423
1694359831134 0.4202300056511062 424
1694359831159 0.41982619023029916 425
1694359831191 0.41938274637608036 426
1694359831215 0.41898932333001415 427
1694359831239 0.41856537177478054 428
1694359831263 0.4181542546672857 429
1694359831290 0.4177082485274509 430
1694359831313 0.4173234588733592 431
1694359831445 0.41690537394380967 432
1694359831470 0.4164855138522907 433
1694359831494 0.4160907011769827 434
1694359831519 0.41567552425636295 435
1694359831544 0.41527940516431655 436
1694359831568 0.41489055812955444 437
1694359831592 0.4144814667985799 438
1694359831616 0.4140996458356546 439
1694359831642 0.41371363884650175 440
1694359831674 0.4133199553439188 441
1694359831699 0.4129172015428257 442
1694359831724 0.412516066314751 443
1694359831781 0.41209184574176316 444
1694359831806 0.41168550301554646 445
1694359831831 0.41130454273323724 446
1694359831861 0.4109187549250507 447
1694359831886 0.4105309668659058 448
1694359831912 0.4101653901978716 449
1694359831938 0.4097750100052836 450
1694359831966 0.409396824176833 451
1694359831991 0.40902500141713294 452
1694359832019 0.40863957655022765 453
1694359832047 0.40824824121051356 454
1694359832072 0.40789065296797516 455
1694359832109 0.40752641438733794 456
1694359832137 0.40717205782203636 457
1694359832163 0.40684215625621273 458
1694359832195 0.40647394863540776 459
1694359832221 0.4061008321991046 460
1694359832248 0.405735969682569 461
1694359832275 0.40534616629535763 462
1694359832302 0.4049795637384928 463
1694359832328 0.40460282131238695 464
1694359832359 0.4042309387167745 465
1694359832385 0.4038612901410458 466
1694359832410 0.4035008792774365 467
1694359832436 0.40312789453191095 468
1694359832462 0.4028060420376472 469
1694359832489 0.4024470653092048 470
1694359832515 0.40208666334105436 471
1694359832541 0.4017143519905355 472
1694359832571 0.4013538760595598 473
1694359832597 0.4009626628535546 474
1694359832622 0.40062043578103684 475
1694359832648 0.40026221158200137 476
1694359832689 0.3999021431479781 477
1694359832712 0.3995608402477469 478
1694359832737 0.39921438037040596 479
1694359832761 0.39885075574917545 480
1694359832788 0.3984858796147444 481
1694359832820 0.39815271674350705 482
1694359832843 0.3978273093033187 483
1694359832872 0.39744450505568324 484
1694359832898 0.3971008683985879 485
1694359832923 0.3967470365437988 486
1694359832948 0.39642318466311194 487
1694359832972 0.39604379106830884 488
1694359832996 0.3957123966824104 489
1694359833022 0.39533478529119886 490
1694359833048 0.39498566625612314 491
1694359833074 0.3946541988848178 492
1694359833098 0.39430409347172507 493
1694359833125 0.39397183518410434 494
1694359833151 0.39362807327035637 495
1694359833184 0.39328326840673505 496
1694359833211 0.39296515354678174 497
1694359833239 0.39262956327340415 498
1694359833264 0.3923265593792768 499
1694359833375 0.3923265593792768 500
