1694356612641 1.9108673829053535 0
1694356612674 1.8743461219500084 1
1694356612705 1.8412938098578737 2
1694356612730 1.809853880155774 3
1694356612754 1.7802509900275572 4
1694356612797 1.7520117032338807 5
1694356612826 1.7253580480519053 6
1694356612850 1.699991526217217 7
1694356612876 1.6753022021156196 8
1694356612926 1.6516414608094498 9
1694356612950 1.62895002480878 10
1694356612973 1.6071749950828202 11
1694356613000 1.5859538725382292 12
1694356613030 1.565627034552701 13
1694356613056 1.5460378845377594 14
1694356613085 1.5270762799908317 15
1694356613112 1.5085442196396932 16
1694356613136 1.4905136373654821 17
1694356613164 1.4730411133007366 18
1694356613191 1.4562073925137586 19
1694356613222 1.440084395729123 20
1694356613252 1.423899966112288 21
1694356613282 1.4083508591402003 22
1694356613311 1.393272198367461 23
1694356613346 1.3784996189013319 24
1694356613373 1.3641985837476243 25
1694356613405 1.3500392537891177 26
1694356613456 1.3360051034208085 27
1694356613481 1.3225112737140088 28
1694356613504 1.3093452147405293 29
1694356613529 1.2967199899190303 30
1694356613558 1.2840487694099898 31
1694356613582 1.2717081206813514 32
1694356613610 1.2597378798896184 33
1694356613639 1.2480412976993525 34
1694356613665 1.2366044242413528 35
1694356613689 1.2252208569777534 36
1694356613715 1.2142682119471495 37
1694356613740 1.203589329812585 38
1694356613776 1.192926723170772 39
1694356613821 1.1825800962852424 40
1694356613849 1.1724867654569027 41
1694356613875 1.1626746379380541 42
1694356613899 1.1528376732610897 43
1694356613929 1.143134861366054 44
1694356613954 1.1336175245789533 45
1694356613983 1.1243322482037579 46
1694356614010 1.1153125748215111 47
1694356614036 1.1062885324932152 48
1694356614072 1.097645720653688 49
1694356614115 1.0891799376713753 50
1694356614141 1.080791178528874 51
1694356614168 1.0725332161351466 52
1694356614196 1.064402651602143 53
1694356614224 1.0564820135156832 54
1694356614251 1.0486540691895627 55
1694356614278 1.0410165587579752 56
1694356614304 1.0334381871002811 57
1694356614339 1.0259783721276607 58
1694356614367 1.0187291564835612 59
1694356614394 1.011612681892941 60
1694356614421 1.0045030712863545 61
1694356614449 0.997548343411974 62
1694356614477 0.9907396739634715 63
1694356614506 0.9840135683902987 64
1694356614533 0.9774340185912139 65
1694356614582 0.9709941374048505 66
1694356614701 0.9646022795086179 67
1694356614729 0.9583125203269222 68
1694356614753 0.9521799521549573 69
1694356614787 0.9461098810924372 70
1694356614813 0.9401451097173513 71
1694356614843 0.934292634760969 72
1694356614872 0.928410228798838 73
1694356614899 0.9227506384937869 74
1694356614927 0.9170838057768053 75
1694356614974 0.9114610722798461 76
1694356614999 0.9060550063875621 77
1694356615026 0.9006984401006016 78
1694356615050 0.8954366596080302 79
1694356615076 0.8902762108134059 80
1694356615101 0.8852301377085545 81
1694356615128 0.8801647647913505 82
1694356615153 0.875224589818416 83
1694356615179 0.8703263922819846 84
1694356615205 0.8654567790562065 85
1694356615240 0.8606587999862673 86
1694356615266 0.8559855873828235 87
1694356615293 0.8513786548884279 88
1694356615319 0.8467899719075543 89
1694356615350 0.8423529771246164 90
1694356615378 0.8379418454569311 91
1694356615404 0.8336049613234331 92
1694356615429 0.8293217659708295 93
1694356615456 0.825056347189883 94
1694356615507 0.8208608360216574 95
1694356615533 0.816752630488003 96
1694356615560 0.8127733986345936 97
1694356615590 0.8088201435904461 98
1694356615618 0.8048780162362543 99
1694356615649 0.8009933215307729 100
1694356615683 0.7971580627078217 101
1694356615711 0.7934299644031884 102
1694356615739 0.7896254598410678 103
1694356615764 0.7859851935596549 104
1694356615796 0.7823412906583321 105
1694356615828 0.7788306961261295 106
1694356615854 0.7752296700696751 107
1694356615880 0.7716884975680217 108
1694356615906 0.7681603341923324 109
1694356615934 0.7647620432525567 110
1694356615960 0.7613479595495605 111
1694356615986 0.7580340201703398 112
1694356616012 0.7548454336504298 113
1694356616039 0.751515777505351 114
1694356616064 0.7483205816875539 115
1694356616094 0.7452470422757451 116
1694356616119 0.7421798659525879 117
1694356616147 0.7390861687595924 118
1694356616173 0.7360173409094768 119
1694356616199 0.7330368232959533 120
1694356616227 0.7300591258640978 121
1694356616252 0.7272114330780834 122
1694356616280 0.7243478684237938 123
1694356616305 0.7215095497418825 124
1694356616339 0.7186759546968126 125
1694356616366 0.7159054190449473 126
1694356616392 0.7131667275711481 127
1694356616418 0.710450796235945 128
1694356616444 0.7078091476275207 129
1694356616470 0.7051467384741937 130
1694356616497 0.7025103847060176 131
1694356616524 0.6998943483359743 132
1694356616550 0.6973923984594094 133
1694356616577 0.6948919868419116 134
1694356616607 0.6922723283432743 135
1694356616636 0.6897885082942817 136
1694356616663 0.6873695830137841 137
1694356616700 0.684921056325058 138
1694356616793 0.6825558712702302 139
1694356616818 0.6801763732180998 140
1694356616855 0.6778448048814433 141
1694356616880 0.6755219632264973 142
1694356616909 0.6732381714124581 143
1694356616942 0.670979351704752 144
1694356616993 0.6687377728876911 145
1694356617018 0.6665351937484515 146
1694356617043 0.6643245970233455 147
1694356617069 0.6621781257994692 148
1694356617097 0.6600450362544614 149
1694356617122 0.657918205905537 150
1694356617151 0.6558696730434019 151
1694356617177 0.6538121947961028 152
1694356617202 0.6518004820201854 153
1694356617229 0.6497437197815391 154
1694356617254 0.6477440035057269 155
1694356617281 0.6457927875200852 156
1694356617308 0.6438091150939516 157
1694356617339 0.6418661942570876 158
1694356617364 0.6399258912406093 159
1694356617391 0.63805134768435 160
1694356617418 0.6361026673702335 161
1694356617444 0.6342246014407199 162
1694356617472 0.6323611533226354 163
1694356617500 0.6305334257250387 164
1694356617551 0.6287342830558689 165
1694356617578 0.6269327108116872 166
1694356617605 0.6251580834175638 167
1694356617631 0.6234136589196848 168
1694356617657 0.6216604271675913 169
1694356617685 0.6199611105142054 170
1694356617712 0.6182388508175438 171
1694356617740 0.6165394165476007 172
1694356617768 0.6148589136636294 173
1694356617794 0.613169626240692 174
1694356617821 0.6115239554491071 175
1694356617854 0.6098823330996864 176
1694356617879 0.6082450540121717 177
1694356617904 0.6066297201718157 178
1694356617933 0.60506595518125 179
1694356617960 0.6034768115161602 180
1694356617985 0.6019080828702313 181
1694356618011 0.6003399254398294 182
1694356618037 0.5988074467832656 183
1694356618064 0.5972506019321139 184
1694356618090 0.5957732316823237 185
1694356618116 0.5943019584342661 186
1694356618145 0.5927962744246946 187
1694356618171 0.5913275635925012 188
1694356618199 0.5898473683999454 189
1694356618226 0.5883686749150546 190
1694356618252 0.5869219941869466 191
1694356618279 0.5854935041724548 192
1694356618306 0.5840994816561242 193
1694356618337 0.5827404666574768 194
1694356618364 0.5813717362770215 195
1694356618401 0.5800609755266121 196
1694356618432 0.5787238454773157 197
1694356618457 0.5773930882830441 198
1694356618485 0.5760586763063527 199
1694356618512 0.5747382971185638 200
1694356618538 0.5734721346305366 201
1694356618565 0.5721751277697932 202
1694356618590 0.5708816787630386 203
1694356618617 0.5695907642141609 204
1694356618645 0.5683327482678024 205
1694356618672 0.567085392745547 206
1694356618700 0.565827858896149 207
1694356618725 0.5646133490119905 208
1694356618751 0.5634222509726992 209
1694356618776 0.5622215221183329 210
1694356619026 0.5610075987742653 211
1694356619050 0.5597671785702392 212
1694356619075 0.5585498848892172 213
1694356619100 0.5573383441717116 214
1694356619126 0.5562081007982279 215
1694356619151 0.5550733175089626 216
1694356619177 0.5539433971030072 217
1694356619202 0.5528064115512289 218
1694356619227 0.551688863435946 219
1694356619252 0.5505689779865351 220
1694356619280 0.5494771736777769 221
1694356619305 0.5483999061070401 222
1694356619335 0.5473004724150363 223
1694356619362 0.5462240595013844 224
1694356619388 0.5451183817701186 225
1694356619416 0.5440725408775337 226
1694356619451 0.5430215340791756 227
1694356619478 0.5419642759621406 228
1694356619504 0.5409484312133823 229
1694356619532 0.5399450810435587 230
1694356619582 0.5388978773925694 231
1694356619607 0.5378752214446199 232
1694356619632 0.5368464347582225 233
1694356619657 0.5358363774700027 234
1694356619684 0.5348310954543346 235
1694356619711 0.5338448050044058 236
1694356619738 0.5328749809546525 237
1694356619762 0.5318891411126723 238
1694356619792 0.5309158896188018 239
1694356619822 0.5299730416461185 240
1694356619849 0.5290154876707406 241
1694356619873 0.5280657052737405 242
1694356619898 0.5271242446292478 243
1694356619924 0.5262093414671322 244
1694356619950 0.5252912579067419 245
1694356619976 0.5243119335494876 246
1694356620005 0.5233659502654117 247
1694356620037 0.5224374347403692 248
1694356620062 0.5215346329558953 249
1694356620099 0.5206416913809974 250
1694356620124 0.5197268041508224 251
1694356620151 0.5188044655292543 252
1694356620182 0.5179566206913474 253
1694356620210 0.5170538925076426 254
1694356620236 0.516181551778969 255
1694356620261 0.5153065920033979 256
1694356620288 0.5144453667397744 257
1694356620314 0.5135962769276949 258
1694356620346 0.5127411584738499 259
1694356620372 0.5118920006737281 260
1694356620399 0.5110508109785202 261
1694356620425 0.510226242962677 262
1694356620451 0.5093776801999937 263
1694356620477 0.5085292929570523 264
1694356620504 0.5077442357264352 265
1694356620532 0.5069086527359533 266
1694356620558 0.5060968021303447 267
1694356620584 0.5052743776067317 268
1694356620614 0.5044966232340228 269
1694356620647 0.5036852139139385 270
1694356620674 0.5029056447811532 271
1694356620705 0.5021080634227718 272
1694356620729 0.5013149690266437 273
1694356620754 0.500535967829536 274
1694356620779 0.4997666613807164 275
1694356620804 0.4990162560282151 276
1694356620835 0.49825672760796225 277
1694356620861 0.49747395387807664 278
1694356620888 0.49672619423447817 279
1694356620925 0.49598421880440285 280
1694356620956 0.4952540230303445 281
1694356620988 0.4945053036135884 282
1694356621019 0.49379722430653145 283
1694356621106 0.49303201019728643 284
1694356621130 0.4923148804958261 285
1694356621157 0.4915735263569121 286
1694356621181 0.4908250087334063 287
1694356621207 0.4900876099327858 288
1694356621233 0.48935326852922373 289
1694356621257 0.48866756142682893 290
1694356621280 0.4879700548818664 291
1694356621306 0.48730069102717166 292
1694356621338 0.48662730152288686 293
1694356621362 0.485948771087884 294
1694356621387 0.48524564816498844 295
1694356621414 0.4845665390284573 296
1694356621441 0.4838571050056404 297
1694356621466 0.48320283809260334 298
1694356621493 0.48251069031410515 299
1694356621519 0.48181773860531146 300
1694356621546 0.4811459850197523 301
1694356621572 0.48049462528126125 302
1694356621624 0.4798088442872519 303
1694356621648 0.4791355147536736 304
1694356621674 0.4784723282612772 305
1694356621700 0.4777925252499407 306
1694356621728 0.47713694171419196 307
1694356621753 0.4764668687772827 308
1694356621779 0.47580938697566677 309
1694356621804 0.4751819339148119 310
1694356621835 0.4745442649532046 311
1694356621859 0.47389410737596593 312
1694356621884 0.4732400951997393 313
1694356621910 0.4726604502324013 314
1694356621934 0.4720448201082327 315
1694356621962 0.47142798152588955 316
1694356621988 0.4707946300455179 317
1694356622013 0.4702011840091265 318
1694356622037 0.4695949445905989 319
1694356622062 0.4689903399824297 320
1694356622086 0.46838287416898483 321
1694356622112 0.4677902247559511 322
1694356622137 0.4671889780820365 323
1694356622162 0.4665768756219328 324
1694356622187 0.46599060484379573 325
1694356622221 0.46541071193525074 326
1694356622246 0.46480084201947225 327
1694356622272 0.46420757049965805 328
1694356622298 0.46361513703487683 329
1694356622329 0.46306036376793747 330
1694356622354 0.46249947167700545 331
1694356622379 0.4619088280288172 332
1694356622404 0.46131558859946054 333
1694356622433 0.46072702714156005 334
1694356622458 0.46015741396372617 335
1694356622487 0.45956636043756954 336
1694356622512 0.4590191985212471 337
1694356622539 0.45845184023026236 338
1694356622565 0.4578690520653662 339
1694356622591 0.45730418389313054 340
1694356622619 0.4567205780754633 341
1694356622648 0.4561509402910315 342
1694356622673 0.4555909775470622 343
1694356622700 0.45502389128345644 344
1694356622731 0.4544919754230923 345
1694356622758 0.45395597518149144 346
1694356622783 0.45342684512481174 347
1694356622809 0.45284181261245204 348
1694356622839 0.45234339114201544 349
1694356622865 0.4518205495907046 350
1694356622892 0.45130835649126355 351
1694356622918 0.4508246435761236 352
1694356622965 0.45028490688480655 353
1694356622993 0.4497740558264218 354
1694356623020 0.4492265494583623 355
1694356623046 0.4487018017941075 356
1694356623096 0.44820631762474256 357
1694356623192 0.44769666059317226 358
1694356623217 0.44721499941183623 359
1694356623244 0.446705954798056 360
1694356623269 0.4461863270358598 361
1694356623294 0.4456971708244972 362
1694356623318 0.4451928085307685 363
1694356623349 0.4446999296739525 364
1694356623373 0.4441968711945093 365
1694356623402 0.4437005349268974 366
1694356623427 0.4432043726261786 367
1694356623452 0.44269592791868356 368
1694356623477 0.4421775987657076 369
1694356623503 0.4416873786487798 370
1694356623528 0.44117652197302737 371
1694356623554 0.44069742676333923 372
1694356623580 0.4402188428544322 373
1694356623605 0.4396873655605617 374
1694356623656 0.439217894497015 375
1694356623680 0.4387190527585811 376
1694356623704 0.43825038700244384 377
1694356623731 0.4377837960747061 378
1694356623761 0.4373097943774034 379
1694356623797 0.4368052070132083 380
1694356623822 0.4363523051258694 381
1694356623854 0.4358759656672347 382
1694356623877 0.4353855594006611 383
1694356623902 0.434920566536715 384
1694356623930 0.43444869714688583 385
1694356623954 0.43397584316428806 386
1694356623980 0.4335093682921069 387
1694356624006 0.43303336152467425 388
1694356624031 0.4325653436787309 389
1694356624056 0.43211228171949495 390
1694356624080 0.4316593300855765 391
1694356624105 0.4312060851198068 392
1694356624130 0.43074309426117185 393
1694356624154 0.43027056430939054 394
1694356624179 0.4298129760881199 395
1694356624204 0.4293570921025477 396
1694356624229 0.4289147713025534 397
1694356624255 0.4284361051205656 398
1694356624287 0.4279697069728142 399
1694356624313 0.4275250166211077 400
1694356624344 0.4271303301607685 401
1694356624369 0.4267077877877021 402
1694356624394 0.4262494746511488 403
1694356624419 0.42579466033478036 404
1694356624445 0.4253456338496401 405
1694356624471 0.42490953939812737 406
1694356624496 0.42448107584892786 407
1694356624521 0.4240321197150421 408
1694356624547 0.42359132089948515 409
1694356624573 0.4231543969039955 410
1694356624598 0.4227102141922917 411
1694356624623 0.4223008704888909 412
1694356624648 0.4218501528965272 413
1694356624675 0.4214366284552066 414
1694356624699 0.42101375800579144 415
1694356624725 0.4205830391672629 416
1694356624753 0.420143152439817 417
1694356624779 0.41970084454004153 418
1694356624806 0.41926913785828546 419
1694356624835 0.41886552542454925 420
1694356624859 0.41843816328492917 421
1694356624883 0.41803195057651454 422
1694356624909 0.41761199323509873 423
1694356624938 0.41721736247837155 424
1694356624975 0.41681222397132156 425
1694356624999 0.41641001949678214 426
1694356625024 0.4160147986141024 427
1694356625052 0.41560918133953845 428
1694356625077 0.4152191245884876 429
1694356625127 0.4148209260478909 430
1694356625151 0.4144008979197857 431
1694356625180 0.4140096578117471 432
1694356625267 0.413585678106851 433
1694356625292 0.41319616100533496 434
1694356625325 0.41279610241014436 435
1694356625349 0.41241171724249637 436
1694356625373 0.4120266648066129 437
1694356625398 0.41163911493777566 438
1694356625422 0.4112356057577572 439
1694356625451 0.41087411712221245 440
1694356625477 0.4104564655103345 441
1694356625502 0.41007221457954224 442
1694356625526 0.4096909655895976 443
1694356625551 0.4092858270959034 444
1694356625579 0.40889700158314396 445
1694356625605 0.40851594996415047 446
1694356625630 0.40807551051811086 447
1694356625654 0.4076693512354288 448
1694356625708 0.4072806933924751 449
1694356625733 0.4068860918389019 450
1694356625757 0.4065149204918022 451
1694356625787 0.4061174576301877 452
1694356625812 0.40575616738966164 453
1694356625842 0.40536052055977684 454
1694356625866 0.4049434902051334 455
1694356625891 0.4045491009513349 456
1694356625916 0.40418368224270484 457
1694356625942 0.4038299667900484 458
1694356625970 0.40344825105188226 459
1694356625995 0.4030746611334819 460
1694356626020 0.4027247684298418 461
1694356626047 0.4023822742979889 462
1694356626072 0.40199076144138574 463
1694356626098 0.4016131015088663 464
1694356626124 0.401256528707417 465
1694356626149 0.40088587815834903 466
1694356626175 0.4005161495629878 467
1694356626200 0.400144891470269 468
1694356626226 0.3997691829213044 469
1694356626251 0.3994450077206174 470
1694356626277 0.3991077039993264 471
1694356626301 0.39875240889287694 472
1694356626336 0.39837807206548986 473
1694356626364 0.39801799340663996 474
1694356626391 0.39766708584651705 475
1694356626416 0.39730944976045085 476
1694356626442 0.3969744874392687 477
1694356626469 0.3966040230518701 478
1694356626496 0.3962344156904259 479
1694356626522 0.3958867891011553 480
1694356626548 0.395532789462182 481
1694356626574 0.39519362417950016 482
1694356626601 0.3948567461532134 483
1694356626627 0.39449670739288956 484
1694356626652 0.3941283861272205 485
1694356626679 0.3938050507375172 486
1694356626706 0.3934623702238966 487
1694356626734 0.39310582817024636 488
1694356626761 0.39276816810927734 489
1694356626788 0.3924146008647109 490
1694356626815 0.3920452003459238 491
1694356626842 0.3917277677412158 492
1694356626866 0.39137689080454047 493
1694356626891 0.39101254294577786 494
1694356626914 0.3906692427276579 495
1694356626939 0.3903063771267721 496
1694356626964 0.390022771157746 497
1694356626989 0.38966071355825876 498
1694356627014 0.3893150595775681 499
1694356627126 0.3893150595775681 500
