1696252989365 1.8794409411018924 0
1696252989478 1.8098261203694683 1
1696252989520 1.7471269243323269 2
1696252989542 1.6951392247629302 3
1696252989561 1.6417452828809442 4
1696252989676 1.5980027098853296 5
1696252989706 1.5528771060790456 6
1696252989733 1.514285134818241 7
1696252989761 1.4761858647394512 8
1696252989783 1.4419426524223826 9
1696252989816 1.4032868666067801 10
1696252989839 1.366515291444378 11
1696252989860 1.3326756197941687 12
1696252989880 1.3003839621912432 13
1696252989900 1.2680437140196916 14
1696252989918 1.2369917815241371 15
1696252989942 1.2133296766965207 16
1696252989964 1.185883296504366 17
1696252989988 1.1623252760902627 18
1696252990089 1.1389404752297856 19
1696252990109 1.1187430682534918 20
1696252990133 1.0942543461866774 21
1696252990153 1.0718046278576427 22
1696252990173 1.0477658934123022 23
1696252990249 1.0255420083756932 24
1696252990269 1.0038077772918028 25
1696252990289 0.982629500957804 26
1696252990314 0.964369296172904 27
1696252990335 0.9473767996220087 28
1696252990356 0.9276647577043956 29
1696252990376 0.9079368770166019 30
1696252990397 0.8898779874867745 31
1696252990424 0.8751726066101876 32
1696252990445 0.8594781699876289 33
1696252990465 0.8425964564253284 34
1696252990485 0.8263368677661278 35
1696252990520 0.809861544799976 36
1696252990540 0.7963239228049162 37
1696252990560 0.7800829264251304 38
1696252990583 0.7669186363844185 39
1696252990603 0.7520690891557775 40
1696252990625 0.7369347716829805 41
1696252990644 0.7227176373373927 42
1696252990666 0.7114439358894148 43
1696252990686 0.6977664761687714 44
1696252990707 0.6849935706597707 45
1696252990729 0.6725066563160821 46
1696252990752 0.6599139742686939 47
1696252990773 0.648063635717155 48
1696252990796 0.6378834812181189 49
1696252990840 0.6263232512351249 50
1696252990861 0.6153231146019571 51
1696252990988 0.6040365309406331 52
1696252991039 0.5923534328897263 53
1696252991084 0.5823392547559254 54
1696252991161 0.5720997302316998 55
1696252991193 0.5617056613317782 56
1696252991221 0.5509917511113227 57
1696252991247 0.5411674798900249 58
1696252991273 0.5314075939948736 59
1696252991297 0.5227561570816928 60
1696252991317 0.5128502297849483 61
1696252991337 0.5031471075960239 62
1696252991361 0.49423936041838 63
1696252991382 0.48520557301365363 64
1696252991406 0.4773322495671174 65
1696252991428 0.46838123831795536 66
1696252991492 0.46022145173243106 67
1696252991533 0.45276382790319797 68
1696252991632 0.44451058261826243 69
1696252991658 0.43770009548847166 70
1696252991690 0.4305142950722589 71
1696252991729 0.4225488317223401 72
1696252991751 0.41530903210982606 73
1696252991778 0.408522952483771 74
1696252991799 0.4009689611604582 75
1696252991825 0.39456714124375813 76
1696252991847 0.38729390031659716 77
1696252991868 0.3803188761179085 78
1696252991902 0.37395957574066224 79
1696252991944 0.36772018408212875 80
1696252991979 0.36179038246998996 81
1696252992010 0.3557852538037984 82
1696252992031 0.35001238530649437 83
1696252992053 0.34364498108258845 84
1696252992116 0.33737638159658523 85
1696252992147 0.33173062157027833 86
1696252992296 0.3260858548943488 87
1696252992320 0.32043886018257495 88
1696252992343 0.31571736591665756 89
1696252992372 0.31014929036327304 90
1696252992399 0.3058958834501812 91
1696252992434 0.3009252091033315 92
1696252992464 0.29547591590750033 93
1696252992491 0.2901295848485728 94
1696252992516 0.2848901489667973 95
1696252992542 0.28039022033384897 96
1696252992564 0.27559893674556485 97
1696252992587 0.271241432529975 98
1696252992608 0.2665294192438284 99
1696252992627 0.2617317733962004 100
1696252992664 0.2573162276601881 101
1696252992695 0.25340257476102784 102
1696252992727 0.24955705300355505 103
1696252992753 0.2453018121847715 104
1696252992783 0.24145760135320518 105
1696252992817 0.23735345154731718 106
1696252992847 0.2332297548726631 107
1696252992942 0.229484339650021 108
1696252993016 0.22629085725754167 109
1696252993049 0.22271890157294413 110
1696252993085 0.21893496185452285 111
1696252993127 0.2161501924439256 112
1696252993155 0.21276495964990152 113
1696252993181 0.20917832972912243 114
1696252993239 0.20596116245013418 115
1696252993738 0.20230126386247627 116
1696252993759 0.19893484362114455 117
1696252993780 0.19540050639314374 118
1696252993801 0.19246337312445905 119
1696252993822 0.18920802488849123 120
1696252993842 0.18584992066122183 121
1696252993864 0.1827294487611351 122
1696252993892 0.18007271283818518 123
1696252993916 0.17698494983363586 124
1696252993958 0.17396663374785043 125
1696252993985 0.17127576042119363 126
1696252994019 0.16841663395967504 127
1696252994052 0.1656076468265508 128
1696252994082 0.16322063803960993 129
1696252994119 0.1608918569334376 130
1696252994142 0.15814502993840815 131
1696252994164 0.15571972111183885 132
1696252994185 0.15311511655856483 133
1696252994208 0.15057654813781052 134
1696252994231 0.14819984991456886 135
1696252994339 0.14572662986594595 136
1696252994365 0.1431644323261115 137
1696252994389 0.14074169861361804 138
1696252994412 0.13835652924277217 139
1696252994437 0.1359271114153054 140
1696252994464 0.13367423964603048 141
1696252994509 0.13168595325079197 142
1696252994531 0.1294888983372222 143
1696252994552 0.12728219661032905 144
1696252994574 0.12533840906593754 145
1696252994593 0.12314567831094572 146
1696252994622 0.12117869327172202 147
1696252994653 0.11956719436263433 148
1696252994674 0.1177510023447769 149
1696252994695 0.11569329928109622 150
1696252994717 0.11385621756460083 151
1696252994739 0.11200254193719826 152
1696252994762 0.11026908143035485 153
1696252994786 0.10850243223773814 154
1696252994813 0.10696431101574284 155
1696252994835 0.10540333337522867 156
1696252994862 0.10362634085573948 157
1696252994886 0.10188239079867076 158
1696252994910 0.10037583956092615 159
1696252994932 0.0987894067017057 160
1696252994959 0.09712692929059427 161
1696252994982 0.09568693757840181 162
1696252995047 0.09402251066509866 163
1696252995070 0.09261708088258844 164
1696252995091 0.09115462272530304 165
1696252995120 0.08957062508523427 166
1696252995161 0.08806778677753394 167
1696252995181 0.08667873982052327 168
1696252995218 0.08525337576233163 169
1696252995240 0.08403950526153152 170
1696252995278 0.0827115257826541 171
1696252995299 0.0815050978313966 172
1696252995319 0.08009399322948342 173
1696252995343 0.07883477464127428 174
1696252995366 0.07759335798115338 175
1696252995389 0.0762518115079553 176
1696252995410 0.07522304534334785 177
1696252995440 0.07392266716053046 178
1696252995460 0.07280863230797162 179
1696252995488 0.071594979580539 180
1696252995509 0.07040526279502368 181
1696252995566 0.06922453006003144 182
1696252995598 0.06827183591514284 183
1696252995628 0.06709702097139317 184
1696252995651 0.06598260230137279 185
1696252995671 0.06499602337953814 186
1696252995693 0.06387409425420842 187
1696252995715 0.06284364949295507 188
1696252995806 0.06201189157714269 189
1696252995828 0.06113423774523298 190
1696252995854 0.06029413284735378 191
1696252995875 0.05929572258459724 192
1696252995901 0.058420789584272194 193
1696252995925 0.05750934073763842 194
1696252995946 0.056545256469099615 195
1696252995968 0.05562948666067101 196
1696252995991 0.05479621660912038 197
1696252996014 0.053881863862564536 198
1696252996037 0.05302547379493794 199
1696252996060 0.052197001202106935 200
1696252996082 0.05137777516419275 201
1696252996105 0.05056242175934283 202
1696252996129 0.04980303738069984 203
1696252996151 0.049088523508914385 204
1696252996174 0.048487962668153875 205
1696252996195 0.047720079869776916 206
1696252996217 0.04698093120519623 207
1696252996247 0.04631201553767178 208
1696252996270 0.045565168808169826 209
1696252996335 0.04487485442134508 210
1696252996423 0.04413485746044021 211
1696252996445 0.043452663667306324 212
1696252996469 0.04271001857790216 213
1696252996491 0.04212825424600003 214
1696252996513 0.041436581595408285 215
1696252996535 0.040857977896337966 216
1696252996556 0.04020342190468254 217
1696252996579 0.03951922103604462 218
1696252996600 0.038872009733357256 219
1696252996622 0.038245500836815105 220
1696252996643 0.03764468175132663 221
1696252996665 0.03704793041236381 222
1696252996686 0.036453893388808056 223
1696252996710 0.03596899065658531 224
1696252996732 0.03544328122312608 225
1696252996756 0.03487905441052006 226
1696252996776 0.03431842090593088 227
1696252996801 0.03385001975521692 228
1696252996823 0.03329502494153401 229
1696252996846 0.032804832177811674 230
1696252996868 0.03238236577594236 231
1696252996888 0.03183565248725357 232
1696252996910 0.03129548850525262 233
1696252996930 0.030795173948127953 234
1696252996953 0.030337452717176493 235
1696252996986 0.029911323724837232 236
1696252997008 0.02944178509026682 237
1696252997031 0.02898528322914805 238
1696252997054 0.028611375130636107 239
1696252997077 0.02814577028560678 240
1696252997104 0.02770570309528169 241
1696252997126 0.027252367397493968 242
1696252997148 0.026794663360381603 243
1696252997171 0.026354142424487095 244
1696252997193 0.025936025372627534 245
1696252997215 0.0255092457289266 246
1696252997240 0.02511617591917835 247
1696252997262 0.0247181905025159 248
1696252997284 0.02430646823366631 249
1696252997323 0.023945964646162155 250
1696252997345 0.023590494179542013 251
1696252997368 0.023259161312613404 252
1696252997390 0.022885714237780977 253
1696252997412 0.022516192202657173 254
1696252997433 0.022160374150909767 255
1696252997559 0.0219015686548527 256
1696252997610 0.021549984858717182 257
1696252997629 0.021188493595346893 258
1696252997650 0.02089625479575955 259
1696252997670 0.020579505194302326 260
1696252997696 0.02028989954369449 261
1696252997716 0.019981664743063628 262
1696252997737 0.019674779612733114 263
1696252997760 0.01939736679986555 264
1696252997782 0.019152717908273418 265
1696252997886 0.018856776956257933 266
1696252997906 0.01854211103556512 267
1696252997929 0.018252852333196526 268
1696252997953 0.01801563461085051 269
1696252997975 0.01774189884436473 270
1696252997998 0.01746335277140261 271
1696252998021 0.017250056997122638 272
1696252998042 0.016997831831889937 273
1696252998064 0.016751811146692105 274
1696252998086 0.01650205167522658 275
1696252998109 0.01629028580168104 276
1696252998132 0.016037503201295884 277
1696252998153 0.015778080116564324 278
1696252998175 0.015562346740284207 279
1696252998197 0.015329753450245972 280
1696252998217 0.015075956334777329 281
1696252998239 0.014844150352258714 282
1696252998262 0.014613818907103714 283
1696252998284 0.014403530373785056 284
1696252998305 0.014215369106907834 285
1696252998356 0.014020107825432795 286
1696252998376 0.013788796059065637 287
1696252998395 0.013569107718741766 288
1696252998427 0.01335981068711209 289
1696252998459 0.013140125699002938 290
1696252998543 0.012960351120752363 291
1696252998565 0.012768204149362522 292
1696252998586 0.012601859218676998 293
1696252998610 0.012409572965076698 294
1696252998631 0.012225259616849891 295
1696252998653 0.012064328987116374 296
1696252998673 0.011894825388427495 297
1696252998695 0.011742398054900361 298
1696252998716 0.011579710846959497 299
1696252998737 0.011408687673504387 300
1696252998759 0.01123430127995569 301
1696252998779 0.011080245587800071 302
1696252998800 0.01091300647547801 303
1696252998824 0.010762487375269482 304
1696252998848 0.010630150361569371 305
1696252998870 0.010509223284023674 306
1696252998890 0.010338635820222422 307
1696252998911 0.010192829531256883 308
1696252998932 0.010031765070310904 309
1696252998971 0.009878204606865683 310
1696252998992 0.009722230713610888 311
1696252999012 0.009564337505363181 312
1696252999033 0.009420886790999238 313
1696252999053 0.009273664679636352 314
1696252999074 0.009123100188030336 315
1696252999099 0.008983385923882313 316
1696252999120 0.008874521745254006 317
1696252999141 0.008754030972938016 318
1696252999162 0.008625132931712375 319
1696252999182 0.00848556302134216 320
1696252999204 0.008380382707437909 321
1696252999225 0.008253920669712918 322
1696252999248 0.008143973572873392 323
1696252999282 0.008028382758466667 324
1696252999315 0.007908411500580912 325
1696252999334 0.00778407824131738 326
1696252999366 0.00767149176815255 327
1696252999389 0.007581080384540199 328
1696252999410 0.007489122829492348 329
1696252999432 0.007379566576359713 330
1696252999452 0.007268245869723157 331
1696252999473 0.007160735892937672 332
1696252999496 0.007060081660105008 333
1696252999516 0.00696914476519203 334
1696252999540 0.0068801636419022795 335
1696252999561 0.006779941455598539 336
1696252999581 0.0066758231586283665 337
1696252999635 0.0065951130261062965 338
1696252999656 0.0065039649657135865 339
1696252999677 0.006406675178959386 340
1696252999697 0.00631434329441015 341
1696252999723 0.006246759979855209 342
1696252999745 0.006158016966440114 343
1696252999767 0.006091395343270317 344
1696252999789 0.006009815578854164 345
1696252999813 0.005928762587522581 346
1696252999833 0.005839175882114428 347
1696252999857 0.005762802851252281 348
1696252999877 0.005680322635827366 349
1696252999983 0.005607603075780207 350
1696253000004 0.0055294203182474095 351
1696253000027 0.005458802588295267 352
1696253000048 0.005374302646768931 353
1696253000068 0.005294677765954297 354
1696253000088 0.005211340002535707 355
1696253000110 0.0051341732534422565 356
1696253000130 0.005053847153725839 357
1696253000149 0.0049859708936896814 358
1696253000168 0.004907326972213574 359
1696253000190 0.004835527619626496 360
1696253000212 0.00476976202662209 361
1696253000231 0.004695191732519289 362
1696253000252 0.004632335941672927 363
1696253000274 0.004572611733687155 364
1696253000294 0.004500735589639319 365
1696253000315 0.004432395313852479 366
1696253000355 0.004378510007380246 367
1696253000404 0.004320446744832017 368
1696253000426 0.004261884742522186 369
1696253000447 0.004202144490089555 370
1696253000474 0.004139361521463271 371
1696253000492 0.004081444387374356 372
1696253000512 0.004024285768426813 373
1696253000550 0.003970988369478575 374
1696253000617 0.003913433435071088 375
1696253000648 0.0038644085318140266 376
1696253000668 0.0038061111287475153 377
1696253000723 0.0037635901722270428 378
1696253000745 0.003719053170512933 379
1696253000768 0.0036695255677034796 380
1696253000789 0.0036175994759504652 381
1696253000813 0.003570956556196635 382
1696253000835 0.0035215421594147634 383
1696253000858 0.0034714744118045787 384
1696253000879 0.003422159737715345 385
1696253000899 0.0033746115469382235 386
1696253000921 0.003324867115111167 387
1696253000943 0.003289399806939549 388
1696253000962 0.0032391883897856717 389
1696253000983 0.003189317002169628 390
1696253001003 0.0031517329053043094 391
1696253001021 0.003102983239807867 392
1696253001043 0.00306123714765495 393
1696253001064 0.003016333261935495 394
1696253001084 0.002977674946552795 395
1696253001105 0.002933762717562034 396
1696253001130 0.0028933482088739537 397
1696253001167 0.002863033968745078 398
1696253001188 0.002832712198582075 399
1696253001209 0.0028012636586306726 400
1696253001229 0.0027660372890174517 401
1696253001249 0.002727915869428463 402
1696253001270 0.0026922186917400334 403
1696253001290 0.0026525092079407024 404
1696253001314 0.002615023201517557 405
1696253001334 0.002575528208338693 406
1696253001355 0.0025429518596343597 407
1696253001374 0.0025073729582310213 408
1696253001396 0.002477296793833531 409
1696253001415 0.002440958830467018 410
1696253001436 0.0024057868224919145 411
1696253001457 0.0023722183139883316 412
1696253001477 0.0023391618596323824 413
1696253001497 0.0023069015056637844 414
1696253001518 0.002278135596804168 415
1696253001537 0.0022447183391494084 416
1696253001561 0.002215834520836887 417
1696253001580 0.0021882220840057027 418
1696253001601 0.002160718130053357 419
1696253001622 0.002134949328529527 420
1696253001643 0.0021075504332020143 421
1696253001692 0.0020785180881891232 422
1696253001712 0.0020511849591980623 423
1696253001732 0.002022604559993671 424
1696253001753 0.001994182229867532 425
1696253001774 0.0019669430424292165 426
1696253001797 0.0019458299509563675 427
1696253001821 0.001921210208062077 428
1696253001842 0.0018967648345516335 429
1696253001860 0.0018695234330894368 430
1696253001879 0.001843006040955416 431
1696253001901 0.0018195584475470409 432
1696253001920 0.001795550399144423 433
1696253001939 0.0017697756812899196 434
1696253001958 0.0017443688204166028 435
1696253001983 0.0017216010402879328 436
1696253002008 0.0016993113496951687 437
1696253002030 0.001677728641882843 438
1696253002092 0.0016549249476742955 439
1696253002121 0.0016334717012325012 440
1696253002142 0.0016116353718562198 441
1696253002171 0.0015910146774800226 442
1696253002195 0.001571444967713773 443
1696253002215 0.0015502701913055223 444
1696253002234 0.0015326006844741688 445
1696253002254 0.0015142368860941928 446
1696253002275 0.0014950523742855275 447
1696253002296 0.0014794321907522507 448
1696253002315 0.0014581220633366255 449
1696253002337 0.0014411219002303088 450
1696253002357 0.0014219257683416114 451
1696253002378 0.0014027307021763841 452
1696253002398 0.0013847754978828014 453
1696253002448 0.0013691126126428867 454
1696253002466 0.0013497609710466888 455
1696253002485 0.0013314769111760951 456
1696253002507 0.0013182376025784564 457
1696253002533 0.0013058508371391628 458
1696253002567 0.001287636855126022 459
1696253002588 0.0012721481232291763 460
1696253002608 0.0012568968481818888 461
1696253002746 0.001242412120657982 462
1696253002765 0.001225668751109917 463
1696253002786 0.0012125213894411597 464
1696253002817 0.0011974620970662626 465
1696253002840 0.0011813580910684574 466
1696253002865 0.001167134482046728 467
1696253002886 0.0011511623860922832 468
1696253002929 0.0011361808107420673 469
1696253002960 0.0011225229702178975 470
1696253002986 0.0011095359760156897 471
1696253003014 0.0010974944940813412 472
1696253003040 0.0010832255896402842 473
1696253003065 0.0010687046193890604 474
1696253003095 0.0010567873767380858 475
1696253003140 0.0010450455106417985 476
1696253003176 0.0010324189227164235 477
1696253003205 0.001018765366529915 478
1696253003229 0.0010052794182323843 479
1696253003259 0.0009924360937350074 480
1696253003282 0.000979422822245115 481
1696253003324 0.0009667000072169579 482
1696253003355 0.0009561902647249476 483
1696253003380 0.0009430831843370521 484
1696253003426 0.0009335232455525489 485
1696253003452 0.0009216033802489699 486
1696253003476 0.0009124710659692571 487
1696253003499 0.0009005094999590488 488
1696253003524 0.0008891261419687713 489
1696253003549 0.0008790802122242417 490
1696253003574 0.0008676979552570938 491
1696253003612 0.000856712636315198 492
1696253003647 0.0008463518190450263 493
1696253003677 0.0008366364198134503 494
1696253003731 0.0008263178322510383 495
1696253003759 0.0008152309793823829 496
1696253003779 0.00080527432654518 497
1696253003803 0.0007956015694023514 498
1696253003830 0.0007863163279936713 499
1696253003861 0.0007773361515041966 500
1696253003889 0.0007681335746100958 501
1696253003916 0.0007587792312738638 502
1696253003959 0.0007489240682908941 503
1696253003991 0.0007395434606541251 504
1696253004015 0.0007310276304330463 505
1696253004039 0.0007220413053714556 506
1696253004062 0.0007131484227609154 507
1696253004087 0.0007042031749739538 508
1696253004110 0.0006951835544113141 509
1696253004213 0.0006867309019574258 510
1696253004232 0.0006783507170704862 511
1696253004255 0.0006710807693470662 512
1696253004275 0.0006624187454141024 513
1696253004295 0.0006547584391178378 514
1696253004325 0.000647923427084223 515
1696253004443 0.000639741987046626 516
1696253004497 0.0006314583465350607 517
1696253004527 0.0006250815299336743 518
1696253004559 0.0006177415139297157 519
1696253004591 0.0006101780653770058 520
1696253004627 0.0006032699987227069 521
1696253004658 0.0005964052159098757 522
1696253004686 0.0005892816999966598 523
1696253004708 0.0005819246429880831 524
1696253004816 0.0005750309176499803 525
1696253004841 0.0005692342540157398 526
1696253004861 0.0005625781541622172 527
1696253004879 0.0005556214699254542 528
1696253004900 0.0005490056853769837 529
1696253004921 0.0005422212768476999 530
1696253004942 0.0005353276922497412 531
1696253004963 0.0005301440100477892 532
1696253004998 0.0005238535111292713 533
1696253005022 0.0005177687345832483 534
1696253005061 0.0005114733204179042 535
1696253005080 0.0005053673752673737 536
1696253005102 0.0004992594793623741 537
1696253005122 0.0004943056033609 538
1696253005145 0.0004880613605712185 539
1696253005164 0.00048213111703831275 540
1696253005184 0.00047640841232119937 541
1696253005203 0.00047079626138391104 542
1696253005224 0.00046547377785782784 543
1696253005246 0.0004607056019103547 544
1696253005263 0.0004552311707247034 545
1696253005283 0.0004500196519350833 546
1696253005306 0.00044569713639105497 547
1696253005325 0.0004402355669386719 548
1696253005347 0.00043582431140840646 549
1696253005365 0.0004306386110510683 550
1696253005384 0.0004254297691247612 551
1696253005405 0.0004204932990757946 552
1696253005426 0.0004156396173287208 553
1696253005446 0.0004106927007927203 554
1696253005466 0.0004063395445148775 555
1696253005491 0.00040212816149053717 556
1696253005513 0.00039749434867434853 557
1696253005533 0.00039296362142686296 558
1696253005555 0.00038894529911599166 559
1696253005575 0.0003850990820994683 560
1696253005595 0.0003807157267329112 561
1696253005621 0.00037620742510567737 562
1696253005641 0.00037232088444398294 563
1696253005660 0.00036789529009391105 564
1696253005677 0.0003635848472718446 565
1696253005696 0.000359012619087455 566
1696253005717 0.0003556150020039921 567
1696253005768 0.00035205193945492215 568
1696253005789 0.0003485016811533492 569
1696253005811 0.00034463113002145994 570
1696253005835 0.00034068467957399387 571
1696253005858 0.000336338649925945 572
1696253005878 0.0003327664954673256 573
1696253005897 0.0003287592967419011 574
1696253005917 0.0003248469567591425 575
1696253005941 0.00032113218065811126 576
1696253005961 0.000317589829397261 577
1696253005980 0.0003138047773287085 578
1696253006002 0.00031016591451560636 579
1696253006024 0.00030667262757629586 580
1696253006044 0.00030295797362767964 581
1696253006066 0.00029939075219057525 582
1696253006085 0.00029573185531602247 583
1696253006106 0.0002922510279100066 584
1696253006128 0.00028889344109457 585
1696253006151 0.0002866550044468459 586
1696253006172 0.0002834811236308388 587
1696253006192 0.00028010914557873126 588
1696253006221 0.00027713544797686786 589
1696253006311 0.0002742682376832625 590
1696253006334 0.0002716900495069957 591
1696253006361 0.00026879216318861313 592
1696253006382 0.0002655887265766481 593
1696253006402 0.00026237775607466414 594
1696253006425 0.00025936329995005425 595
1696253006445 0.0002562169689672851 596
1696253006466 0.00025340930367327453 597
1696253006517 0.0002506462867969717 598
1696253006536 0.0002479097362375944 599
1696253006559 0.0002455332569998465 600
1696253006580 0.0002427099634791584 601
1696253006602 0.0002399689759351038 602
1696253006622 0.0002374203352262145 603
1696253006646 0.00023506385024111014 604
1696253006667 0.00023244145417881785 605
1696253006687 0.00022996680877795104 606
1696253006707 0.0002275810827386321 607
1696253006727 0.00022539137197048582 608
1696253006750 0.0002233028661117818 609
1696253006771 0.00022061368301495824 610
1696253006792 0.00021824142884348323 611
1696253006822 0.00021570352810277717 612
1696253006845 0.00021348192176282973 613
1696253006915 0.00021110167566108543 614
1696253006953 0.0002087316899394995 615
1696253006976 0.0002062832051838421 616
1696253006994 0.00020387398124154427 617
1696253007014 0.00020185569095150722 618
1696253007033 0.00019977152950654176 619
1696253007053 0.00019743555751440824 620
1696253007075 0.00019516247225251568 621
1696253007094 0.00019314645610299036 622
1696253007114 0.0001907984205375965 623
1696253007136 0.00018883621829727672 624
1696253007158 0.00018660951582177504 625
1696253007181 0.00018484916543394037 626
1696253007202 0.00018294126485680722 627
1696253007222 0.0001808130488363711 628
1696253007242 0.00017880970311786313 629
1696253007263 0.00017686597163879165 630
1696253007284 0.00017492095691641393 631
1696253007307 0.00017274660257300846 632
1696253007329 0.00017076636559622377 633
1696253007389 0.00016883885784608793 634
1696253007411 0.0001668763685205606 635
1696253007566 0.00016507683369189504 636
1696253007585 0.00016312733050897018 637
1696253007606 0.00016148791891616748 638
1696253007627 0.00015965432393650418 639
1696253007647 0.00015802029430733995 640
1696253007669 0.0001562117000491054 641
1696253007691 0.00015476017642386975 642
1696253007711 0.00015299769656871163 643
1696253007732 0.00015128183368289685 644
1696253007770 0.00014955349382789605 645
1696253007815 0.00014825901502382702 646
1696253007836 0.0001468286150055674 647
1696253007856 0.00014545654111671705 648
1696253007881 0.0001439668322250174 649
1696253008020 0.000142245739961694 650
1696253008041 0.00014062425025259073 651
1696253008061 0.00013906099964629588 652
1696253008080 0.00013733874901094417 653
1696253008103 0.00013579268194807074 654
1696253008123 0.0001345624868372441 655
1696253008146 0.00013326248530997974 656
1696253008172 0.00013174111420831622 657
1696253008235 0.00013019400027001834 658
1696253008254 0.00012880436074529328 659
1696253008276 0.00012725602965478656 660
1696253008390 0.00012588476168582768 661
1696253008431 0.00012437320682005492 662
1696253008454 0.0001228837354992317 663
1696253008475 0.00012132789789402897 664
1696253008497 0.00011980330777830067 665
1696253008517 0.00011844837678318858 666
1696253008577 0.00011695127832219466 667
1696253008633 0.00011576075775202625 668
1696253008657 0.0001144096736893138 669
1696253008677 0.00011324848062078823 670
1696253008700 0.0001121435639612338 671
1696253008722 0.00011088542831280671 672
1696253008743 0.00010968907192617827 673
1696253008764 0.00010856091420345079 674
1696253008783 0.00010746961738606733 675
1696253008806 0.00010632651243492708 676
1696253008829 0.00010500167165062695 677
1696253008850 0.00010390080388277966 678
1696253008874 0.0001027127713681879 679
1696253009047 0.00017880970311786313 680
