1696074986074 1.8794409411018926 0
1696074986102 1.809826120369468 1
1696074986132 1.7471269243323269 2
1696074986153 1.6951392247629302 3
1696074986176 1.6417452828809442 4
1696074986199 1.5980027098853296 5
1696074986223 1.5528771060790456 6
1696074986247 1.514285134818241 7
1696074986270 1.4761858647394517 8
1696074986294 1.4419426524223826 9
1696074986315 1.4032868666067804 10
1696074986334 1.366515291444378 11
1696074986571 1.3326756197941687 12
1696074986593 1.3003839621912434 13
1696074986662 1.2680437140196916 14
1696074986682 1.2369917815241371 15
1696074986803 1.2133296766965207 16
1696074986832 1.185883296504366 17
1696074986936 1.1623252760902627 18
1696074986998 1.1389404752297858 19
1696074987021 1.1187430682534918 20
1696074987041 1.0942543461866776 21
1696074987063 1.0718046278576425 22
1696074987089 1.047765893412302 23
1696074987111 1.0255420083756934 24
1696074987133 1.003807777291803 25
1696074987154 0.9826295009578039 26
1696074987178 0.964369296172904 27
1696074987203 0.9473767996220087 28
1696074987229 0.9276647577043954 29
1696074987252 0.9079368770166019 30
1696074987278 0.8898779874867745 31
1696074987303 0.8751726066101876 32
1696074987331 0.8594781699876289 33
1696074987354 0.8425964564253284 34
1696074987378 0.8263368677661278 35
1696074987400 0.8098615447999759 36
1696074987424 0.7963239228049162 37
1696074987446 0.7800829264251304 38
1696074987470 0.7669186363844185 39
1696074987528 0.7520690891557775 40
1696074987548 0.7369347716829807 41
1696074987570 0.7227176373373927 42
1696074987593 0.7114439358894148 43
1696074987616 0.6977664761687714 44
1696074987639 0.6849935706597708 45
1696074987661 0.6725066563160821 46
1696074987698 0.6599139742686939 47
1696074987719 0.6480636357171551 48
1696074987747 0.637883481218119 49
1696074987770 0.6263232512351249 50
1696074987794 0.6153231146019572 51
1696074987818 0.6040365309406331 52
1696074987839 0.5923534328897263 53
1696074987861 0.5823392547559253 54
1696074987946 0.5720997302316998 55
1696074987967 0.5617056613317782 56
1696074987990 0.5509917511113226 57
1696074988016 0.5411674798900249 58
1696074988039 0.5314075939948736 59
1696074988101 0.5227561570816929 60
1696074988120 0.5128502297849483 61
1696074988145 0.5031471075960239 62
1696074988178 0.49423936041838 63
1696074988201 0.48520557301365363 64
1696074988239 0.4773322495671174 65
1696074988261 0.46838123831795536 66
1696074988286 0.46022145173243106 67
1696074988308 0.45276382790319797 68
1696074988330 0.4445105826182625 69
1696074988353 0.43770009548847166 70
1696074988378 0.4305142950722589 71
1696074988514 0.4225488317223401 72
1696074988537 0.4153090321098261 73
1696074988571 0.408522952483771 74
1696074988595 0.4009689611604581 75
1696074988626 0.39456714124375813 76
1696074988653 0.38729390031659716 77
1696074988679 0.38031887611790843 78
1696074988702 0.37395957574066224 79
1696074988730 0.36772018408212875 80
1696074988758 0.36179038246999007 81
1696074988782 0.3557852538037984 82
1696074988816 0.35001238530649437 83
1696074988891 0.34364498108258845 84
1696074988986 0.33737638159658523 85
1696074989104 0.33173062157027833 86
1696074989134 0.3260858548943488 87
1696074989162 0.32043886018257484 88
1696074989188 0.31571736591665756 89
1696074989214 0.31014929036327304 90
1696074989248 0.30589588345018115 91
1696074989279 0.3009252091033315 92
1696074989304 0.2954759159075003 93
1696074989328 0.2901295848485729 94
1696074989370 0.2848901489667973 95
1696074989520 0.28039022033384897 96
1696074989600 0.27559893674556485 97
1696074989624 0.27124143252997496 98
1696074989647 0.26652941924382845 99
1696074989671 0.2617317733962004 100
1696074989692 0.257316227660188 101
1696074989713 0.25340257476102784 102
1696074989765 0.24955705300355507 103
1696074989787 0.2453018121847715 104
1696074989816 0.24145760135320513 105
1696074989838 0.23735345154731718 106
1696074989868 0.2332297548726631 107
1696074989893 0.22948433965002105 108
1696074989945 0.22629085725754164 109
1696074989967 0.22271890157294413 110
1696074989992 0.21893496185452288 111
1696074990016 0.2161501924439256 112
1696074990043 0.21276495964990152 113
1696074990066 0.20917832972912243 114
1696074990130 0.20596116245013418 115
1696074990153 0.20230126386247627 116
1696074990177 0.19893484362114455 117
1696074990215 0.19540050639314374 118
1696074990236 0.19246337312445908 119
1696074990255 0.18920802488849123 120
1696074990276 0.18584992066122183 121
1696074990299 0.1827294487611351 122
1696074990324 0.18007271283818518 123
1696074990345 0.1769849498336359 124
1696074990366 0.17396663374785043 125
1696074990389 0.17127576042119363 126
1696074990411 0.16841663395967504 127
1696074990464 0.16560764682655077 128
1696074990506 0.16322063803960993 129
1696074990531 0.16089185693343763 130
1696074990560 0.15814502993840815 131
1696074990583 0.15571972111183885 132
1696074990605 0.15311511655856483 133
1696074990630 0.15057654813781052 134
1696074990655 0.14819984991456883 135
1696074990679 0.14572662986594595 136
1696074990707 0.1431644323261115 137
1696074990729 0.14074169861361804 138
1696074990753 0.13835652924277217 139
1696074990776 0.1359271114153054 140
1696074990798 0.13367423964603048 141
1696074990821 0.13168595325079194 142
1696074990843 0.1294888983372222 143
1696074990865 0.12728219661032905 144
1696074990888 0.12533840906593757 145
1696074990909 0.12314567831094572 146
1696074991461 0.12117869327172201 147
1696074991526 0.11956719436263433 148
1696074991555 0.11775100234477687 149
1696074991580 0.1156932992810962 150
1696074991642 0.11385621756460083 151
1696074991667 0.11200254193719826 152
1696074991692 0.11026908143035483 153
1696074991717 0.10850243223773814 154
1696074991739 0.10696431101574282 155
1696074991762 0.10540333337522867 156
1696074991784 0.10362634085573948 157
1696074991810 0.10188239079867076 158
1696074991836 0.10037583956092617 159
1696074991859 0.0987894067017057 160
1696074991881 0.09712692929059427 161
1696074991903 0.09568693757840181 162
1696074991927 0.09402251066509865 163
1696074991948 0.09261708088258844 164
1696074991973 0.09115462272530304 165
1696074991993 0.08957062508523424 166
1696074992014 0.08806778677753392 167
1696074992038 0.08667873982052327 168
1696074992064 0.08525337576233163 169
1696074992087 0.08403950526153152 170
1696074992110 0.0827115257826541 171
1696074992132 0.0815050978313966 172
1696074992155 0.08009399322948342 173
1696074992180 0.0788347746412743 174
1696074992203 0.0775933579811534 175
1696074992228 0.0762518115079553 176
1696074992251 0.07522304534334785 177
1696074992293 0.07392266716053045 178
1696074992314 0.07280863230797162 179
1696074992336 0.071594979580539 180
1696074992361 0.07040526279502368 181
1696074992385 0.06922453006003144 182
1696074992408 0.06827183591514284 183
1696074992429 0.06709702097139315 184
1696074992450 0.06598260230137279 185
1696074992473 0.06499602337953815 186
1696074992496 0.06387409425420844 187
1696074992518 0.06284364949295507 188
1696074992541 0.06201189157714269 189
1696074992565 0.06113423774523298 190
1696074992593 0.06029413284735378 191
1696074992615 0.059295722584597234 192
1696074992637 0.058420789584272194 193
1696074992661 0.05750934073763842 194
1696074992683 0.056545256469099615 195
1696074992707 0.05562948666067101 196
1696074992735 0.054796216609120374 197
1696074992744 0.053881863862564536 198
1696074992766 0.05302547379493794 199
1696074992789 0.052197001202106935 200
1696074992813 0.05137777516419275 201
1696074992835 0.05056242175934283 202
1696074992858 0.04980303738069984 203
1696074992881 0.049088523508914385 204
1696074992904 0.048487962668153875 205
1696074992929 0.04772007986977692 206
1696074992952 0.04698093120519623 207
1696074992980 0.04631201553767179 208
1696074993005 0.045565168808169826 209
1696074993034 0.044874854421345076 210
1696074993061 0.04413485746044021 211
1696074993165 0.04345266366730633 212
1696074993218 0.04271001857790216 213
1696074993241 0.04212825424600003 214
1696074993266 0.041436581595408285 215
1696074993307 0.040857977896337966 216
1696074993399 0.04020342190468253 217
1696074993421 0.03951922103604462 218
1696074993446 0.03887200973335726 219
1696074993469 0.03824550083681511 220
1696074993515 0.03764468175132663 221
1696074993537 0.03704793041236381 222
1696074993557 0.036453893388808056 223
1696074993583 0.03596899065658532 224
1696074993750 0.03544328122312608 225
1696074993772 0.03487905441052006 226
1696074993791 0.03431842090593088 227
1696074993817 0.03385001975521691 228
1696074993839 0.03329502494153402 229
1696074993864 0.032804832177811674 230
1696074993887 0.03238236577594236 231
1696074993907 0.03183565248725357 232
1696074993930 0.03129548850525263 233
1696074993950 0.030795173948127953 234
1696074993987 0.030337452717176496 235
1696074994010 0.02991132372483722 236
1696074994033 0.02944178509026682 237
1696074994053 0.028985283229148052 238
1696074994077 0.028611375130636114 239
1696074994099 0.02814577028560678 240
1696074994143 0.02770570309528169 241
1696074994182 0.027252367397493968 242
1696074994289 0.026794663360381603 243
1696074994333 0.026354142424487095 244
1696074994353 0.02593602537262753 245
1696074994375 0.0255092457289266 246
1696074994396 0.025116175919178346 247
1696074994417 0.024718190502515898 248
1696074994438 0.024306468233666317 249
1696074994461 0.023945964646162155 250
1696074994486 0.023590494179542013 251
1696074994510 0.023259161312613404 252
1696074994535 0.02288571423778097 253
1696074994557 0.022516192202657173 254
1696074994582 0.022160374150909767 255
1696074994605 0.0219015686548527 256
1696074994628 0.02154998485871718 257
1696074994648 0.021188493595346893 258
1696074994671 0.02089625479575955 259
1696074994692 0.020579505194302326 260
1696074994717 0.020289899543694485 261
1696074994740 0.019981664743063628 262
1696074994769 0.01967477961273311 263
1696074994792 0.01939736679986555 264
1696074994817 0.019152717908273418 265
1696074994846 0.01885677695625793 266
1696074994866 0.018542111035565117 267
1696074994888 0.018252852333196526 268
1696074994913 0.01801563461085051 269
1696074994936 0.01774189884436473 270
1696074994958 0.017463352771402613 271
1696074994981 0.01725005699712264 272
1696074995002 0.016997831831889937 273
1696074995024 0.016751811146692105 274
1696074995046 0.01650205167522658 275
1696074995071 0.01629028580168104 276
1696074995095 0.016037503201295884 277
1696074995119 0.015778080116564328 278
1696074995173 0.015562346740284207 279
1696074995195 0.015329753450245969 280
1696074995300 0.01507595633477733 281
1696074995330 0.014844150352258714 282
1696074995371 0.014613818907103714 283
1696074995395 0.014403530373785056 284
1696074995416 0.014215369106907828 285
1696074995444 0.014020107825432797 286
1696074995464 0.013788796059065637 287
1696074995570 0.013569107718741766 288
1696074995601 0.013359810687112093 289
1696074995624 0.013140125699002936 290
1696074995652 0.012960351120752363 291
1696074995715 0.012768204149362522 292
1696074995739 0.012601859218676998 293
1696074995765 0.012409572965076696 294
1696074995790 0.01222525961684989 295
1696074995819 0.012064328987116376 296
1696074995849 0.011894825388427495 297
1696074995876 0.011742398054900361 298
1696074995903 0.011579710846959497 299
1696074995930 0.011408687673504387 300
1696074995953 0.01123430127995569 301
1696074995978 0.01108024558780007 302
1696074996003 0.010913006475478012 303
1696074996026 0.010762487375269483 304
1696074996052 0.01063015036156937 305
1696074996080 0.010509223284023674 306
1696074996105 0.01033863582022242 307
1696074996132 0.010192829531256883 308
1696074996156 0.010031765070310904 309
1696074996185 0.009878204606865683 310
1696074996212 0.009722230713610888 311
1696074996235 0.009564337505363183 312
1696074996264 0.009420886790999238 313
1696074996421 0.009273664679636352 314
1696074996446 0.009123100188030335 315
1696074996469 0.008983385923882313 316
1696074996500 0.008874521745254006 317
1696074996524 0.008754030972938016 318
1696074996557 0.008625132931712375 319
1696074996586 0.00848556302134216 320
1696074996614 0.008380382707437909 321
1696074996636 0.008253920669712915 322
1696074996659 0.008143973572873392 323
1696074996683 0.008028382758466667 324
1696074996705 0.007908411500580912 325
1696074996726 0.00778407824131738 326
1696074996750 0.00767149176815255 327
1696074996774 0.007581080384540199 328
1696074996798 0.007489122829492351 329
1696074996820 0.007379566576359714 330
1696074996841 0.007268245869723157 331
1696074996864 0.007160735892937672 332
1696074996890 0.007060081660105008 333
1696074996915 0.006969144765192031 334
1696074996938 0.0068801636419022795 335
1696074996961 0.00677994145559854 336
1696074996983 0.006675823158628365 337
1696074997012 0.0065951130261062965 338
1696074997033 0.0065039649657135865 339
1696074997056 0.006406675178959387 340
1696074997077 0.00631434329441015 341
1696074997101 0.00624675997985521 342
1696074997125 0.006158016966440114 343
1696074997148 0.006091395343270317 344
1696074997207 0.006009815578854164 345
1696074997231 0.005928762587522581 346
1696074997252 0.005839175882114428 347
1696074997279 0.005762802851252281 348
1696074997302 0.005680322635827366 349
1696074997327 0.005607603075780207 350
1696074997349 0.005529420318247408 351
1696074997372 0.005458802588295268 352
1696074997476 0.005374302646768932 353
1696074997507 0.005294677765954297 354
1696074997527 0.005211340002535706 355
1696074997552 0.005134173253442256 356
1696074997571 0.005053847153725839 357
1696074997641 0.004985970893689681 358
1696074997672 0.004907326972213574 359
1696074997753 0.004835527619626496 360
1696074997776 0.00476976202662209 361
1696074997795 0.004695191732519288 362
1696074997819 0.004632335941672927 363
1696074997841 0.004572611733687155 364
1696074997866 0.004500735589639319 365
1696074997888 0.004432395313852479 366
1696074997909 0.004378510007380246 367
1696074997930 0.004320446744832016 368
1696074997951 0.004261884742522186 369
1696074997972 0.0042021444900895545 370
1696074997994 0.004139361521463271 371
1696074998016 0.004081444387374357 372
1696074998039 0.0040242857684268125 373
1696074998064 0.003970988369478575 374
1696074998085 0.003913433435071088 375
1696074998107 0.003864408531814027 376
1696074998132 0.0038061111287475153 377
1696074998153 0.0037635901722270428 378
1696074998220 0.003719053170512933 379
1696074998241 0.003669525567703479 380
1696074998265 0.0036175994759504644 381
1696074998291 0.0035709565561966345 382
1696074998313 0.003521542159414763 383
1696074998335 0.003471474411804579 384
1696074998356 0.003422159737715345 385
1696074998377 0.0033746115469382235 386
1696074998401 0.003324867115111167 387
1696074998424 0.003289399806939549 388
1696074998444 0.0032391883897856717 389
1696074998465 0.003189317002169628 390
1696074998486 0.0031517329053043094 391
1696074998506 0.003102983239807867 392
1696074998531 0.0030612371476549495 393
1696074998552 0.003016333261935496 394
1696074998577 0.0029776749465527954 395
1696074998600 0.0029337627175620336 396
1696074998625 0.0028933482088739537 397
1696074998650 0.002863033968745078 398
1696074998673 0.002832712198582074 399
1696074998703 0.0028012636586306726 400
1696074998813 0.002766037289017452 401
1696074998958 0.002727915869428463 402
1696074998980 0.0026922186917400334 403
1696074999000 0.0026525092079407024 404
1696074999021 0.002615023201517557 405
1696074999040 0.0025755282083386936 406
1696074999064 0.0025429518596343592 407
1696074999083 0.0025073729582310213 408
1696074999107 0.002477296793833531 409
1696074999130 0.002440958830467018 410
1696074999151 0.002405786822491915 411
1696074999173 0.0023722183139883316 412
1696074999195 0.002339161859632383 413
1696074999216 0.0023069015056637844 414
1696074999274 0.002278135596804168 415
1696074999295 0.0022447183391494084 416
1696074999318 0.002215834520836887 417
1696074999338 0.0021882220840057022 418
1696074999363 0.002160718130053357 419
1696074999385 0.002134949328529527 420
1696074999408 0.0021075504332020143 421
1696074999429 0.0020785180881891232 422
1696074999449 0.002051184959198062 423
1696074999471 0.002022604559993671 424
1696074999506 0.001994182229867532 425
1696074999551 0.0019669430424292165 426
1696074999585 0.0019458299509563673 427
1696074999607 0.0019212102080620771 428
1696074999651 0.0018967648345516335 429
1696074999671 0.0018695234330894368 430
1696074999691 0.0018430060409554158 431
1696074999711 0.0018195584475470409 432
1696074999849 0.0017955503991444232 433
1696074999925 0.0017697756812899196 434
1696074999943 0.0017443688204166032 435
1696074999963 0.0017216010402879326 436
1696074999986 0.0016993113496951687 437
1696075000008 0.001677728641882843 438
1696075000030 0.0016549249476742953 439
1696075000049 0.0016334717012325012 440
1696075000069 0.0016116353718562198 441
1696075000089 0.0015910146774800226 442
1696075000109 0.001571444967713773 443
1696075000132 0.0015502701913055223 444
1696075000156 0.0015326006844741688 445
1696075000177 0.001514236886094193 446
1696075000213 0.0014950523742855275 447
1696075000234 0.0014794321907522507 448
1696075000255 0.0014581220633366255 449
1696075000278 0.0014411219002303088 450
1696075000300 0.0014219257683416114 451
1696075000322 0.0014027307021763837 452
1696075000343 0.0013847754978828014 453
1696075000367 0.0013691126126428867 454
1696075000387 0.0013497609710466888 455
1696075000408 0.001331476911176095 456
1696075000431 0.0013182376025784564 457
1696075000456 0.0013058508371391626 458
1696075000478 0.001287636855126022 459
1696075000506 0.0012721481232291765 460
1696075000528 0.0012568968481818888 461
1696075000553 0.001242412120657982 462
1696075000575 0.0012256687511099172 463
1696075000602 0.0012125213894411597 464
1696075000623 0.0011974620970662626 465
1696075000645 0.0011813580910684572 466
1696075000669 0.001167134482046728 467
1696075000694 0.001151162386092283 468
1696075000717 0.0011361808107420673 469
1696075000738 0.0011225229702178975 470
1696075000759 0.0011095359760156895 471
1696075000780 0.0010974944940813412 472
1696075000801 0.0010832255896402845 473
1696075000822 0.0010687046193890604 474
1696075000842 0.0010567873767380858 475
1696075000863 0.0010450455106417987 476
1696075000885 0.0010324189227164235 477
1696075000906 0.001018765366529915 478
1696075000927 0.0010052794182323845 479
1696075000948 0.0009924360937350074 480
1696075000968 0.0009794228222451153 481
1696075000991 0.0009667000072169577 482
1696075001016 0.0009561902647249475 483
1696075001038 0.0009430831843370521 484
1696075001061 0.000933523245552549 485
1696075001082 0.0009216033802489699 486
1696075001104 0.0009124710659692568 487
1696075001124 0.0009005094999590487 488
1696075001151 0.0008891261419687713 489
1696075001173 0.0008790802122242418 490
1696075001193 0.0008676979552570938 491
1696075001219 0.000856712636315198 492
1696075001242 0.0008463518190450265 493
1696075001281 0.0008366364198134503 494
1696075001326 0.0008263178322510383 495
1696075001344 0.000815230979382383 496
1696075001363 0.0008052743265451799 497
1696075001383 0.0007956015694023514 498
1696075001406 0.0007863163279936713 499
1696075001428 0.0007773361515041964 500
1696075001448 0.0007681335746100958 501
1696075001470 0.0007587792312738638 502
1696075001489 0.0007489240682908941 503
1696075001516 0.0007395434606541251 504
1696075001539 0.0007310276304330465 505
1696075001559 0.0007220413053714555 506
1696075001578 0.0007131484227609154 507
1696075001598 0.0007042031749739538 508
1696075001623 0.0006951835544113141 509
1696075001686 0.0006867309019574258 510
1696075001731 0.0006783507170704862 511
1696075001759 0.0006710807693470662 512
1696075001778 0.0006624187454141024 513
1696075001800 0.0006547584391178377 514
1696075001860 0.000647923427084223 515
1696075001880 0.000639741987046626 516
1696075001898 0.0006314583465350607 517
1696075001917 0.0006250815299336743 518
1696075001943 0.0006177415139297157 519
1696075002042 0.000610178065377006 520
1696075002065 0.0006032699987227069 521
1696075002091 0.0005964052159098759 522
1696075002111 0.0005892816999966598 523
1696075002133 0.0005819246429880831 524
1696075002153 0.0005750309176499803 525
1696075002174 0.0005692342540157398 526
1696075002195 0.0005625781541622172 527
1696075002214 0.0005556214699254542 528
1696075002293 0.0005490056853769839 529
1696075002312 0.0005422212768476998 530
1696075002334 0.0005353276922497412 531
1696075002359 0.0005301440100477893 532
1696075002379 0.0005238535111292712 533
1696075002400 0.0005177687345832483 534
1696075002419 0.0005114733204179042 535
1696075002441 0.0005053673752673735 536
1696075002467 0.0004992594793623741 537
1696075002487 0.0004943056033609 538
1696075002507 0.0004880613605712185 539
1696075002526 0.00048213111703831275 540
1696075002560 0.0004764084123211994 541
1696075002585 0.00047079626138391115 542
1696075002621 0.00046547377785782784 543
1696075002645 0.0004607056019103547 544
1696075002670 0.00045523117072470337 545
1696075002690 0.0004500196519350833 546
1696075002717 0.0004456971363910548 547
1696075002746 0.0004402355669386718 548
1696075002769 0.00043582431140840646 549
1696075002792 0.0004306386110510683 550
1696075002814 0.0004254297691247611 551
1696075002837 0.0004204932990757946 552
1696075002894 0.0004156396173287208 553
1696075002918 0.0004106927007927203 554
1696075002939 0.00040633954451487744 555
1696075002965 0.00040212816149053717 556
1696075003008 0.00039749434867434853 557
1696075003030 0.0003929636214268629 558
1696075003054 0.00038894529911599166 559
1696075003077 0.0003850990820994683 560
1696075003102 0.00038071572673291127 561
1696075003126 0.00037620742510567737 562
1696075003152 0.0003723208844439831 563
1696075003175 0.00036789529009391105 564
1696075003202 0.00036358484727184466 565
1696075003228 0.000359012619087455 566
1696075003256 0.0003556150020039921 567
1696075003284 0.00035205193945492226 568
1696075003362 0.0003485016811533491 569
1696075003387 0.00034463113002145994 570
1696075003411 0.00034068467957399387 571
1696075003437 0.000336338649925945 572
1696075003461 0.0003327664954673256 573
1696075003486 0.0003287592967419011 574
1696075003511 0.00032484695675914245 575
1696075003539 0.0003211321806581113 576
1696075003563 0.000317589829397261 577
1696075003586 0.0003138047773287085 578
1696075003608 0.00031016591451560636 579
1696075003629 0.00030667262757629586 580
1696075003649 0.0003029579736276796 581
1696075003671 0.00029939075219057525 582
1696075003692 0.0002957318553160224 583
1696075003712 0.00029225102791000654 584
1696075003736 0.00028889344109457 585
1696075003783 0.0002866550044468459 586
1696075003908 0.0002834811236308388 587
1696075003936 0.00028010914557873137 588
1696075003962 0.00027713544797686786 589
1696075003984 0.0002742682376832625 590
1696075004008 0.0002716900495069958 591
1696075004034 0.0002687921631886132 592
1696075004060 0.00026558872657664806 593
1696075004087 0.0002623777560746642 594
1696075004231 0.00025936329995005425 595
1696075004253 0.0002562169689672852 596
1696075004277 0.00025340930367327453 597
1696075004297 0.0002506462867969717 598
1696075004318 0.0002479097362375944 599
1696075004341 0.00024553325699984646 600
1696075004363 0.0002427099634791584 601
1696075004383 0.0002399689759351038 602
1696075004404 0.00023742033522621456 603
1696075004428 0.00023506385024111014 604
1696075004450 0.00023244145417881785 605
1696075004474 0.0002299668087779511 606
1696075004496 0.0002275810827386321 607
1696075004517 0.00022539137197048582 608
1696075004541 0.00022330286611178186 609
1696075004564 0.00022061368301495824 610
1696075004587 0.00021824142884348323 611
1696075004610 0.00021570352810277717 612
1696075004634 0.00021348192176282973 613
1696075004655 0.00021110167566108543 614
1696075004674 0.0002087316899394995 615
1696075004697 0.00020628320518384206 616
1696075004717 0.00020387398124154427 617
1696075004742 0.0002018556909515072 618
1696075004762 0.00019977152950654176 619
1696075004783 0.00019743555751440824 620
1696075004806 0.00019516247225251568 621
1696075004826 0.00019314645610299033 622
1696075004850 0.0001907984205375965 623
1696075004873 0.00018883621829727672 624
1696075004896 0.00018660951582177504 625
1696075004921 0.00018484916543394037 626
1696075004943 0.00018294126485680724 627
1696075004965 0.0001808130488363711 628
1696075004987 0.00017880970311786313 629
1696075005010 0.00017686597163879165 630
1696075005034 0.00017492095691641393 631
1696075005059 0.00017274660257300846 632
1696075005085 0.00017076636559622377 633
1696075005108 0.00016883885784608793 634
1696075005133 0.0001668763685205606 635
1696075005153 0.00016507683369189504 636
1696075005172 0.00016312733050897018 637
1696075005195 0.0001614879189161675 638
1696075005229 0.00015965432393650418 639
1696075005254 0.00015802029430733995 640
1696075005277 0.0001562117000491054 641
1696075005297 0.0001547601764238697 642
1696075005318 0.00015299769656871166 643
1696075005340 0.00015128183368289685 644
1696075005365 0.00014955349382789605 645
1696075005419 0.00014825901502382702 646
1696075005442 0.0001468286150055674 647
1696075005463 0.00014545654111671705 648
1696075005487 0.00014396683222501737 649
1696075005515 0.00014224573996169396 650
1696075005536 0.00014062425025259073 651
1696075005557 0.00013906099964629582 652
1696075005579 0.0001373387490109442 653
1696075005605 0.00013579268194807074 654
1696075005626 0.0001345624868372441 655
1696075005652 0.00013326248530997974 656
1696075005673 0.0001317411142083162 657
1696075005696 0.00013019400027001834 658
1696075005716 0.00012880436074529325 659
1696075005739 0.00012725602965478656 660
1696075005760 0.00012588476168582768 661
1696075005780 0.00012437320682005492 662
1696075005802 0.0001228837354992317 663
1696075005823 0.00012132789789402894 664
1696075005846 0.00011980330777830067 665
1696075005866 0.00011844837678318858 666
1696075005894 0.00011695127832219466 667
1696075005968 0.00011576075775202625 668
1696075005999 0.00011440967368931382 669
1696075006019 0.00011324848062078826 670
1696075006049 0.0001121435639612338 671
1696075006071 0.00011088542831280671 672
1696075006093 0.00010968907192617826 673
1696075006113 0.00010856091420345077 674
1696075006138 0.00010746961738606733 675
1696075006159 0.00010632651243492708 676
1696075006182 0.00010500167165062694 677
1696075006203 0.00010390080388277966 678
1696075006346 0.00010271277136818793 679
1696075006504 0.00017880970311786313 680
