1694358877596 1.9110737750511633 0
1694358877630 1.8744299169026646 1
1694358877662 1.8415718815893434 2
1694358877691 1.809955834203693 3
1694358877716 1.7803085926992104 4
1694358877740 1.752261784735173 5
1694358877764 1.7254122122273436 6
1694358877788 1.699941514831035 7
1694358877814 1.675339338224722 8
1694358877838 1.6516251761332177 9
1694358877861 1.6288789110515 10
1694358877885 1.6070422368481196 11
1694358877908 1.5857869743157909 12
1694358877934 1.5653826456693032 13
1694358877958 1.5457332935638408 14
1694358877982 1.5267389870915227 15
1694358878010 1.508034729681919 16
1694358878037 1.4901156306292007 17
1694358878113 1.4727385910414323 18
1694358878137 1.4557310099367011 19
1694358878163 1.4395554408650757 20
1694358878192 1.4233418051685431 21
1694358878220 1.4077319231667227 22
1694358878246 1.3927205069251518 23
1694358878273 1.3778810268977966 24
1694358878297 1.363464624542628 25
1694358878322 1.3493235150227207 26
1694358878347 1.3353564253672225 27
1694358878374 1.3217511881053345 28
1694358878399 1.308551880137504 29
1694358878424 1.2958677377130816 30
1694358878451 1.283311015861361 31
1694358878478 1.2709762235074749 32
1694358878504 1.2589524445390983 33
1694358878528 1.2472622066011696 34
1694358878558 1.2358027899143587 35
1694358878595 1.2243951550580163 36
1694358878623 1.213455495382681 37
1694358878682 1.2026996720329552 38
1694358878732 1.192142072362815 39
1694358878759 1.1818871322658058 40
1694358878783 1.1716894029480387 41
1694358878809 1.1619335442975298 42
1694358878835 1.1521772361295612 43
1694358878859 1.1425638718989106 44
1694358878884 1.1331711420571855 45
1694358878910 1.123851697811269 46
1694358878936 1.114903759085883 47
1694358878962 1.1058724478256556 48
1694358878988 1.097238797208409 49
1694358879014 1.0887385479569798 50
1694358879039 1.0803615638730864 51
1694358879070 1.0721154450132409 52
1694358879097 1.0639776332716415 53
1694358879122 1.0561128800194646 54
1694358879148 1.0482993667044376 55
1694358879195 1.0406183269893365 56
1694358879324 1.033068657377852 57
1694358879348 1.0255668727052343 58
1694358879443 1.0183064574037377 59
1694358879469 1.0112056608844495 60
1694358879503 1.004097638693622 61
1694358879529 0.9971787192288819 62
1694358879554 0.9904118878701443 63
1694358879579 0.9835838499861751 64
1694358879611 0.9770603182279118 65
1694358879639 0.9706450496955895 66
1694358879677 0.9643001177286 67
1694358879706 0.9580591615175468 68
1694358879741 0.9518460631493558 69
1694358879766 0.945807039221162 70
1694358879790 0.9398874736814012 71
1694358879815 0.9340185962488573 72
1694358879842 0.9282613723172871 73
1694358879866 0.9225072479184371 74
1694358879892 0.9168140144040209 75
1694358879923 0.9112155846774049 76
1694358879950 0.9058474938312517 77
1694358879976 0.9004996639216956 78
1694358880005 0.8951956485546013 79
1694358880031 0.8900272653363183 80
1694358880057 0.8849437691191679 81
1694358880084 0.8799453062001745 82
1694358880110 0.8749359093652499 83
1694358880140 0.8700605467571021 84
1694358880169 0.8652682682537377 85
1694358880201 0.8604604253929683 86
1694358880228 0.8558118065820984 87
1694358880254 0.8512178640810779 88
1694358880279 0.8466945219880279 89
1694358880306 0.8422413233784191 90
1694358880333 0.8378488807732722 91
1694358880358 0.8335792239434069 92
1694358880384 0.829332910094679 93
1694358880410 0.8251526739204851 94
1694358880437 0.820953449542494 95
1694358880467 0.8168426077077846 96
1694358880494 0.8128792198176493 97
1694358880523 0.8089543829650915 98
1694358880550 0.8050386383220363 99
1694358880576 0.8012003226208658 100
1694358880602 0.7973748246313234 101
1694358880628 0.7936435579675367 102
1694358880658 0.789899359053554 103
1694358880689 0.7862241246594325 104
1694358880714 0.7825911664248764 105
1694358880913 0.779067348678767 106
1694358880938 0.7755533502795956 107
1694358880965 0.771988171739234 108
1694358880992 0.7685120734276728 109
1694358881017 0.7651131451001544 110
1694358881050 0.7616656998052477 111
1694358881075 0.7583607137531477 112
1694358881102 0.7551895130740699 113
1694358881128 0.7519624117291398 114
1694358881155 0.7487964597206801 115
1694358881180 0.7456740931486536 116
1694358881215 0.7426343217006105 117
1694358881256 0.7395110791140143 118
1694358881305 0.7365027838578581 119
1694358881331 0.7335258283538536 120
1694358881357 0.7305139041581362 121
1694358881383 0.7276032012820891 122
1694358881410 0.7247172237926857 123
1694358881468 0.7218664909312169 124
1694358881494 0.7190220890738251 125
1694358881519 0.7162449133220544 126
1694358881548 0.7134574662704715 127
1694358881573 0.7107814867104987 128
1694358881599 0.7081414009575716 129
1694358881625 0.7055096462722509 130
1694358881649 0.7028831562753877 131
1694358881674 0.700237123628649 132
1694358881705 0.6977471265804646 133
1694358881733 0.6952093629537656 134
1694358881759 0.692636078150345 135
1694358881786 0.6901744317961233 136
1694358881816 0.6877290241163193 137
1694358881842 0.6852319806438159 138
1694358881868 0.6828453867530927 139
1694358881895 0.6804986889327024 140
1694358881922 0.678157104741039 141
1694358881948 0.6758483491454766 142
1694358881986 0.6735825524668413 143
1694358882014 0.6713511016310048 144
1694358882046 0.6691204755486686 145
1694358882085 0.6669479448206364 146
1694358882111 0.6647400277491243 147
1694358882139 0.6625733845018436 148
1694358882165 0.6604215817115394 149
1694358882192 0.6583347282698743 150
1694358882219 0.6562487356171155 151
1694358882248 0.6541811934007251 152
1694358882273 0.6522026802109785 153
1694358882299 0.6501418666583878 154
1694358882325 0.648091725002268 155
1694358882353 0.6461094692947945 156
1694358882379 0.6441615719604852 157
1694358882405 0.6422393988195637 158
1694358882431 0.6403070219072958 159
1694358882457 0.6384154396885351 160
1694358882483 0.6364743779707249 161
1694358882510 0.6346438436615377 162
1694358882536 0.632815981652296 163
1694358882562 0.6309805854197008 164
1694358882592 0.6291613820769961 165
1694358882618 0.6273471339041021 166
1694358882644 0.6255871073332481 167
1694358882672 0.6238011287218637 168
1694358882704 0.622076130434636 169
1694358882729 0.6204075920522181 170
1694358882756 0.6186859263147236 171
1694358882787 0.6170255054787105 172
1694358882814 0.6153540322444055 173
1694358882841 0.6137172746525555 174
1694358882866 0.61210756316772 175
1694358882902 0.6105028561388468 176
1694358882958 0.6088529814016016 177
1694358882985 0.6072825374452023 178
1694358883061 0.6056778313394051 179
1694358883087 0.6041532812077358 180
1694358883112 0.6026385361332963 181
1694358883140 0.6010959187990678 182
1694358883167 0.5995693654936051 183
1694358883199 0.5980556549133383 184
1694358883225 0.5965584381107455 185
1694358883250 0.5950670077882907 186
1694358883276 0.5936100178193978 187
1694358883327 0.5921387825730327 188
1694358883352 0.5906775692466365 189
1694358883378 0.5892613760262685 190
1694358883405 0.5877771256691258 191
1694358883431 0.5863659574315775 192
1694358883487 0.5849840962095639 193
1694358883511 0.583572476439407 194
1694358883536 0.5822302926872053 195
1694358883563 0.580906021463669 196
1694358883594 0.5795487567515841 197
1694358883621 0.5781766350779479 198
1694358883646 0.576870935352462 199
1694358883671 0.5755640804478724 200
1694358883701 0.5742658976842082 201
1694358883730 0.5729901799072531 202
1694358883766 0.5716684932209892 203
1694358883791 0.5704038509613664 204
1694358883818 0.569146084036921 205
1694358883846 0.5678861988194176 206
1694358883872 0.5666120009974334 207
1694358883898 0.5654015555513742 208
1694358883924 0.5642591808130378 209
1694358883951 0.5630446236862922 210
1694358883977 0.5618481525870153 211
1694358884003 0.560658196880483 212
1694358884028 0.5595030370591482 213
1694358884054 0.5583383167744503 214
1694358884080 0.5571344203600129 215
1694358884108 0.5559850539746088 216
1694358884133 0.55483060813165 217
1694358884160 0.5536980524762241 218
1694358884186 0.5525733793674554 219
1694358884216 0.5514849825255425 220
1694358884241 0.5503860715022628 221
1694358884269 0.5492833884358622 222
1694358884294 0.548222456023 223
1694358884319 0.547148071696747 224
1694358884344 0.5460755624287088 225
1694358884373 0.5450030289859628 226
1694358884398 0.5439785622697839 227
1694358884424 0.5429003852198144 228
1694358884449 0.5418155296986128 229
1694358884478 0.5407721123088557 230
1694358884504 0.5397636830406112 231
1694358884529 0.5387409424759727 232
1694358884555 0.5377337094365936 233
1694358884580 0.5367204123112448 234
1694358884608 0.5357169307967451 235
1694358884634 0.5347124221799138 236
1694358884659 0.5337101334913561 237
1694358884684 0.532712115048614 238
1694358884716 0.5317678337629711 239
1694358884740 0.5308242685303892 240
1694358884766 0.5298613539859935 241
1694358884789 0.5288971599242279 242
1694358884814 0.5279946331501069 243
1694358884840 0.5270390807303572 244
1694358884864 0.5261035686744359 245
1694358884893 0.5251593070042899 246
1694358884918 0.5242360697994067 247
1694358884944 0.5233164915945903 248
1694358884969 0.5224077457297829 249
1694358884996 0.5215021038873717 250
1694358885022 0.5206015724638124 251
1694358885055 0.5197046490835865 252
1694358885140 0.5188313541368447 253
1694358885179 0.5179100990114491 254
1694358885213 0.5170131851980958 255
1694358885239 0.5161491229288058 256
1694358885264 0.5152631044005681 257
1694358885288 0.5143989150765044 258
1694358885314 0.5135453289171362 259
1694358885365 0.5127060069455625 260
1694358885389 0.5118763151660468 261
1694358885413 0.5110530359308386 262
1694358885442 0.5102012046357609 263
1694358885531 0.5093691149193145 264
1694358885557 0.5085721293247026 265
1694358885584 0.5077811903175715 266
1694358885609 0.5069715740536828 267
1694358885634 0.5061747679362355 268
1694358885660 0.5053645368841656 269
1694358885684 0.5045519463302613 270
1694358885713 0.5037739724370786 271
1694358885740 0.5029777179398316 272
1694358885765 0.5022111933182358 273
1694358885789 0.5014800579616143 274
1694358885814 0.5007437907747775 275
1694358885839 0.4999765602375458 276
1694358885862 0.4992515998773224 277
1694358885889 0.4985123702661207 278
1694358885913 0.49778583698431816 279
1694358885940 0.49703030847569013 280
1694358885968 0.4962952979050666 281
1694358885993 0.4955699503202001 282
1694358886019 0.4948270045218093 283
1694358886045 0.4940934643689777 284
1694358886073 0.4933817227190536 285
1694358886100 0.49266835104619433 286
1694358886126 0.49195390648740556 287
1694358886151 0.49126591368852096 288
1694358886177 0.49052702925577757 289
1694358886209 0.4897956657097586 290
1694358886237 0.4891292238177522 291
1694358886263 0.4884356767351003 292
1694358886290 0.4877208359074613 293
1694358886316 0.4870247140217648 294
1694358886343 0.4863043754203834 295
1694358886370 0.485594360963688 296
1694358886395 0.4849115245855585 297
1694358886421 0.48423024805463727 298
1694358886448 0.48356514919241467 299
1694358886474 0.48291322491866334 300
1694358886504 0.48226321030041075 301
1694358886531 0.4816347692111908 302
1694358886559 0.48095833737319454 303
1694358886589 0.4802864347535248 304
1694358886615 0.4796397508631236 305
1694358886640 0.479041386384464 306
1694358886668 0.4783958298537447 307
1694358886698 0.4777466870010934 308
1694358886725 0.477112908405114 309
1694358886753 0.4764873923098228 310
1694358886778 0.47585666197028664 311
1694358886804 0.47519307354449064 312
1694358886831 0.47454632603798874 313
1694358886857 0.4739111903596992 314
1694358886884 0.4733161442967193 315
1694358886911 0.472695996414502 316
1694358886937 0.4720431545316508 317
1694358886964 0.47141124766481407 318
1694358886992 0.4707852824984941 319
1694358887022 0.4701922352435271 320
1694358887048 0.469581472224959 321
1694358887074 0.4689758727449852 322
1694358887105 0.4683810589200446 323
1694358887131 0.4677863324619787 324
1694358887208 0.46718653268766136 325
1694358887234 0.46660235943585343 326
1694358887282 0.46601859141805213 327
1694358887307 0.4654386016227001 328
1694358887332 0.46487183862067943 329
1694358887357 0.46428945870939 330
1694358887407 0.4637008544543789 331
1694358887431 0.4631187021105602 332
1694358887457 0.46253057789601354 333
1694358887481 0.4619404318868408 334
1694358887506 0.4613394359848104 335
1694358887562 0.46080158120725523 336
1694358887586 0.46022984384861115 337
1694358887611 0.45968675107942497 338
1694358887634 0.4591082238281384 339
1694358887661 0.45855361294985825 340
1694358887691 0.45796781772961204 341
1694358887716 0.4574214295054508 342
1694358887740 0.4568786714324467 343
1694358887776 0.45633664467510515 344
1694358887801 0.45580145866845634 345
1694358887827 0.45524505241259183 346
1694358887852 0.454689931772304 347
1694358887877 0.45415432345688883 348
1694358887902 0.45360419441887784 349
1694358887928 0.4530557392068483 350
1694358887951 0.45252159844169143 351
1694358887975 0.45201853298134015 352
1694358888000 0.4514961258796242 353
1694358888025 0.4509580869014772 354
1694358888051 0.45045956404700443 355
1694358888078 0.44996509734040163 356
1694358888103 0.4494432560019989 357
1694358888128 0.4489161776695074 358
1694358888155 0.44839836274297934 359
1694358888181 0.44789597376012613 360
1694358888211 0.4473952205637477 361
1694358888236 0.44690219255946756 362
1694358888264 0.4463520194551353 363
1694358888290 0.44585417463527316 364
1694358888316 0.44532768441083015 365
1694358888343 0.44482776398062146 366
1694358888370 0.4442915276476045 367
1694358888396 0.4437820709913527 368
1694358888422 0.443276205159967 369
1694358888447 0.4427918410596464 370
1694358888474 0.44229835295246206 371
1694358888505 0.44180206295884467 372
1694358888531 0.4412888092622095 373
1694358888558 0.44080191373263183 374
1694358888586 0.44030380357084287 375
1694358888617 0.4398461826496817 376
1694358888643 0.43940573455436843 377
1694358888673 0.4388980178624438 378
1694358888706 0.4384236663406077 379
1694358888732 0.43796173934228616 380
1694358888759 0.4374859766337385 381
1694358888784 0.4369968398747161 382
1694358888810 0.43649625753153953 383
1694358888834 0.43601989451387096 384
1694358888858 0.43552012767617226 385
1694358888882 0.43506145757061543 386
1694358888905 0.4346277123500198 387
1694358888930 0.43415353878154656 388
1694358888955 0.43366951151362926 389
1694358888979 0.4331989839002569 390
1694358889005 0.4327590907408167 391
1694358889028 0.4322958656383368 392
1694358889052 0.43183720063286 393
1694358889075 0.43135624509666876 394
1694358889101 0.43090090974865974 395
1694358889126 0.4304273130830355 396
1694358889155 0.4299753537283053 397
1694358889182 0.4295209781841566 398
1694358889212 0.4290878826633395 399
1694358889238 0.42863027240304247 400
1694358889273 0.4281768521008859 401
1694358889301 0.4276992009054048 402
1694358889384 0.4272478031101544 403
1694358889437 0.42679571713186126 404
1694358889459 0.4263763975430086 405
1694358889483 0.4259254680271605 406
1694358889508 0.42551019756182734 407
1694358889535 0.42510947386383996 408
1694358889562 0.4246925596561747 409
1694358889613 0.42426976172750513 410
1694358889637 0.423827054712418 411
1694358889664 0.42341821723651424 412
1694358889687 0.4229749932300446 413
1694358889720 0.4225572275857486 414
1694358889743 0.4221191580567516 415
1694358889773 0.42172980962497725 416
1694358889796 0.42129373790083585 417
1694358889823 0.42089227880114366 418
1694358889848 0.42049665301535444 419
1694358889873 0.42007408549782715 420
1694358889901 0.419662463157333 421
1694358889924 0.4192533287541946 422
1694358889949 0.4188525838530321 423
1694358889974 0.41844833981632445 424
1694358889997 0.4180227581977339 425
1694358890022 0.41761518982879875 426
1694358890046 0.4172064682103573 427
1694358890072 0.41679355031275567 428
1694358890096 0.41636639001026615 429
1694358890125 0.4159521633488728 430
1694358890151 0.4155368625177575 431
1694358890177 0.4151026632733426 432
1694358890214 0.41469053881256784 433
1694358890240 0.41427468774171383 434
1694358890264 0.4138853094329978 435
1694358890290 0.41347154251898877 436
1694358890316 0.4130714087476865 437
1694358890343 0.4126699052581904 438
1694358890369 0.4122413405862717 439
1694358890396 0.41183090677983747 440
1694358890423 0.41142949494598235 441
1694358890451 0.41099312846493474 442
1694358890477 0.4106017004039988 443
1694358890506 0.41017422398831177 444
1694358890532 0.40977731793073396 445
1694358890558 0.4093929149608003 446
1694358890583 0.4090337559909146 447
1694358890611 0.4086388487335058 448
1694358890637 0.40826364404265725 449
1694358890663 0.40786745168802474 450
1694358890695 0.4074640374900529 451
1694358890748 0.4070878122598804 452
1694358890772 0.406706321785054 453
1694358890797 0.40633620627638717 454
1694358890822 0.40595090147321533 455
1694358890848 0.40554616688429823 456
1694358890874 0.4051635004820797 457
1694358890898 0.4047908828036939 458
1694358890922 0.4044070103063504 459
1694358890947 0.4040318371229559 460
1694358890971 0.4036565796426118 461
1694358890996 0.4032756875860113 462
1694358891021 0.40287885477116603 463
1694358891046 0.4024975461819411 464
1694358891072 0.40212764307589627 465
1694358891097 0.4017925629728434 466
1694358891121 0.401435588597061 467
1694358891145 0.40107415946606156 468
1694358891170 0.4007086523937352 469
1694358891201 0.4003425253642525 470
1694358891226 0.40001626309279265 471
1694358891254 0.3996398847878889 472
1694358891280 0.39927354490808714 473
1694358891306 0.39891276407876336 474
1694358891331 0.3985623457792155 475
1694358891358 0.3981922634436928 476
1694358891394 0.39782059489859833 477
1694358891422 0.39745525534983595 478
1694358891498 0.39709268614967813 479
1694358891553 0.3967323563712272 480
1694358891576 0.3963582128767079 481
1694358891632 0.39598888172755503 482
1694358891657 0.3956171537942193 483
1694358891681 0.3952896089971544 484
1694358891723 0.39496046131356577 485
1694358891748 0.3946021132326677 486
1694358891774 0.3942589874898707 487
1694358891812 0.39389839925083747 488
1694358891838 0.39353258402926955 489
1694358891863 0.3931775944389468 490
1694358891888 0.39282724254327306 491
1694358891912 0.39249690089583583 492
1694358891937 0.39212481807047983 493
1694358891961 0.3918004673541727 494
1694358891998 0.39148077112183416 495
1694358892021 0.39116150239139885 496
1694358892047 0.39080471667862254 497
1694358892072 0.3904370306919765 498
1694358892097 0.3900832201235722 499
1694358892203 0.3900832201235722 500
