1694415891970 1.9112559708306014 0
1694415892007 1.8749211141451958 1
1694415892035 1.8420563924212046 2
1694415892059 1.8104302335875366 3
1694415892091 1.7807909723099322 4
1694415892114 1.7523693454119453 5
1694415892139 1.7256789309932483 6
1694415892164 1.700269676122801 7
1694415892189 1.675533048762924 8
1694415892215 1.652075670673125 9
1694415892240 1.62929157105139 10
1694415892264 1.607508034134585 11
1694415892291 1.5863146803010504 12
1694415892316 1.565990996771489 13
1694415892341 1.5463117985547978 14
1694415892366 1.5274009805526911 15
1694415892391 1.5087165595684287 16
1694415892417 1.4908607470585264 17
1694415892501 1.4735261253239047 18
1694415892526 1.4565848639000682 19
1694415892568 1.4405003527272329 20
1694415892596 1.4244690709162704 21
1694415892622 1.4089654058178318 22
1694415892652 1.3938859672965622 23
1694415892680 1.3790751474994862 24
1694415892704 1.364702393145773 25
1694415892728 1.3505486792144343 26
1694415892754 1.33662319411213 27
1694415892778 1.3230397452074953 28
1694415892804 1.3099312423843747 29
1694415892829 1.2972204328005554 30
1694415892891 1.2846402468952056 31
1694415892914 1.272290509675846 32
1694415892939 1.2603801393942364 33
1694415892967 1.2486699404780877 34
1694415892992 1.2372145898843234 35
1694415893020 1.2259230816822837 36
1694415893045 1.2149289440079016 37
1694415893070 1.2042898355630147 38
1694415893101 1.1937752305110658 39
1694415893127 1.1833800736601565 40
1694415893152 1.173195933081948 41
1694415893176 1.1634330402767594 42
1694415893202 1.153603549990022 43
1694415893227 1.144027150281406 44
1694415893277 1.1346302145200973 45
1694415893302 1.1253626972579254 46
1694415893328 1.1163356366020276 47
1694415893361 1.1073460967606459 48
1694415893424 1.0986956845800642 49
1694415893452 1.0901929249927578 50
1694415893477 1.0818996138058432 51
1694415893534 1.0736837106364572 52
1694415893567 1.0656240754984876 53
1694415893598 1.0577601491515782 54
1694415893628 1.0500078982901229 55
1694415893653 1.042295372382858 56
1694415893687 1.0347983948969228 57
1694415893795 1.0273136257954323 58
1694415893824 1.0199992935902626 59
1694415893848 1.0128580827274436 60
1694415893872 1.0057898373571295 61
1694415893899 0.9988779247605225 62
1694415893925 0.9921373822529643 63
1694415893950 0.9853346129458661 64
1694415893977 0.9788019473556858 65
1694415894010 0.9723358387153777 66
1694415894037 0.9659981039660447 67
1694415894068 0.9598126508969407 68
1694415894094 0.9537381903550085 69
1694415894121 0.947699675746616 70
1694415894147 0.9417380870511188 71
1694415894174 0.9357912876929956 72
1694415894200 0.9300171780927164 73
1694415894227 0.9242615469747087 74
1694415894253 0.9186106838544417 75
1694415894280 0.9129957036630953 76
1694415894307 0.9076192738170238 77
1694415894336 0.9022719175852614 78
1694415894362 0.8969984070210648 79
1694415894388 0.891832994982057 80
1694415894414 0.886750807241524 81
1694415894439 0.8817336850953323 82
1694415894467 0.8767487157345409 83
1694415894492 0.8719152013705104 84
1694415894518 0.8670866270438043 85
1694415894545 0.8622621853665897 86
1694415894583 0.8576276090928978 87
1694415894610 0.8530637179395251 88
1694415894640 0.8485400404949354 89
1694415894665 0.844028549665568 90
1694415894692 0.8396225898511278 91
1694415894717 0.8353314226732471 92
1694415894741 0.8311089869650063 93
1694415894766 0.8268689724434504 94
1694415894791 0.8226805539300933 95
1694415894818 0.8185501604076554 96
1694415894842 0.8146285795827596 97
1694415894870 0.8107224423052755 98
1694415894932 0.8067542038378359 99
1694415894958 0.8067542038378359 100
