1694416144330 1.9112559708306014 0
1694416144366 1.874921114145196 1
1694416144399 1.8420563924212046 2
1694416144428 1.8104302335875364 3
1694416144472 1.7807909723099322 4
1694416144497 1.7523693454119453 5
1694416144541 1.7256789309932483 6
1694416144565 1.7002696761228009 7
1694416144588 1.675533048762924 8
1694416144614 1.652075670673125 9
1694416144638 1.62929157105139 10
1694416144668 1.6075080341345855 11
1694416144692 1.5863146803010504 12
1694416144717 1.565990996771489 13
1694416144743 1.5463117985547978 14
1694416144767 1.5274009805526911 15
1694416144793 1.5087165595684282 16
1694416144863 1.4908607470585264 17
1694416144930 1.4735261253239047 18
1694416144955 1.4565848639000682 19
1694416144981 1.4405003527272329 20
1694416145006 1.4244690709162704 21
1694416145042 1.4089654058178318 22
1694416145068 1.3938859672965622 23
1694416145093 1.3790751474994862 24
1694416145119 1.364702393145773 25
1694416145143 1.3505486792144346 26
1694416145173 1.33662319411213 27
1694416145198 1.3230397452074956 28
1694416145250 1.3099312423843747 29
1694416145276 1.2972204328005554 30
1694416145302 1.2846402468952056 31
1694416145328 1.272290509675846 32
1694416145353 1.2603801393942367 33
1694416145380 1.2486699404780877 34
1694416145406 1.237214589884323 35
1694416145431 1.2259230816822837 36
1694416145456 1.2149289440079014 37
1694416145483 1.204289835563015 38
1694416145509 1.1937752305110656 39
1694416145534 1.1833800736601565 40
1694416145560 1.1731959330819481 41
1694416145585 1.1634330402767596 42
1694416145615 1.153603549990022 43
1694416145640 1.144027150281406 44
1694416145674 1.1346302145200975 45
1694416145703 1.1253626972579254 46
1694416145795 1.1163356366020276 47
1694416145821 1.1073460967606459 48
1694416145849 1.0986956845800642 49
1694416145892 1.0901929249927578 50
1694416145921 1.0818996138058432 51
1694416145947 1.0736837106364572 52
1694416145977 1.0656240754984876 53
1694416146002 1.0577601491515782 54
1694416146028 1.0500078982901229 55
1694416146059 1.042295372382858 56
1694416146089 1.0347983948969228 57
1694416146127 1.0273136257954323 58
1694416146158 1.0199992935902626 59
1694416146185 1.0128580827274436 60
1694416146211 1.0057898373571292 61
1694416146237 0.9988779247605227 62
1694416146278 0.9921373822529641 63
1694416146338 0.9853346129458661 64
1694416146388 0.9788019473556858 65
1694416146414 0.9723358387153777 66
1694416146441 0.9659981039660446 67
1694416146466 0.9598126508969407 68
1694416146491 0.9537381903550085 69
1694416146516 0.947699675746616 70
1694416146542 0.9417380870511188 71
1694416146567 0.9357912876929959 72
1694416146593 0.9300171780927164 73
1694416146620 0.9242615469747087 74
1694416146646 0.9186106838544418 75
1694416146678 0.9129957036630951 76
1694416146706 0.9076192738170239 77
1694416146733 0.9022719175852616 78
1694416146760 0.8969984070210648 79
1694416146788 0.8918329949820568 80
1694416146815 0.8867508072415241 81
1694416146839 0.8817336850953323 82
1694416146865 0.8767487157345409 83
1694416146891 0.8719152013705104 84
1694416146920 0.8670866270438045 85
1694416146989 0.8622621853665897 86
1694416147014 0.8576276090928978 87
1694416147041 0.8530637179395251 88
1694416147070 0.8485400404949353 89
1694416147097 0.844028549665568 90
1694416147125 0.8396225898511278 91
1694416147156 0.8353314226732471 92
1694416147181 0.8311089869650063 93
1694416147208 0.8268689724434503 94
1694416147233 0.8226805539300934 95
1694416147285 0.8185501604076555 96
1694416147309 0.8146285795827596 97
1694416147336 0.8107224423052755 98
1694416147361 0.8067542038378359 99
1694416147387 0.8067542038378359 100
