1694359213069 1.9112559708306016 0
1694359213098 1.874921114145196 1
1694359213130 1.8420563924212048 2
1694359213158 1.8104302335875364 3
1694359213183 1.780790972309932 4
1694359213207 1.7523693454119453 5
1694359213232 1.7256789309932483 6
1694359213259 1.7002696761228009 7
1694359213285 1.675533048762924 8
1694359213309 1.652075670673125 9
1694359213344 1.62929157105139 10
1694359213372 1.607508034134585 11
1694359213397 1.5863146803010504 12
1694359213426 1.565990996771489 13
1694359213453 1.5463117985547976 14
1694359213479 1.5274009805526911 15
1694359213505 1.5087165595684287 16
1694359213569 1.4908607470585264 17
1694359213595 1.4735261253239045 18
1694359213625 1.4565848639000682 19
1694359213656 1.4405003527272324 20
1694359213681 1.4244690709162704 21
1694359213707 1.4089654058178318 22
1694359213761 1.3938859672965622 23
1694359213786 1.3790751474994862 24
1694359213821 1.364702393145773 25
1694359213849 1.3505486792144346 26
1694359213876 1.33662319411213 27
1694359213901 1.3230397452074956 28
1694359213927 1.3099312423843747 29
1694359213954 1.2972204328005554 30
1694359213979 1.2846402468952056 31
1694359214003 1.272290509675846 32
1694359214028 1.2603801393942367 33
1694359214054 1.2486699404780877 34
1694359214081 1.2372145898843234 35
1694359214108 1.2259230816822837 36
1694359214139 1.2149289440079016 37
1694359214165 1.204289835563015 38
1694359214191 1.193775230511066 39
1694359214216 1.1833800736601565 40
1694359214243 1.173195933081948 41
1694359214271 1.1634330402767596 42
1694359214299 1.1536035499900221 43
1694359214325 1.144027150281406 44
1694359214355 1.1346302145200975 45
1694359214383 1.1253626972579251 46
1694359214411 1.1163356366020276 47
1694359214437 1.1073460967606459 48
1694359214464 1.098695684580064 49
1694359214490 1.0901929249927578 50
1694359214516 1.0818996138058432 51
1694359214543 1.0736837106364572 52
1694359214568 1.0656240754984876 53
1694359214670 1.0577601491515782 54
1694359214694 1.0500078982901229 55
1694359214724 1.042295372382858 56
1694359214750 1.0347983948969228 57
1694359214778 1.0273136257954323 58
1694359214804 1.0199992935902626 59
1694359214829 1.0128580827274436 60
1694359214856 1.0057898373571295 61
1694359214906 0.9988779247605225 62
1694359214931 0.9921373822529641 63
1694359214958 0.9853346129458661 64
1694359214986 0.9788019473556858 65
1694359215013 0.9723358387153778 66
1694359215040 0.9659981039660446 67
1694359215066 0.9598126508969407 68
1694359215091 0.9537381903550087 69
1694359215116 0.947699675746616 70
1694359215145 0.9417380870511188 71
1694359215172 0.9357912876929957 72
1694359215198 0.9300171780927164 73
1694359215224 0.9242615469747085 74
1694359215251 0.9186106838544417 75
1694359215279 0.9129957036630951 76
1694359215306 0.9076192738170239 77
1694359215332 0.9022719175852614 78
1694359215358 0.8969984070210648 79
1694359215383 0.891832994982057 80
1694359215410 0.886750807241524 81
1694359215435 0.8817336850953323 82
1694359215460 0.8767487157345409 83
1694359215486 0.8719152013705104 84
1694359215515 0.8670866270438043 85
1694359215541 0.8622621853665897 86
1694359215567 0.8576276090928977 87
1694359215594 0.8530637179395252 88
1694359215619 0.8485400404949353 89
1694359215650 0.844028549665568 90
1694359215676 0.8396225898511278 91
1694359215702 0.8353314226732471 92
1694359215727 0.8311089869650063 93
1694359215785 0.8268689724434503 94
1694359215810 0.8226805539300933 95
1694359215836 0.8185501604076555 96
1694359215864 0.8146285795827596 97
1694359215892 0.8107224423052756 98
1694359215918 0.8067542038378359 99
1694359215943 0.8028752058238998 100
1694359215969 0.7990225455297728 101
1694359215994 0.7952939324620671 102
1694359216021 0.7915306130605368 103
1694359216048 0.7878732231737855 104
1694359216073 0.7842382921348013 105
1694359216100 0.7807343658304232 106
1694359216132 0.777233779571029 107
1694359216158 0.7736581249297602 108
1694359216185 0.7701606009516033 109
1694359216210 0.7667609167130939 110
1694359216237 0.7633508932172709 111
1694359216262 0.7600510589339327 112
1694359216289 0.7568531233444964 113
1694359216315 0.7536200176824699 114
1694359216342 0.7504124382718064 115
1694359216373 0.7473337738634888 116
1694359216399 0.7442834496019186 117
1694359216426 0.7411767466462388 118
1694359216452 0.7381648847647838 119
1694359216479 0.7352009644431339 120
1694359216520 0.7322262399404029 121
1694359216545 0.7293624113497013 122
1694359216573 0.7264583545316339 123
1694359216598 0.7235956755330187 124
1694359216624 0.7207688382904404 125
1694359216656 0.717961342586622 126
1694359216695 0.7152436811533368 127
1694359216751 0.7125007816796027 128
1694359216776 0.7098449726279864 129
1694359216823 0.707123982946933 130
1694359216850 0.7044975852274138 131
1694359216875 0.7019220222101109 132
1694359216926 0.6994692036142655 133
1694359216950 0.6969150422911226 134
1694359216974 0.6944422178426597 135
1694359217000 0.6919668200599238 136
1694359217031 0.6895271801784569 137
1694359217057 0.6870524320862772 138
1694359217081 0.6846650012560627 139
1694359217107 0.682275752316789 140
1694359217142 0.6799266362424145 141
1694359217169 0.6776454370330645 142
1694359217196 0.6753625713326081 143
1694359217223 0.6731398303975978 144
1694359217252 0.6709290886391949 145
1694359217281 0.6688034194643652 146
1694359217310 0.6665719575528996 147
1694359217350 0.6643957307316107 148
1694359217378 0.6622870997826421 149
1694359217402 0.6601633569159744 150
1694359217430 0.6580937736518694 151
1694359217455 0.6560681738653614 152
1694359217482 0.6540939409467352 153
1694359217526 0.6520526942572249 154
1694359217551 0.6500386087402855 155
1694359217579 0.6480602383838056 156
1694359217606 0.6461064495901321 157
1694359217637 0.6442097554193374 158
1694359217663 0.6422849679085008 159
1694359217691 0.6403848467772943 160
1694359217717 0.6384494477247251 161
1694359217743 0.6365760892744141 162
1694359217769 0.6347001687465283 163
1694359217825 0.6328998491099482 164
1694359217850 0.6311201140873586 165
1694359217875 0.6293398032137478 166
1694359217902 0.6275971798696554 167
1694359217930 0.6258514099339292 168
1694359217955 0.6240755896748766 169
1694359217981 0.6224013801893987 170
1694359218007 0.6207222727749103 171
1694359218035 0.6190475751630486 172
1694359218060 0.617387877917698 173
1694359218086 0.615710443057812 174
1694359218112 0.6140498341843573 175
1694359218144 0.6124206272554881 176
1694359218171 0.610755476447719 177
1694359218198 0.6091308009445937 178
1694359218224 0.6075354866770442 179
1694359218250 0.6059750384545838 180
1694359218276 0.6044278559475651 181
1694359218304 0.602886229295652 182
1694359218331 0.6013594708408717 183
1694359218361 0.5998471013510986 184
1694359218389 0.5983763356889926 185
1694359218421 0.5968529243943451 186
1694359218447 0.5953725929270506 187
1694359218475 0.5939286974172128 188
1694359218503 0.5924354874478626 189
1694359218531 0.5910149026005123 190
1694359218559 0.5895384854500432 191
1694359218587 0.5881343713812031 192
1694359218629 0.5867425213673623 193
1694359218660 0.5853260347320792 194
1694359218688 0.5839251054327644 195
1694359218718 0.582597151640368 196
1694359218745 0.5812611622936026 197
1694359218772 0.5799365182128259 198
1694359218800 0.5786244752519232 199
1694359218885 0.577304646487871 200
1694359218966 0.576008397774052 201
1694359218990 0.5746532741883098 202
1694359219018 0.5733723143404679 203
1694359219044 0.5720661789172962 204
1694359219069 0.5708094829103983 205
1694359219094 0.5695910890743053 206
1694359219120 0.5683539314143063 207
1694359219152 0.5671148670416746 208
1694359219177 0.5659068780209169 209
1694359219203 0.5647055629206401 210
1694359219227 0.5635100725348278 211
1694359219253 0.5623114964917549 212
1694359219279 0.5611528872481564 213
1694359219305 0.559969931301887 214
1694359219333 0.5588173328710199 215
1694359219360 0.5576865712604022 216
1694359219386 0.5565532071516802 217
1694359219411 0.5554003748159918 218
1694359219436 0.5542775267746636 219
1694359219462 0.5531751655341871 220
1694359219488 0.5520983434743888 221
1694359219516 0.5509551570222406 222
1694359219542 0.5498688900596286 223
1694359219568 0.5487982125466155 224
1694359219593 0.547746339094922 225
1694359219622 0.5466571994033567 226
1694359219650 0.5455365280211432 227
1694359219675 0.5445206470995766 228
1694359219700 0.5434705882951936 229
1694359219727 0.5424239241166302 230
1694359219752 0.5414236188363393 231
1694359219779 0.5404580974053402 232
1694359219805 0.5394422537975574 233
1694359219861 0.5384672039145212 234
1694359219885 0.5374693699427041 235
1694359219909 0.536498727759355 236
1694359219941 0.5355019797969492 237
1694359219965 0.5345267312155079 238
1694359219993 0.5335271618332109 239
1694359220019 0.5325912114986732 240
1694359220045 0.5316279658276717 241
1694359220071 0.5307056508966685 242
1694359220096 0.529774763037218 243
1694359220121 0.5288412700927514 244
1694359220151 0.527896038394233 245
1694359220178 0.5269403661725783 246
1694359220210 0.5260484848436728 247
1694359220236 0.5251237854541524 248
1694359220261 0.5242335255507294 249
1694359220290 0.5233121360327386 250
1694359220316 0.5224021622854949 251
1694359220342 0.521496658746834 252
1694359220366 0.5206498740529405 253
1694359220393 0.519756101587746 254
1694359220418 0.5188908285197478 255
1694359220443 0.5180071379046508 256
1694359220473 0.5171494577630789 257
1694359220499 0.516301382339621 258
1694359220524 0.5154612495299777 259
1694359220549 0.5146201758503737 260
1694359220574 0.5137865509050284 261
1694359220603 0.5129745322844226 262
1694359220628 0.5121576494776309 263
1694359220659 0.5113389790733098 264
1694359220685 0.5105183682209089 265
1694359220712 0.5097174134875716 266
1694359220737 0.5089138259146291 267
1694359220762 0.5080949532830713 268
1694359220787 0.5072738640833651 269
1694359220814 0.5065009796665693 270
1694359220841 0.5056973597853706 271
1694359220867 0.5049185668444083 272
1694359220892 0.504147990335949 273
1694359220927 0.503386665712364 274
1694359220958 0.5025859053636744 275
1694359221053 0.5018512388943899 276
1694359221079 0.5010933343878247 277
1694359221106 0.5003048132493696 278
1694359221136 0.4995595937514664 279
1694359221160 0.4988138999340486 280
1694359221186 0.4980946555114534 281
1694359221210 0.4973525345785102 282
1694359221234 0.4965946029565147 283
1694359221259 0.49589497419369544 284
1694359221283 0.49517277013666094 285
1694359221308 0.4944424337314037 286
1694359221332 0.49369876749317415 287
1694359221368 0.49293010902609835 288
1694359221394 0.492200800334014 289
1694359221420 0.4914879953527305 290
1694359221447 0.4907845943247642 291
1694359221473 0.4900830027180312 292
1694359221497 0.48940816538599285 293
1694359221523 0.4887150990908479 294
1694359221548 0.4880295228854901 295
1694359221572 0.487371603979221 296
1694359221597 0.4866990371953818 297
1694359221625 0.48602064538981915 298
1694359221655 0.48534881568701743 299
1694359221680 0.4846687344996419 300
1694359221704 0.48401363724637503 301
1694359221729 0.48336600133219465 302
1694359221755 0.4827007072175321 303
1694359221779 0.48204112805642496 304
1694359221804 0.48138529120227286 305
1694359221830 0.4807209628058872 306
1694359221856 0.4800780671599243 307
1694359221911 0.4794533958322319 308
1694359221935 0.47880397916867207 309
1694359221958 0.4781587350415479 310
1694359221984 0.477539152395799 311
1694359222052 0.4769220757021475 312
1694359222181 0.47626820134926073 313
1694359222224 0.47564720050396453 314
1694359222247 0.4750033100529048 315
1694359222272 0.4743738501085425 316
1694359222299 0.47375621568022225 317
1694359222323 0.4731482998275567 318
1694359222348 0.4725237333895116 319
1694359222373 0.4719288336966661 320
1694359222398 0.4713431477882293 321
1694359222423 0.47076367321342044 322
1694359222450 0.4701665428873053 323
1694359222475 0.46954648454814063 324
1694359222501 0.46895702083156127 325
1694359222525 0.46834831843137226 326
1694359222552 0.46777985702554714 327
1694359222576 0.4672160611249286 328
1694359222601 0.4666108397042451 329
1694359222625 0.4660537232833843 330
1694359222655 0.4654546509918578 331
1694359222682 0.46485702274288515 332
1694359222710 0.4642678622109258 333
1694359222737 0.46366159967709797 334
1694359222762 0.4630980110489204 335
1694359222789 0.46250575497142865 336
1694359222814 0.4619779894053383 337
1694359222839 0.46141627203780006 338
1694359222865 0.4608147928041308 339
1694359222890 0.4602379526210239 340
1694359222916 0.45966483936050473 341
1694359222940 0.45913806130457063 342
1694359222967 0.45861132981024555 343
1694359222995 0.45809770792031085 344
1694359223021 0.4575589825344083 345
1694359223073 0.456997631745123 346
1694359223097 0.4564506705486812 347
1694359223125 0.45590591884102666 348
1694359223181 0.4553374043790956 349
1694359223271 0.45480036630737297 350
1694359223295 0.4542920406514395 351
1694359223319 0.4538042097112651 352
1694359223344 0.4532849221719445 353
1694359223371 0.4527499526610831 354
1694359223395 0.45224897073455506 355
1694359223419 0.45172323479923876 356
1694359223445 0.4512119161901448 357
1694359223471 0.4506854074711454 358
1694359223499 0.45017939225957354 359
1694359223523 0.44965857555192534 360
1694359223548 0.44913197309391345 361
1694359223574 0.44859958580951426 362
1694359223598 0.44812569014380715 363
1694359223631 0.4475876042496517 364
1694359223655 0.447115732628956 365
1694359223680 0.446556301008997 366
1694359223706 0.44606320672304794 367
1694359223729 0.4455901641267963 368
1694359223753 0.44509158596788057 369
1694359223777 0.4446077454373779 370
1694359223802 0.4441076254114167 371
1694359223827 0.4436145371754977 372
1694359223856 0.4431393816940736 373
1694359223880 0.442687584670938 374
1694359223904 0.4422220898668917 375
1694359223956 0.4417248875136749 376
1694359223979 0.4412838803803402 377
1694359224007 0.44079983407797424 378
1694359224035 0.4403178609474728 379
1694359224079 0.4398283346461862 380
1694359224103 0.43932419446500537 381
1694359224134 0.4388115316324854 382
1694359224160 0.4383455953883677 383
1694359224184 0.43788330236953193 384
1694359224209 0.437437600869434 385
1694359224234 0.4369909666869237 386
1694359224261 0.4365277980453177 387
1694359224286 0.43606539335807165 388
1694359224310 0.43563359577512756 389
1694359224336 0.4351835922970179 390
1694359224361 0.43475841116214375 391
1694359224387 0.4343128160168002 392
1694359224411 0.4338778927986217 393
1694359224436 0.43342876412736253 394
1694359224460 0.4329842323145528 395
1694359224486 0.4325270877952861 396
1694359224511 0.43205280364952287 397
1694359224538 0.43159519322551537 398
1694359224565 0.43115379771296947 399
1694359224592 0.4306764263728828 400
1694359224618 0.43021173211097374 401
1694359224647 0.4297340074494945 402
1694359224673 0.4292546204407214 403
1694359224698 0.4288137249501152 404
1694359224723 0.42840694463512585 405
1694359224747 0.42798632414857823 406
1694359224772 0.42756987203907787 407
1694359224797 0.4271106459283935 408
1694359224823 0.42667380542807415 409
1694359224848 0.42625281421758926 410
1694359224875 0.42576826209322743 411
1694359224900 0.4253778670889294 412
1694359224925 0.4249679662532864 413
1694359224950 0.4245276521048944 414
1694359224976 0.4240702541275322 415
1694359225003 0.423663118776266 416
1694359225028 0.4232447517940672 417
1694359225078 0.4228063265159064 418
1694359225101 0.42238316923605784 419
1694359225125 0.4219629646018557 420
1694359225153 0.4215377177084133 421
1694359225179 0.42107989531418916 422
1694359225207 0.42065341212433893 423
1694359225243 0.4202300056511063 424
1694359225339 0.4198261902302992 425
1694359225375 0.41938274637608036 426
1694359225400 0.41898932333001415 427
1694359225423 0.41856537177478054 428
1694359225447 0.41815425466728573 429
1694359225475 0.417708248527451 430
1694359225500 0.4173234588733592 431
1694359225526 0.4169053739438096 432
1694359225552 0.4164855138522907 433
1694359225577 0.4160907011769826 434
1694359225603 0.41567552425636306 435
1694359225628 0.41527940516431655 436
1694359225656 0.41489055812955444 437
1694359225681 0.4144814667985798 438
1694359225705 0.4140996458356546 439
1694359225731 0.41371363884650175 440
1694359225756 0.4133199553439188 441
1694359225781 0.4129172015428257 442
1694359225806 0.4125160663147511 443
1694359225837 0.41209184574176316 444
1694359225862 0.41168550301554646 445
1694359225890 0.4113045427332371 446
1694359225914 0.4109187549250506 447
1694359225939 0.4105309668659058 448
1694359225992 0.4101653901978716 449
1694359226019 0.4097750100052836 450
1694359226045 0.409396824176833 451
1694359226071 0.40902500141713294 452
1694359226096 0.40863957655022765 453
1694359226126 0.40824824121051356 454
1694359226153 0.40789065296797505 455
1694359226179 0.40752641438733794 456
1694359226206 0.4071720578220362 457
1694359226232 0.40684215625621273 458
1694359226257 0.40647394863540776 459
1694359226282 0.4061008321991046 460
1694359226306 0.405735969682569 461
1694359226331 0.40534616629535763 462
1694359226358 0.4049795637384928 463
1694359226383 0.40460282131238695 464
1694359226408 0.4042309387167745 465
1694359226431 0.4038612901410458 466
1694359226456 0.4035008792774366 467
1694359226481 0.40312789453191106 468
1694359226505 0.4028060420376472 469
1694359226530 0.4024470653092047 470
1694359226554 0.40208666334105436 471
1694359226579 0.40171435199053546 472
1694359226608 0.4013538760595598 473
1694359226639 0.4009626628535546 474
1694359226663 0.40062043578103684 475
1694359226689 0.4002622115820015 476
1694359226713 0.399902143147978 477
1694359226738 0.39956084024774696 478
1694359226762 0.3992143803704061 479
1694359226786 0.39885075574917545 480
1694359226811 0.3984858796147444 481
1694359226836 0.39815271674350694 482
1694359226861 0.3978273093033187 483
1694359226887 0.39744450505568324 484
1694359226911 0.3971008683985879 485
1694359226937 0.3967470365437988 486
1694359226962 0.396423184663112 487
1694359226987 0.3960437910683089 488
1694359227012 0.3957123966824104 489
1694359227040 0.3953347852911988 490
1694359227066 0.39498566625612314 491
1694359227118 0.39465419888481784 492
1694359227144 0.39430409347172507 493
1694359227170 0.39397183518410434 494
1694359227194 0.39362807327035626 495
1694359227220 0.3932832684067351 496
1694359227244 0.39296515354678174 497
1694359227269 0.39262956327340415 498
1694359227295 0.3923265593792767 499
1694359227411 0.3923265593792767 500
