1694357293907 1.9112559708306016 0
1694357293942 1.8749211141451962 1
1694357293973 1.8420563924212046 2
1694357293997 1.8104302335875366 3
1694357294023 1.7807909723099322 4
1694357294047 1.7523693454119451 5
1694357294071 1.7256789309932483 6
1694357294095 1.700269676122801 7
1694357294119 1.675533048762924 8
1694357294145 1.652075670673125 9
1694357294169 1.62929157105139 10
1694357294194 1.6075080341345855 11
1694357294219 1.5863146803010502 12
1694357294246 1.565990996771489 13
1694357294272 1.5463117985547978 14
1694357294303 1.5274009805526911 15
1694357294328 1.5087165595684287 16
1694357294378 1.4908607470585264 17
1694357294408 1.4735261253239047 18
1694357294438 1.4565848639000682 19
1694357294462 1.4405003527272324 20
1694357294487 1.4244690709162708 21
1694357294513 1.4089654058178318 22
1694357294540 1.3938859672965624 23
1694357294565 1.3790751474994862 24
1694357294589 1.364702393145773 25
1694357294615 1.3505486792144346 26
1694357294640 1.33662319411213 27
1694357294667 1.3230397452074956 28
1694357294692 1.3099312423843747 29
1694357294719 1.2972204328005554 30
1694357294745 1.2846402468952056 31
1694357294770 1.272290509675846 32
1694357294800 1.2603801393942367 33
1694357294826 1.2486699404780877 34
1694357294855 1.237214589884323 35
1694357294881 1.2259230816822837 36
1694357294911 1.2149289440079014 37
1694357294943 1.204289835563015 38
1694357294969 1.1937752305110656 39
1694357294996 1.1833800736601565 40
1694357295022 1.1731959330819481 41
1694357295049 1.1634330402767594 42
1694357295076 1.1536035499900221 43
1694357295101 1.144027150281406 44
1694357295127 1.1346302145200975 45
1694357295155 1.1253626972579254 46
1694357295183 1.1163356366020276 47
1694357295208 1.1073460967606459 48
1694357295235 1.098695684580064 49
1694357295262 1.0901929249927578 50
1694357295312 1.0818996138058432 51
1694357295338 1.0736837106364572 52
1694357295363 1.0656240754984876 53
1694357295392 1.0577601491515782 54
1694357295418 1.0500078982901229 55
1694357295444 1.042295372382858 56
1694357295475 1.0347983948969228 57
1694357295504 1.0273136257954323 58
1694357295529 1.0199992935902626 59
1694357295556 1.0128580827274436 60
1694357295583 1.0057898373571295 61
1694357295610 0.9988779247605227 62
1694357295636 0.9921373822529641 63
1694357295663 0.9853346129458661 64
1694357295690 0.9788019473556858 65
1694357295716 0.9723358387153778 66
1694357295743 0.9659981039660446 67
1694357295779 0.9598126508969407 68
1694357295862 0.9537381903550085 69
1694357295889 0.947699675746616 70
1694357295943 0.9417380870511186 71
1694357295967 0.9357912876929957 72
1694357295996 0.9300171780927167 73
1694357296025 0.9242615469747087 74
1694357296052 0.9186106838544418 75
1694357296078 0.9129957036630951 76
1694357296103 0.9076192738170239 77
1694357296139 0.9022719175852614 78
1694357296166 0.8969984070210648 79
1694357296191 0.891832994982057 80
1694357296217 0.886750807241524 81
1694357296243 0.8817336850953323 82
1694357296270 0.876748715734541 83
1694357296301 0.8719152013705104 84
1694357296327 0.8670866270438043 85
1694357296354 0.8622621853665897 86
1694357296409 0.8576276090928978 87
1694357296436 0.8530637179395251 88
1694357296461 0.8485400404949353 89
1694357296491 0.844028549665568 90
1694357296521 0.8396225898511278 91
1694357296548 0.8353314226732471 92
1694357296573 0.8311089869650063 93
1694357296599 0.8268689724434504 94
1694357296625 0.8226805539300934 95
1694357296651 0.8185501604076555 96
1694357296677 0.8146285795827596 97
1694357296703 0.8107224423052756 98
1694357296730 0.8067542038378359 99
1694357296755 0.8028752058238998 100
1694357296780 0.7990225455297728 101
1694357296811 0.7952939324620671 102
1694357296838 0.7915306130605367 103
1694357296863 0.7878732231737853 104
1694357296889 0.7842382921348013 105
1694357296915 0.7807343658304232 106
1694357296942 0.777233779571029 107
1694357296970 0.7736581249297599 108
1694357296999 0.7701606009516033 109
1694357297025 0.7667609167130939 110
1694357297055 0.7633508932172709 111
1694357297080 0.7600510589339327 112
1694357297107 0.7568531233444965 113
1694357297133 0.7536200176824699 114
1694357297159 0.7504124382718063 115
1694357297185 0.7473337738634888 116
1694357297211 0.7442834496019186 117
1694357297237 0.7411767466462388 118
1694357297264 0.7381648847647836 119
1694357297296 0.7352009644431339 120
1694357297348 0.7322262399404029 121
1694357297373 0.7293624113497013 122
1694357297399 0.7264583545316339 123
1694357297426 0.7235956755330187 124
1694357297452 0.7207688382904404 125
1694357297478 0.717961342586622 126
1694357297505 0.7152436811533368 127
1694357297530 0.7125007816796025 128
1694357297558 0.7098449726279864 129
1694357297587 0.707123982946933 130
1694357297613 0.7044975852274138 131
1694357297639 0.7019220222101109 132
1694357297664 0.6994692036142656 133
1694357297689 0.6969150422911224 134
1694357297716 0.6944422178426596 135
1694357297742 0.6919668200599238 136
1694357297768 0.689527180178457 137
1694357297800 0.6870524320862772 138
1694357297826 0.6846650012560627 139
1694357297852 0.682275752316789 140
1694357297953 0.6799266362424145 141
1694357297979 0.6776454370330645 142
1694357298008 0.675362571332608 143
1694357298036 0.6731398303975977 144
1694357298064 0.6709290886391949 145
1694357298091 0.6688034194643651 146
1694357298122 0.6665719575528996 147
1694357298149 0.6643957307316107 148
1694357298178 0.662287099782642 149
1694357298204 0.6601633569159744 150
1694357298231 0.6580937736518694 151
1694357298258 0.6560681738653613 152
1694357298284 0.6540939409467351 153
1694357298315 0.6520526942572249 154
1694357298342 0.6500386087402854 155
1694357298371 0.6480602383838056 156
1694357298436 0.6461064495901321 157
1694357298463 0.6442097554193374 158
1694357298489 0.6422849679085009 159
1694357298518 0.6403848467772943 160
1694357298546 0.6384494477247251 161
1694357298574 0.6365760892744141 162
1694357298598 0.6347001687465283 163
1694357298623 0.6328998491099482 164
1694357298651 0.6311201140873586 165
1694357298676 0.6293398032137478 166
1694357298702 0.6275971798696554 167
1694357298727 0.6258514099339292 168
1694357298755 0.6240755896748768 169
1694357298785 0.6224013801893986 170
1694357298812 0.6207222727749102 171
1694357298837 0.6190475751630488 172
1694357298864 0.617387877917698 173
1694357298890 0.6157104430578121 174
1694357298916 0.6140498341843573 175
1694357298941 0.612420627255488 176
1694357298970 0.610755476447719 177
1694357298996 0.6091308009445937 178
1694357299025 0.6075354866770443 179
1694357299051 0.6059750384545838 180
1694357299077 0.6044278559475652 181
1694357299104 0.602886229295652 182
1694357299130 0.6013594708408717 183
1694357299155 0.5998471013510986 184
1694357299184 0.5983763356889926 185
1694357299212 0.5968529243943451 186
1694357299237 0.5953725929270506 187
1694357299263 0.5939286974172128 188
1694357299295 0.5924354874478625 189
1694357299323 0.5910149026005124 190
1694357299375 0.5895384854500432 191
1694357299399 0.5881343713812031 192
1694357299424 0.5867425213673623 193
1694357299450 0.5853260347320792 194
1694357299479 0.5839251054327644 195
1694357299507 0.5825971516403678 196
1694357299533 0.5812611622936026 197
1694357299560 0.5799365182128259 198
1694357299589 0.5786244752519232 199
1694357299613 0.577304646487871 200
1694357299638 0.576008397774052 201
1694357299665 0.5746532741883098 202
1694357299690 0.5733723143404678 203
1694357299720 0.5720661789172962 204
1694357299745 0.5708094829103985 205
1694357299770 0.5695910890743054 206
1694357299804 0.5683539314143063 207
1694357299829 0.5671148670416746 208
1694357299856 0.5659068780209168 209
1694357299881 0.5647055629206401 210
1694357299910 0.5635100725348278 211
1694357299942 0.5623114964917549 212
1694357299975 0.5611528872481563 213
1694357300053 0.559969931301887 214
1694357300113 0.5588173328710198 215
1694357300149 0.5576865712604022 216
1694357300173 0.5565532071516802 217
1694357300202 0.5554003748159918 218
1694357300230 0.5542775267746635 219
1694357300257 0.5531751655341871 220
1694357300288 0.5520983434743888 221
1694357300314 0.5509551570222407 222
1694357300341 0.5498688900596287 223
1694357300368 0.5487982125466155 224
1694357300393 0.547746339094922 225
1694357300418 0.5466571994033568 226
1694357300469 0.5455365280211432 227
1694357300493 0.5445206470995766 228
1694357300520 0.5434705882951936 229
1694357300546 0.5424239241166302 230
1694357300587 0.5414236188363393 231
1694357300611 0.5404580974053402 232
1694357300637 0.5394422537975574 233
1694357300663 0.5384672039145212 234
1694357300688 0.5374693699427041 235
1694357300711 0.536498727759355 236
1694357300737 0.5355019797969492 237
1694357300765 0.534526731215508 238
1694357300795 0.533527161833211 239
1694357300821 0.5325912114986733 240
1694357300849 0.5316279658276717 241
1694357300875 0.5307056508966685 242
1694357300901 0.529774763037218 243
1694357300926 0.5288412700927513 244
1694357300951 0.527896038394233 245
1694357300978 0.5269403661725783 246
1694357301004 0.5260484848436727 247
1694357301030 0.5251237854541525 248
1694357301061 0.5242335255507296 249
1694357301087 0.5233121360327385 250
1694357301113 0.5224021622854949 251
1694357301140 0.5214966587468342 252
1694357301165 0.5206498740529405 253
1694357301192 0.519756101587746 254
1694357301218 0.5188908285197478 255
1694357301245 0.5180071379046508 256
1694357301272 0.5171494577630789 257
1694357301307 0.5163013823396211 258
1694357301334 0.5154612495299776 259
1694357301362 0.5146201758503737 260
1694357301391 0.5137865509050286 261
1694357301436 0.5129745322844227 262
1694357301461 0.5121576494776309 263
1694357301486 0.5113389790733099 264
1694357301511 0.5105183682209089 265
1694357301536 0.5097174134875715 266
1694357301590 0.5089138259146291 267
1694357301617 0.5080949532830713 268
1694357301644 0.5072738640833651 269
1694357301669 0.5065009796665694 270
1694357301696 0.5056973597853706 271
1694357301721 0.5049185668444082 272
1694357301745 0.504147990335949 273
1694357301770 0.5033866657123641 274
1694357301799 0.5025859053636744 275
1694357301827 0.5018512388943899 276
1694357301859 0.5010933343878247 277
1694357301883 0.5003048132493696 278
1694357301908 0.4995595937514664 279
1694357301932 0.4988138999340486 280
1694357301956 0.49809465551145343 281
1694357301981 0.4973525345785103 282
1694357302005 0.4965946029565147 283
1694357302029 0.49589497419369544 284
1694357302054 0.49517277013666094 285
1694357302163 0.49444243373140373 286
1694357302192 0.49369876749317404 287
1694357302216 0.49293010902609835 288
1694357302241 0.49220080033401403 289
1694357302264 0.4914879953527305 290
1694357302290 0.49078459432476423 291
1694357302319 0.4900830027180312 292
1694357302350 0.48940816538599285 293
1694357302373 0.4887150990908479 294
1694357302398 0.4880295228854901 295
1694357302421 0.48737160397922097 296
1694357302446 0.48669903719538177 297
1694357302471 0.4860206453898192 298
1694357302520 0.48534881568701743 299
1694357302545 0.48466873449964193 300
1694357302569 0.48401363724637503 301
1694357302594 0.48336600133219465 302
1694357302621 0.482700707217532 303
1694357302645 0.48204112805642496 304
1694357302669 0.48138529120227286 305
1694357302694 0.4807209628058872 306
1694357302723 0.4800780671599243 307
1694357302748 0.4794533958322319 308
1694357302771 0.4788039791686721 309
1694357302799 0.4781587350415479 310
1694357302824 0.4775391523957989 311
1694357302848 0.4769220757021475 312
1694357302876 0.47626820134926073 313
1694357302901 0.4756472005039645 314
1694357302927 0.47500331005290486 315
1694357302953 0.4743738501085424 316
1694357302978 0.47375621568022214 317
1694357303003 0.4731482998275567 318
1694357303029 0.47252373338951165 319
1694357303055 0.4719288336966661 320
1694357303080 0.4713431477882292 321
1694357303105 0.47076367321342044 322
1694357303130 0.4701665428873053 323
1694357303156 0.4695464845481406 324
1694357303180 0.46895702083156127 325
1694357303205 0.4683483184313722 326
1694357303233 0.46777985702554714 327
1694357303259 0.4672160611249286 328
1694357303327 0.46661083970424505 329
1694357303356 0.46605372328338424 330
1694357303382 0.4654546509918578 331
1694357303412 0.4648570227428851 332
1694357303463 0.4642678622109258 333
1694357303490 0.46366159967709786 334
1694357303514 0.4630980110489205 335
1694357303540 0.46250575497142854 336
1694357303567 0.46197798940533824 337
1694357303593 0.46141627203780006 338
1694357303621 0.46081479280413074 339
1694357303646 0.4602379526210238 340
1694357303671 0.45966483936050473 341
1694357303695 0.4591380613045705 342
1694357303722 0.45861132981024555 343
1694357303746 0.45809770792031085 344
1694357303771 0.4575589825344083 345
1694357303801 0.456997631745123 346
1694357303826 0.45645067054868127 347
1694357303852 0.45590591884102655 348
1694357303876 0.4553374043790956 349
1694357303901 0.45480036630737297 350
1694357303929 0.4542920406514396 351
1694357303960 0.4538042097112651 352
1694357303984 0.4532849221719445 353
1694357304010 0.4527499526610832 354
1694357304034 0.45224897073455517 355
1694357304061 0.45172323479923876 356
1694357304088 0.4512119161901448 357
1694357304114 0.4506854074711454 358
1694357304138 0.4501793922595735 359
1694357304216 0.4496585755519252 360
1694357304258 0.44913197309391334 361
1694357304287 0.44859958580951426 362
1694357304316 0.4481256901438071 363
1694357304342 0.4475876042496517 364
1694357304369 0.447115732628956 365
1694357304394 0.446556301008997 366
1694357304419 0.44606320672304794 367
1694357304445 0.44559016412679636 368
1694357304473 0.44509158596788057 369
1694357304497 0.4446077454373779 370
1694357304547 0.44410762541141674 371
1694357304574 0.44361453717549765 372
1694357304598 0.4431393816940736 373
1694357304622 0.442687584670938 374
1694357304651 0.4422220898668917 375
1694357304676 0.44172488751367495 376
1694357304699 0.4412838803803403 377
1694357304725 0.44079983407797424 378
1694357304751 0.4403178609474727 379
1694357304775 0.4398283346461862 380
1694357304804 0.43932419446500537 381
1694357304830 0.4388115316324854 382
1694357304857 0.4383455953883677 383
1694357304881 0.4378833023695318 384
1694357304906 0.4374376008694341 385
1694357304931 0.4369909666869237 386
1694357304957 0.4365277980453177 387
1694357304982 0.43606539335807165 388
1694357305010 0.4356335957751276 389
1694357305034 0.43518359229701786 390
1694357305060 0.43475841116214375 391
1694357305084 0.4343128160168002 392
1694357305108 0.4338778927986217 393
1694357305133 0.43342876412736253 394
1694357305161 0.43298423231455274 395
1694357305186 0.4325270877952861 396
1694357305211 0.43205280364952287 397
1694357305236 0.4315951932255153 398
1694357305262 0.43115379771296936 399
1694357305288 0.4306764263728828 400
1694357305317 0.43021173211097374 401
1694357305348 0.4297340074494945 402
1694357305374 0.4292546204407214 403
1694357305401 0.4288137249501151 404
1694357305425 0.4284069446351257 405
1694357305450 0.42798632414857823 406
1694357305501 0.42756987203907787 407
1694357305529 0.4271106459283935 408
1694357305554 0.42667380542807415 409
1694357305582 0.42625281421758926 410
1694357305608 0.42576826209322743 411
1694357305632 0.4253778670889294 412
1694357305659 0.4249679662532865 413
1694357305682 0.42452765210489435 414
1694357305707 0.42407025412753224 415
1694357305730 0.423663118776266 416
1694357305756 0.4232447517940672 417
1694357305781 0.4228063265159064 418
1694357305810 0.42238316923605784 419
1694357305835 0.4219629646018557 420
1694357305861 0.4215377177084133 421
1694357305886 0.42107989531418916 422
1694357305911 0.42065341212433893 423
1694357305936 0.4202300056511062 424
1694357305960 0.4198261902302992 425
1694357305986 0.4193827463760805 426
1694357306010 0.41898932333001415 427
1694357306034 0.41856537177478054 428
1694357306062 0.4181542546672857 429
1694357306088 0.417708248527451 430
1694357306114 0.4173234588733592 431
1694357306138 0.4169053739438096 432
1694357306164 0.4164855138522907 433
1694357306189 0.4160907011769826 434
1694357306215 0.41567552425636306 435
1694357306342 0.41527940516431655 436
1694357306367 0.41489055812955444 437
1694357306396 0.4144814667985798 438
1694357306421 0.4140996458356546 439
1694357306445 0.41371363884650186 440
1694357306469 0.41331995534391885 441
1694357306493 0.4129172015428257 442
1694357306518 0.4125160663147511 443
1694357306544 0.41209184574176316 444
1694357306602 0.41168550301554646 445
1694357306627 0.4113045427332372 446
1694357306654 0.4109187549250506 447
1694357306678 0.4105309668659058 448
1694357306702 0.4101653901978716 449
1694357306726 0.4097750100052836 450
1694357306751 0.4093968241768329 451
1694357306776 0.40902500141713294 452
1694357306805 0.40863957655022765 453
1694357306830 0.4082482412105136 454
1694357306854 0.40789065296797516 455
1694357306879 0.40752641438733794 456
1694357306905 0.40717205782203636 457
1694357306929 0.4068421562562126 458
1694357306953 0.40647394863540776 459
1694357306978 0.4061008321991046 460
1694357307004 0.405735969682569 461
1694357307029 0.4053461662953576 462
1694357307054 0.4049795637384928 463
1694357307079 0.40460282131238695 464
1694357307104 0.4042309387167745 465
1694357307132 0.4038612901410459 466
1694357307158 0.4035008792774365 467
1694357307182 0.40312789453191106 468
1694357307206 0.4028060420376472 469
1694357307232 0.4024470653092048 470
1694357307257 0.40208666334105436 471
1694357307283 0.40171435199053546 472
1694357307314 0.4013538760595598 473
1694357307341 0.4009626628535546 474
1694357307370 0.40062043578103684 475
1694357307395 0.4002622115820015 476
1694357307419 0.3999021431479781 477
1694357307444 0.39956084024774696 478
1694357307469 0.3992143803704061 479
1694357307494 0.39885075574917545 480
1694357307544 0.3984858796147444 481
1694357307568 0.39815271674350705 482
1694357307593 0.39782730930331883 483
1694357307619 0.39744450505568324 484
1694357307645 0.3971008683985879 485
1694357307673 0.3967470365437988 486
1694357307697 0.396423184663112 487
1694357307721 0.3960437910683089 488
1694357307744 0.3957123966824104 489
1694357307769 0.39533478529119886 490
1694357307800 0.39498566625612314 491
1694357307825 0.39465419888481784 492
1694357307848 0.39430409347172507 493
1694357307873 0.39397183518410434 494
1694357307901 0.39362807327035637 495
1694357307928 0.39328326840673505 496
1694357307952 0.39296515354678174 497
1694357307977 0.39262956327340415 498
1694357308002 0.3923265593792768 499
1694357308112 0.3923265593792768 500
