1694416301027 1.9107536336657316 0
1694416301060 1.874007197290785 1
1694416301094 1.8408203752939958 2
1694416301120 1.8091801994170673 3
1694416301148 1.7793470440929542 4
1694416301177 1.750915989219168 5
1694416301201 1.7240237432876708 6
1694416301226 1.698391594054956 7
1694416301250 1.6736989044148636 8
1694416301274 1.6499840599004216 9
1694416301303 1.6271171328489162 10
1694416301328 1.605186038704913 11
1694416301353 1.5838690908377284 12
1694416301381 1.5635021007710326 13
1694416301406 1.5439076638879499 14
1694416301431 1.5249148009963247 15
1694416301462 1.506215877821325 16
1694416301488 1.4882465434214533 17
1694416301589 1.4708847644810452 18
1694416301614 1.4539828656305198 19
1694416301641 1.4378115350501632 20
1694416301665 1.4216600490221543 21
1694416301695 1.406068990810297 22
1694416301719 1.3909444256121817 23
1694416301745 1.3762139887033449 24
1694416301773 1.3617786839208745 25
1694416301822 1.3475329039185155 26
1694416301846 1.3336225981288763 27
1694416301871 1.3200516090590566 28
1694416301897 1.3067962520083807 29
1694416301922 1.2940704006033523 30
1694416301948 1.2814585031362666 31
1694416301980 1.2691324582732832 32
1694416302007 1.2571036848590362 33
1694416302034 1.2453877221404428 34
1694416302061 1.2338744010566127 35
1694416302087 1.2225795938655553 36
1694416302114 1.21163489359911 37
1694416302145 1.2009261004413174 38
1694416302172 1.1903261788314676 39
1694416302200 1.1799756048445917 40
1694416302228 1.169873242359967 41
1694416302254 1.1600725502079987 42
1694416302278 1.1502895701639055 43
1694416302308 1.1406266301012438 44
1694416302334 1.1311312955131185 45
1694416302359 1.1218615164521346 46
1694416302390 1.112825051624061 47
1694416302414 1.1037909795544436 48
1694416302440 1.0950896725395456 49
1694416302469 1.0865733064735856 50
1694416302496 1.078176186327556 51
1694416302521 1.0699312968806842 52
1694416302546 1.061789171388919 53
1694416302582 1.0538399374131517 54
1694416302609 1.0460048727505615 55
1694416302653 1.0382403180704498 56
1694416302681 1.0306451808138093 57
1694416302706 1.0231105139248635 58
1694416302734 1.015775511728369 59
1694416302759 1.0085687776756849 60
1694416302784 1.0014306960755204 61
1694416302809 0.9944743883363788 62
1694416302835 0.9877416285592215 63
1694416302861 0.9809894728919761 64
1694416302922 0.9744365652919434 65
1694416302947 0.9679393215711996 66
1694416302976 0.9615516254341606 67
1694416303005 0.9552586485845139 68
1694416303030 0.9490165838498811 69
1694416303055 0.9429531248680749 70
1694416303080 0.936959393644151 71
1694416303106 0.9311283952873635 72
1694416303132 0.9252930113328818 73
1694416303161 0.9195574826154036 74
1694416303187 0.9138148856786245 75
1694416303212 0.9082031678446608 76
1694416303237 0.9027834413994449 77
1694416303262 0.8974099911279383 78
1694416303291 0.8921253374805491 79
1694416303317 0.8869419390283034 80
1694416303342 0.8818342660305158 81
1694416303369 0.8768322868814549 82
1694416303398 0.8718589178480334 83
1694416303424 0.866957286473257 84
1694416303449 0.8621287667602908 85
1694416303565 0.857302486344444 86
1694416303843 0.8526423512841971 87
1694416303867 0.8480076543651017 88
1694416303892 0.8434152444577991 89
1694416303918 0.8388794307536898 90
1694416303949 0.834381646096191 91
1694416303976 0.8300910682455951 92
1694416304002 0.8258957698267266 93
1694416304029 0.8216506428130107 94
1694416304056 0.8174205664206013 95
1694416304082 0.8132702548323032 96
1694416304107 0.8092874265239924 97
1694416304133 0.8052752410256996 98
1694416304161 0.8013510019152635 99
1694416304189 0.8013510019152635 100
