1694241337855 1.8718036258912458 0
1694241337878 1.8050365530790935 1
1694241337908 1.7477218866589714 2
1694241337932 1.6943528501704603 3
1694241337957 1.6460855712961657 4
1694241337984 1.6014572495338066 5
1694241338013 1.5601570192014056 6
1694241338037 1.5215806642320202 7
1694241338062 1.4850623809875434 8
1694241338162 1.450531922275826 9
1694241338205 1.4181320575453518 10
1694241338241 1.3874640367470987 11
1694241338266 1.3579258141403017 12
1694241338291 1.329977297528478 13
1694241338314 1.3037519197633356 14
1694241338340 1.2787110173354186 15
1694241338368 1.2543204807799684 16
1694241338396 1.23114545421766 17
1694241338421 1.2091257090459362 18
1694241338451 1.1876660414996683 19
1694241338477 1.167636601167461 20
1694241338510 1.1480504674072058 21
1694241338536 1.1289193292764281 22
1694241338562 1.110957117691647 23
1694241338588 1.093627426667637 24
1694241338642 1.076948516367132 25
1694241338667 1.060575954780051 26
1694241338692 1.0447781489431371 27
1694241338738 1.029660393793969 28
1694241338762 1.0150962372797283 29
1694241338790 1.001047791942928 30
1694241338819 0.9872924703845911 31
1694241338848 0.9740361401440292 32
1694241338873 0.96121934899952 33
1694241338897 0.949059560853855 34
1694241338926 0.9371974196943405 35
1694241338951 0.9256909332757154 36
1694241338984 0.9145625428846957 37
1694241339014 0.9035484905749012 38
1694241339041 0.892992926017557 39
1694241339067 0.882876555479062 40
1694241339092 0.8731183357388403 41
1694241339124 0.8637525559435599 42
1694241339151 0.8542711919996456 43
1694241339176 0.8450596159149965 44
1694241339201 0.836249577264237 45
1694241339232 0.8275867111094143 46
1694241339270 0.8193328141283531 47
1694241339295 0.8111710610907678 48
1694241339320 0.8033711858124906 49
1694241339347 0.7956803700181074 50
1694241339374 0.7882709413374555 51
1694241339406 0.7811507396920897 52
1694241339433 0.77411146450318 53
1694241339461 0.7672011702967474 54
1694241339496 0.7604432239331514 55
1694241339523 0.7538171806423227 56
1694241339555 0.7475649766501888 57
1694241339583 0.7414024090617487 58
1694241339611 0.7352191341811564 59
1694241339639 0.7293292908146847 60
1694241339668 0.7234761461395579 61
1694241339694 0.7178714761807115 62
1694241339721 0.7124104087223858 63
1694241339752 0.7069622472827417 64
1694241339784 0.7017594504898587 65
1694241339898 0.6966822322786814 66
1694241339929 0.6916239737122274 67
1694241339954 0.6867153508365264 68
1694241339983 0.6819503212128082 69
1694241340025 0.6774234276396806 70
1694241340055 0.672844085030796 71
1694241340085 0.6683773863554706 72
1694241340147 0.6640295465801628 73
1694241340178 0.6597680605928334 74
1694241340204 0.655562033468716 75
1694241340234 0.6513812978979692 76
1694241340261 0.647348760000136 77
1694241340297 0.6434073051736268 78
1694241340335 0.6396026341139803 79
1694241340361 0.6357939422385537 80
1694241340387 0.6321128555605592 81
1694241340413 0.6284628246930248 82
1694241340497 0.6249427362958759 83
1694241340522 0.6214955970031234 84
1694241340564 0.6180119813454965 85
1694241340595 0.6146072914413346 86
1694241340621 0.611318995407511 87
1694241340678 0.6080220306636881 88
1694241340707 0.6047281215149721 89
1694241340735 0.6016508368981357 90
1694241340770 0.5986102433850451 91
1694241340810 0.5956442835555175 92
1694241340840 0.5927524575453386 93
1694241340881 0.5899297284600827 94
1694241340908 0.5870799467855727 95
1694241340938 0.5842966569688687 96
1694241340968 0.5815792004758356 97
1694241340993 0.5788757153776465 98
1694241341024 0.5762207984784796 99
1694241341055 0.5736268437628748 100
1694241341089 0.5710299018730697 101
1694241341118 0.5685707991307536 102
1694241341144 0.5661614556287231 103
1694241341172 0.5637742221266299 104
1694241341200 0.5613743105398243 105
1694241341227 0.5590324863075702 106
1694241341256 0.5566791648940451 107
1694241341282 0.5543423630302472 108
1694241341311 0.5520913029865507 109
1694241341337 0.549892892742584 110
1694241341362 0.5477170413578921 111
1694241341402 0.5455782144995801 112
1694241341426 0.5434508687510341 113
1694241341455 0.541348193036752 114
1694241341480 0.5393324644130524 115
1694241341512 0.5373386020965951 116
1694241341537 0.5352801995375953 117
1694241341563 0.5332640603211162 118
1694241341594 0.5312943683874735 119
1694241341623 0.5294250933407901 120
1694241341649 0.5275378786021512 121
1694241341676 0.5256950524906081 122
1694241341699 0.5238592902783276 123
1694241341730 0.5220691387550721 124
1694241341758 0.5202733898176074 125
1694241341783 0.518553301247284 126
1694241341808 0.5168439112073097 127
1694241341834 0.5151624900003414 128
1694241341863 0.5133769696658576 129
1694241341988 0.5117242468926511 130
1694241342017 0.510094588103569 131
1694241342042 0.5084406420660094 132
1694241342067 0.5068626270297686 133
1694241342091 0.5053307555288075 134
1694241342121 0.5037395884308604 135
1694241342172 0.5022776832325261 136
1694241342197 0.5007416495302593 137
1694241342223 0.49926932467133855 138
1694241342290 0.4977686330037804 139
1694241342314 0.4962199040663973 140
1694241342343 0.4947444554852106 141
1694241342372 0.49331248074215245 142
1694241342398 0.4918788267768986 143
1694241342423 0.49052072245236034 144
1694241342449 0.4891507476094343 145
1694241342483 0.4877813795066617 146
1694241342514 0.4864028597685465 147
1694241342538 0.4850721951861727 148
1694241342563 0.4837076994789204 149
1694241342589 0.48229634539365834 150
1694241342620 0.48094801291499867 151
1694241342645 0.4796129690073861 152
1694241342672 0.47829628603173613 153
1694241342723 0.47699129566230497 154
1694241342751 0.47573262036530617 155
1694241342776 0.4745326332846857 156
1694241342799 0.4733169976307417 157
1694241342829 0.4721516205671074 158
1694241342854 0.47097983790141695 159
1694241342883 0.4698150259411462 160
1694241342908 0.4685831399183426 161
1694241342933 0.46747794778454177 162
1694241342959 0.4662342880719637 163
1694241342987 0.4650242405233343 164
1694241343025 0.463916129961566 165
1694241343049 0.4627716162701819 166
1694241343084 0.46159160658254494 167
1694241343109 0.46042016349070786 168
1694241343134 0.4592585646648866 169
1694241343164 0.4580930822128648 170
1694241343190 0.4569897534366714 171
1694241343219 0.4558428039691061 172
1694241343243 0.4547145839627658 173
1694241343269 0.45357306696257627 174
1694241343297 0.4525262348164574 175
1694241343326 0.45143132363316774 176
1694241343352 0.45038455527547605 177
1694241343377 0.44926552464335273 178
1694241343401 0.4482267393117762 179
1694241343431 0.4472103280216671 180
1694241343457 0.446161716191925 181
1694241343483 0.4451628747696284 182
1694241343509 0.4441266140327761 183
1694241343663 0.44309284364981494 184
1694241343706 0.442104116383034 185
1694241343732 0.44108560502420247 186
1694241343761 0.4401472988805415 187
1694241343797 0.4391604284134299 188
1694241343831 0.43822552948902005 189
1694241343868 0.4372677319917597 190
1694241343909 0.43631131559115527 191
1694241343976 0.4353955554710236 192
1694241344015 0.43452685699834476 193
1694241344106 0.4335810856518226 194
1694241344131 0.4326531034349725 195
1694241344159 0.43168564626195693 196
1694241344221 0.43072945645929805 197
1694241344247 0.42983281030882153 198
1694241344273 0.4289378747481306 199
1694241344318 0.42804274580775703 200
1694241344355 0.42722287904186457 201
1694241344378 0.4263541481041307 202
1694241344402 0.4255065115964062 203
1694241344426 0.42460101457200233 204
1694241344456 0.42374089033700646 205
1694241344480 0.42291504659226414 206
1694241344510 0.4220059423329028 207
1694241344535 0.42105736434591595 208
1694241344560 0.42024294158489583 209
1694241344591 0.41942133942192245 210
1694241344616 0.4185833865415839 211
1694241344641 0.41770487867450007 212
1694241344665 0.4169044429855833 213
1694241344691 0.4160561193343043 214
1694241344740 0.41522578567875484 215
1694241344763 0.4144118727235911 216
1694241344791 0.41360706351350734 217
1694241344814 0.41284666380046575 218
1694241344847 0.4120281139970007 219
1694241344870 0.4112416478448828 220
1694241344895 0.4104659518969772 221
1694241344920 0.40968261574586945 222
1694241344945 0.40891727328086797 223
1694241344974 0.40813843464925603 224
1694241345003 0.407357509666372 225
1694241345029 0.40661789253282904 226
1694241345054 0.4057992212250954 227
1694241345085 0.40498275267432554 228
1694241345110 0.40426766525760094 229
1694241345137 0.40358713418955533 230
1694241345161 0.402826222194478 231
1694241345186 0.40212436656796524 232
1694241345212 0.40143573501238117 233
1694241345239 0.40072235011178775 234
1694241345263 0.3999536876698473 235
1694241345288 0.39923502803448707 236
1694241345313 0.3985062393453601 237
1694241345349 0.3977524144674278 238
1694241345373 0.3969669122823963 239
1694241345397 0.3962924631984215 240
1694241345421 0.3955872025088944 241
1694241345446 0.39484462517219343 242
1694241345473 0.39416049933865094 243
1694241345531 0.3935187322084894 244
1694241345557 0.39285558500594203 245
1694241345581 0.3921167839951873 246
1694241345614 0.3913906008228853 247
1694241345638 0.39076718955689377 248
1694241345668 0.39011553768516694 249
1694241345694 0.38936691386364664 250
1694241345718 0.3887023078388475 251
1694241345743 0.38797542251003836 252
1694241345771 0.38734429078767574 253
1694241345795 0.38666676735349575 254
1694241345818 0.38599329126297033 255
1694241345844 0.3852798644009854 256
1694241345873 0.38453752911326383 257
1694241345904 0.3838936463072528 258
1694241345929 0.38329783981067633 259
1694241345954 0.3826659246850229 260
1694241345978 0.3820104554716894 261
1694241346008 0.3813704302684748 262
1694241346033 0.3807550860336137 263
1694241346058 0.3801151749701169 264
1694241346087 0.3794686463323448 265
1694241346124 0.3787936993496938 266
1694241346230 0.37821716875106953 267
1694241346261 0.37753504573282776 268
1694241346287 0.37687946572709274 269
1694241346416 0.3762076308937604 270
1694241346442 0.3755878008802332 271
1694241346468 0.3749729852291331 272
1694241346498 0.37434987453101715 273
1694241346524 0.37371478998175883 274
1694241346548 0.37314412863239943 275
1694241346573 0.37259104685628275 276
1694241346601 0.371950063647544 277
1694241346629 0.37132711567949617 278
1694241346653 0.37075624438799865 279
1694241346679 0.37014023399335455 280
1694241346706 0.3694884545080659 281
1694241346734 0.36884677645207836 282
1694241346782 0.36827314845707104 283
1694241346805 0.36770798359750934 284
1694241346831 0.3670452887941211 285
1694241346860 0.3665018121286015 286
1694241346885 0.3658796002029856 287
1694241346910 0.3652672831925659 288
1694241346943 0.36467877815709293 289
1694241346975 0.36406807128535223 290
1694241347004 0.3635251564577185 291
1694241347029 0.36297556405440856 292
1694241347055 0.3623709039535414 293
1694241347084 0.36182148900192224 294
1694241347109 0.3612501361439106 295
1694241347137 0.36069906362374204 296
1694241347165 0.36007626102650125 297
1694241347199 0.3595603534204737 298
1694241347228 0.35900524560422764 299
1694241347252 0.35839725585480336 300
1694241347280 0.35791115891282643 301
1694241347305 0.35732385832490043 302
1694241347332 0.3567063113158249 303
1694241347362 0.35614662972164074 304
1694241347389 0.35557730593024683 305
1694241347419 0.35504859534084615 306
1694241347450 0.3544673387975659 307
1694241347477 0.35390709902910783 308
1694241347511 0.35331365779578094 309
1694241347539 0.3527590843318548 310
1694241347564 0.3521867271635688 311
1694241347590 0.35166681533909117 312
1694241347615 0.3511443601043758 313
1694241347644 0.35065611721110757 314
1694241347668 0.35014715195945306 315
1694241347691 0.34962714722633187 316
1694241347719 0.34911698602590957 317
1694241347744 0.3485414002848864 318
1694241347771 0.34806087066908853 319
1694241347800 0.3475476424740292 320
1694241347824 0.34704697405876056 321
1694241347850 0.3464829964045126 322
1694241347874 0.34594150170195764 323
1694241347904 0.34535006169766164 324
1694241347929 0.3448198333363035 325
1694241347958 0.3443074759484451 326
1694241347988 0.3437358950488499 327
1694241348019 0.34319782845493896 328
1694241348043 0.3426249287758163 329
1694241348069 0.3421311574613824 330
1694241348094 0.34156035952165176 331
1694241348123 0.34102216823686254 332
1694241348148 0.3405118381649697 333
1694241348172 0.33998278242781815 334
1694241348198 0.3394434100210443 335
1694241348306 0.3388912697587626 336
1694241348358 0.33838416093041307 337
1694241348390 0.33787661564776195 338
1694241348414 0.3373910440636746 339
1694241348441 0.3369196706781055 340
1694241348466 0.3363705074071452 341
1694241348498 0.33587480224285116 342
1694241348525 0.33539891291428253 343
1694241348550 0.334909565893801 344
1694241348575 0.33444327230023535 345
1694241348602 0.33406643709024514 346
1694241348627 0.33359239951842523 347
1694241348650 0.3330887894908809 348
1694241348674 0.3326290706154015 349
1694241348699 0.33217827942760986 350
1694241348731 0.3316738341443311 351
1694241348755 0.331195220740931 352
1694241348778 0.3307257801076463 353
1694241348826 0.3302188884851272 354
1694241348855 0.32970001393381826 355
1694241348881 0.32922234089075086 356
1694241348906 0.328759533715241 357
1694241348932 0.32825976844868376 358
1694241348963 0.32778656594478384 359
1694241348989 0.32732373231822076 360
1694241349016 0.32683820111901596 361
1694241349043 0.3264294470865763 362
1694241349067 0.32592475062571213 363
1694241349096 0.32543110099471634 364
1694241349122 0.3249763622844959 365
1694241349147 0.32448198687566193 366
1694241349172 0.3240537728395252 367
1694241349197 0.32362936130428166 368
1694241349223 0.3232167905914526 369
1694241349250 0.32284872320406044 370
1694241349277 0.3223819270793398 371
1694241349304 0.3219507654762399 372
1694241349328 0.3215596809608759 373
1694241349353 0.32108945262094113 374
1694241349380 0.32069162495238074 375
1694241349408 0.32028855848976456 376
1694241349434 0.3198058026947671 377
1694241349458 0.31934298860282484 378
1694241349485 0.31889322549653193 379
1694241349519 0.3184342859677681 380
1694241349542 0.3180449378074556 381
1694241349566 0.31759393422442384 382
1694241349593 0.3171309768521627 383
1694241349618 0.31670759618636285 384
1694241349642 0.3162685294932289 385
1694241349678 0.3158641518991786 386
1694241349702 0.31536948436422063 387
1694241349729 0.3149390916460182 388
1694241349753 0.3145539723484881 389
1694241349781 0.3141382734420084 390
1694241349804 0.31370167192589365 391
1694241349829 0.3132779863379706 392
1694241349853 0.3128952559224012 393
1694241349881 0.3124789798413231 394
1694241349904 0.3120459834796469 395
1694241349933 0.31160245497410843 396
1694241349957 0.31117654223537555 397
1694241349994 0.31074034774320025 398
1694241350027 0.3103558083360612 399
1694241350058 0.30988577559610236 400
1694241350086 0.3095175507660623 401
1694241350123 0.309098888684044 402
1694241350147 0.30875784507342396 403
1694241350181 0.30832320110910955 404
1694241350208 0.30784339312842574 405
1694241350250 0.3073959689387875 406
1694241350296 0.3070133890682673 407
1694241350330 0.3065768060191732 408
1694241350356 0.3061782919002449 409
1694241350462 0.30579358473160784 410
1694241350517 0.3053819472003069 411
1694241350545 0.3049423596999011 412
1694241350570 0.30450143674226254 413
1694241350596 0.30414879342257317 414
1694241350620 0.3037700630727875 415
1694241350647 0.30338395171082577 416
1694241350682 0.30293359211919446 417
1694241350709 0.30252824935753164 418
1694241350738 0.30212018120924433 419
1694241350765 0.30171790724049213 420
1694241350802 0.30128553224376065 421
1694241350854 0.30089035454383195 422
1694241350878 0.30047934585256797 423
1694241350901 0.30007663190358463 424
1694241350925 0.2997175871059555 425
1694241350959 0.29927023771494893 426
1694241350983 0.29887272534384124 427
1694241351017 0.2984396465649518 428
1694241351042 0.2980912990389516 429
1694241351070 0.29776064005126934 430
1694241351094 0.29736570091738074 431
1694241351117 0.2969954371127146 432
1694241351142 0.29657674008126317 433
1694241351172 0.29616858099633336 434
1694241351200 0.29576301256798504 435
1694241351230 0.29537071916347696 436
1694241351254 0.2949902367090701 437
1694241351279 0.2946182379684347 438
1694241351306 0.294230487871297 439
1694241351329 0.2938449543464976 440
1694241351363 0.29348026155622914 441
1694241351388 0.29312278696336386 442
1694241351415 0.2927578006065984 443
1694241351445 0.2923471512008363 444
1694241351470 0.2920192767387068 445
1694241351499 0.29167265626962124 446
1694241351523 0.2913091874937587 447
1694241351557 0.29092262805795593 448
1694241351580 0.2905606085711004 449
1694241351605 0.2901810053582183 450
1694241351630 0.2898059190068652 451
1694241351654 0.2894013964306822 452
1694241351678 0.28904634706841087 453
1694241351710 0.2887196544867032 454
1694241351737 0.28833122001374445 455
1694241351761 0.2879328009437366 456
1694241351784 0.28757365389209844 457
1694241351808 0.2871997442046305 458
1694241351835 0.28682098504180187 459
1694241351858 0.2864331555016058 460
1694241351883 0.28607418571369597 461
1694241351907 0.28571912657406184 462
1694241351931 0.2853380778246364 463
1694241351957 0.28495377746972406 464
1694241351992 0.28460844635733956 465
1694241352016 0.28424121149337883 466
1694241352040 0.28389559325363267 467
1694241352067 0.2835423092672285 468
1694241352091 0.2832048879395649 469
1694241352119 0.28287521162427026 470
1694241352142 0.2825291960791682 471
1694241352167 0.28215999791340446 472
1694241352191 0.2818076656366736 473
1694241352218 0.2814604575695872 474
1694241352243 0.28110693970564493 475
1694241352280 0.28076290566562384 476
1694241352326 0.28043311128143356 477
1694241352355 0.28006054300657374 478
1694241352379 0.27968373660278345 479
1694241352411 0.27937896839483 480
1694241352434 0.27901192391627905 481
1694241352475 0.2787033866923786 482
1694241352591 0.27834624960049176 483
1694241352619 0.278014730373936 484
1694241352643 0.2776519432574449 485
1694241352667 0.27730541136012105 486
1694241352692 0.2769219811643356 487
1694241352722 0.2765996816013036 488
1694241352748 0.2762387615784195 489
1694241352773 0.27585123455367955 490
1694241352798 0.2754639683965462 491
1694241352823 0.2751230927708803 492
1694241352872 0.27480363323096924 493
1694241352895 0.27445926473261967 494
1694241352919 0.2741535480310865 495
1694241352944 0.27381411506104836 496
1694241352969 0.2734826778528038 497
1694241352999 0.27313192963523963 498
1694241353024 0.2728051372524358 499
1694241353047 0.2724598433263259 500
1694241353073 0.2720693499466288 501
1694241353096 0.2717490604315708 502
1694241353121 0.27141040444526193 503
1694241353161 0.2710434787489177 504
1694241353184 0.2707124209867832 505
1694241353207 0.27035302946909195 506
1694241353232 0.2700043479538976 507
1694241353257 0.26967258876294053 508
1694241353288 0.26931329231046686 509
1694241353313 0.26896183952124614 510
1694241353336 0.2686257567476918 511
1694241353359 0.2682729382778646 512
1694241353384 0.26794861177308144 513
1694241353410 0.2676727401182754 514
1694241353433 0.267363989815043 515
1694241353459 0.26709861465828505 516
1694241353482 0.2667704758497156 517
1694241353512 0.2664570865654911 518
1694241353540 0.2661347635169718 519
1694241353565 0.2658008658969564 520
1694241353590 0.26547061000633015 521
1694241353615 0.2651331434157933 522
1694241353643 0.2648028825925518 523
1694241353673 0.26449639130306135 524
1694241353699 0.26418656220425213 525
1694241353731 0.2639045242085057 526
1694241353762 0.26359206598095647 527
1694241353786 0.2632729934695234 528
1694241353812 0.2630062953596278 529
1694241353837 0.26269893499493835 530
1694241353864 0.26238080700719185 531
1694241353891 0.2621145480913402 532
1694241353918 0.26178211990673644 533
1694241353943 0.26146391942170544 534
1694241353967 0.2611045937755951 535
1694241353989 0.2608390334621792 536
1694241354021 0.26057752915638366 537
1694241354045 0.26033085150282304 538
1694241354069 0.2600264541393837 539
1694241354093 0.2597066631953751 540
1694241354117 0.25938399963888925 541
1694241354141 0.2591148364796798 542
1694241354170 0.2587648827788935 543
1694241354195 0.25847849693615527 544
1694241354221 0.258180547749016 545
1694241354247 0.2578782249530327 546
1694241354270 0.25760153799274704 547
1694241354305 0.2573175922306855 548
1694241354353 0.2569684634921042 549
1694241354377 0.2566815843723279 550
1694241354398 0.25640733840069335 551
1694241354422 0.25613003784861754 552
1694241354452 0.2558705906999311 553
1694241354475 0.2555888408825269 554
1694241354504 0.2553088768254383 555
1694241354529 0.25496656251227884 556
1694241354559 0.2546681979429516 557
1694241354593 0.254380852933552 558
1694241354681 0.25409103206947725 559
1694241354705 0.25380307425087295 560
1694241354733 0.25350495816283025 561
1694241354760 0.25322057808680887 562
1694241354785 0.25292505755241784 563
1694241354813 0.2526471107512233 564
1694241354839 0.25234051859334294 565
1694241354867 0.25200621071211154 566
1694241354915 0.25171991138058175 567
1694241354948 0.251401311594147 568
1694241354972 0.25111914473422214 569
1694241355000 0.25079227467329274 570
1694241355025 0.2504922523139247 571
1694241355051 0.25018658477229644 572
1694241355074 0.2498875226776198 573
1694241355097 0.24960606082020312 574
1694241355122 0.24932661175704418 575
1694241355150 0.2490386721020134 576
1694241355174 0.24871678040391557 577
1694241355198 0.24844626768432046 578
1694241355222 0.24815635956611562 579
1694241355251 0.24787045951903583 580
1694241355280 0.24755684120805843 581
1694241355306 0.24730109528556413 582
1694241355329 0.2469995409004043 583
1694241355355 0.24670591654080617 584
1694241355380 0.24640046127631474 585
1694241355409 0.24612585400345083 586
1694241355432 0.24586280827120868 587
1694241355458 0.2455515816630496 588
1694241355482 0.2452766092840928 589
1694241355511 0.24498510801789317 590
1694241355539 0.24470270996743765 591
1694241355564 0.2444109850875683 592
1694241355589 0.2441417757616845 593
1694241355613 0.24387398235202543 594
1694241355640 0.24356124203365942 595
1694241355664 0.24329635230465138 596
1694241355689 0.24304929884969656 597
1694241355713 0.2427812331399631 598
1694241355752 0.242503898161424 599
1694241355778 0.2422465929532584 600
1694241355808 0.24194287325032535 601
1694241355833 0.24165054072612516 602
1694241355859 0.24139071039508234 603
1694241355884 0.24114008952472096 604
1694241355914 0.24088300198426996 605
1694241355944 0.24061941135344228 606
1694241355970 0.24032829537836148 607
1694241355999 0.24008278694974705 608
1694241356025 0.23979012673732467 609
1694241356054 0.23951392095522583 610
1694241356080 0.23919799431336472 611
1694241356107 0.23890449887776916 612
1694241356132 0.2386216089322333 613
1694241356158 0.23830119979092249 614
1694241356189 0.23804266067432153 615
1694241356216 0.2377912896702405 616
1694241356244 0.23752849025133563 617
1694241356270 0.23725503008468163 618
1694241356311 0.23702878613655304 619
1694241356341 0.23678541972873463 620
1694241356543 0.23652192774626213 621
1694241356794 0.2362692203560714 622
1694241356817 0.2359993454765749 623
1694241356839 0.23572690327334578 624
1694241356866 0.23547310235639335 625
1694241356889 0.235237604335291 626
1694241356940 0.23495674303171823 627
1694241356963 0.23469822369872498 628
1694241356994 0.23441268228010012 629
1694241357026 0.2341264080298558 630
1694241357057 0.23385432868803463 631
1694241357084 0.23357955362015972 632
1694241357112 0.2333125616164918 633
1694241357141 0.2330535130231492 634
1694241357165 0.2328307259029383 635
1694241357197 0.23259509268258804 636
1694241357231 0.23235856419039752 637
1694241357259 0.23212554553050882 638
1694241357298 0.23184887505353433 639
1694241357331 0.23161294021370424 640
1694241357361 0.2313412887829139 641
1694241357390 0.23104649907258853 642
1694241357419 0.23076134052838485 643
1694241357442 0.23047712688712538 644
1694241357469 0.23020992982312222 645
1694241357498 0.2299291206581298 646
1694241357534 0.2296880353701094 647
1694241357558 0.22939666045942422 648
1694241357582 0.22911218941601122 649
1694241357611 0.22883751580405437 650
1694241357636 0.2285713193559675 651
1694241357661 0.22832670716384917 652
1694241357687 0.22805736500111734 653
1694241357712 0.2278059250756613 654
1694241357737 0.22755228397495061 655
1694241357765 0.22731073597030482 656
1694241357791 0.22706312071828155 657
1694241357815 0.22681577713311674 658
1694241357838 0.22654792154159184 659
1694241357867 0.2263048075709468 660
1694241357890 0.226044663982921 661
1694241357914 0.22579991608416916 662
1694241357941 0.22554106964734474 663
1694241357965 0.22530725820070724 664
1694241357997 0.22505507775569197 665
1694241358020 0.2247972034266672 666
1694241358049 0.22455416299426811 667
1694241358073 0.22431906089434595 668
1694241358100 0.22407536327535277 669
1694241358124 0.22380050606792104 670
1694241358149 0.22355704823254993 671
1694241358173 0.2233358115059697 672
1694241358198 0.2230895491325391 673
1694241358228 0.2228831729112886 674
1694241358254 0.22263203520798963 675
1694241358290 0.22239132031401984 676
1694241358315 0.2221443455100327 677
1694241358355 0.22189605669747203 678
1694241358380 0.22165841094270092 679
1694241358426 0.221425521861523 680
1694241358448 0.2211755622763032 681
1694241358483 0.22093182045196702 682
1694241358516 0.22071088119815213 683
1694241358541 0.2204868692630425 684
1694241358568 0.22023591736150003 685
1694241358595 0.2199792268758492 686
1694241358619 0.21972870859965904 687
1694241358654 0.21949476254576195 688
1694241358685 0.21925878982843885 689
1694241358708 0.21899285287073827 690
1694241358732 0.21873573207005328 691
1694241358755 0.21850537831192243 692
1694241358867 0.2182823483974798 693
1694241358894 0.2180282434129991 694
1694241358922 0.2177880608759316 695
1694241358970 0.21754991866030565 696
1694241358993 0.2173114176910603 697
1694241359024 0.21709443572380693 698
1694241359048 0.2168668042034387 699
1694241359071 0.21662417087779232 700
1694241359094 0.21639899056597023 701
1694241359120 0.21618407966949213 702
1694241359148 0.21594978312184512 703
1694241359173 0.21573459647801113 704
1694241359196 0.2155155227047998 705
1694241359219 0.21527791838024388 706
1694241359245 0.2150556555146501 707
1694241359270 0.21481228875924469 708
1694241359297 0.21460797172385393 709
1694241359320 0.21437760840168651 710
1694241359343 0.2141574294579433 711
1694241359371 0.2139278931445672 712
1694241359396 0.21368066219139492 713
1694241359423 0.21344226345945935 714
1694241359447 0.21321607722010266 715
1694241359470 0.2129874964778686 716
1694241359501 0.21276045906731994 717
1694241359557 0.21251852137128222 718
1694241359581 0.2122775193669959 719
1694241359604 0.2120132762113459 720
1694241359635 0.21177125141212533 721
1694241359659 0.21152929721814157 722
1694241359682 0.2113246867061012 723
1694241359704 0.21112620240548746 724
1694241359728 0.21091710576725464 725
1694241359756 0.21067633271601127 726
1694241359781 0.2104329611978773 727
1694241359807 0.21019816387719595 728
1694241359830 0.20995534076779984 729
1694241359855 0.20971504799528876 730
1694241359881 0.20948196050256185 731
1694241359905 0.2092532065247551 732
1694241359929 0.20901027288616672 733
1694241359952 0.2087735438359337 734
1694241359988 0.20853513069165333 735
1694241360025 0.20829949703979597 736
1694241360049 0.20809868323675038 737
1694241360077 0.20786224627091268 738
1694241360103 0.20762156048810984 739
1694241360125 0.20737393078179156 740
1694241360148 0.20714115653671705 741
1694241360179 0.20692363371313272 742
1694241360204 0.2066770724402071 743
1694241360232 0.20650008549397503 744
1694241360255 0.20628150649967253 745
1694241360279 0.20606234968983161 746
1694241360304 0.20583848614910785 747
1694241360327 0.20562439486730202 748
1694241360371 0.20541438775329401 749
1694241360395 0.20516233545126475 750
1694241360443 0.2049632225877031 751
1694241360465 0.20473420660705313 752
1694241360499 0.20453366938435252 753
1694241360526 0.20433684870906813 754
1694241360550 0.20411424579043486 755
1694241360573 0.20391121368697165 756
1694241360597 0.20368334469010563 757
1694241360622 0.20349381924739546 758
1694241360645 0.20329847641377627 759
1694241360671 0.20308879593321785 760
1694241360700 0.20286010735399748 761
1694241360726 0.20264189296848115 762
1694241360750 0.20245595003985448 763
1694241360774 0.20224698712157121 764
1694241360814 0.20205075229363334 765
1694241360919 0.20183777566227884 766
1694241360951 0.20164270453660596 767
1694241361004 0.20144097606110928 768
1694241361032 0.2012206926664054 769
1694241361055 0.20104717211313294 770
1694241361079 0.20082337196411146 771
1694241361105 0.20060750525172094 772
1694241361135 0.200374680181272 773
1694241361158 0.2001389486636692 774
1694241361184 0.19992446742400444 775
1694241361208 0.1997186277261445 776
1694241361240 0.19949899489984502 777
1694241361268 0.19928356443599596 778
1694241361291 0.19909218673911228 779
1694241361335 0.19883803720297974 780
1694241361356 0.19865298273014895 781
1694241361379 0.19844676559473426 782
1694241361407 0.19824044821214176 783
1694241361430 0.19804088267141287 784
1694241361453 0.19786084134505166 785
1694241361476 0.19765772414227145 786
1694241361504 0.197457284894586 787
1694241361531 0.19726110762544524 788
1694241361554 0.1970576180873227 789
1694241361594 0.19684666289472677 790
1694241361618 0.19664198865868882 791
1694241361642 0.1964494448614169 792
1694241361668 0.19625223720782123 793
1694241361692 0.19603583880713357 794
1694241361717 0.19582491776360278 795
1694241361741 0.19563409062088194 796
1694241361770 0.19544590951206606 797
1694241361796 0.19522754244823465 798
1694241361823 0.1950122982189767 799
1694241361850 0.19481258496810339 800
1694241361874 0.194591729663957 801
1694241361900 0.19437833378185707 802
1694241361923 0.19416630999386397 803
1694241361951 0.19397137599479206 804
1694241361975 0.19378409295139218 805
1694241362003 0.19358447343947163 806
1694241362029 0.19337165820693916 807
1694241362053 0.19316269000165276 808
1694241362078 0.19297334271599687 809
1694241362106 0.1927732321245612 810
1694241362134 0.1925407425717322 811
1694241362158 0.192331067301002 812
1694241362185 0.19213010545682796 813
1694241362212 0.19194246753869426 814
1694241362237 0.19172854113413323 815
1694241362260 0.19153392760974744 816
1694241362288 0.19137630828212665 817
1694241362312 0.19119840171217847 818
1694241362342 0.1910023724222913 819
1694241362367 0.1908067201054744 820
1694241362408 0.190612674084527 821
1694241362434 0.1904225404358119 822
1694241362481 0.19024012401160656 823
1694241362511 0.190030991329881 824
1694241362545 0.18986575279115675 825
1694241362573 0.18968346709531528 826
1694241362596 0.18950361758999945 827
1694241362620 0.18930684244684623 828
1694241362647 0.18909155601435043 829
1694241362671 0.1888696203917411 830
1694241362698 0.18868516913589234 831
1694241362722 0.1885056552782367 832
1694241362750 0.18828519295630827 833
1694241362773 0.18808557592298036 834
1694241362798 0.1878957862959954 835
1694241362824 0.1877120886855848 836
1694241362854 0.1875018050334059 837
1694241362878 0.18733768940718665 838
1694241362904 0.18715633955105868 839
1694241362986 0.18696300054038045 840
1694241363041 0.18677799022737332 841
1694241363065 0.18658444553950704 842
1694241363088 0.18639435273012575 843
1694241363121 0.1861935317857524 844
1694241363144 0.18600644156378987 845
1694241363166 0.18582050162988453 846
1694241363189 0.18562899085158652 847
1694241363212 0.1854499830304397 848
1694241363241 0.18525643300228395 849
1694241363275 0.18508173009392198 850
1694241363300 0.1848734859114692 851
1694241363327 0.1846848023746052 852
1694241363352 0.18450408788831973 853
1694241363382 0.1843148571035796 854
1694241363406 0.1841123823932627 855
1694241363430 0.18393266148819595 856
1694241363455 0.1837270961853564 857
1694241363482 0.18353843012335241 858
1694241363511 0.18337539936172234 859
1694241363534 0.18317985777373655 860
1694241363557 0.18301263623309946 861
1694241363581 0.18282246573584934 862
1694241363610 0.182650879420936 863
1694241363634 0.18245717838230582 864
1694241363661 0.18228164894397084 865
1694241363685 0.1821067424379015 866
1694241363712 0.18195926395144466 867
1694241363736 0.1817731508678877 868
1694241363758 0.1816060629936039 869
1694241363782 0.18143923470374165 870
1694241363810 0.1812359254283836 871
1694241363836 0.18106780274194367 872
1694241363862 0.18089782507631827 873
1694241363890 0.18071024107609965 874
1694241363914 0.18053810246960203 875
1694241363938 0.18034690340709553 876
1694241363963 0.1801631576743766 877
1694241363996 0.17998596392968086 878
1694241364020 0.17982029201479635 879
1694241364043 0.1796467529466078 880
1694241364066 0.17944415016206647 881
1694241364089 0.17928408966513823 882
1694241364117 0.17912849392435562 883
1694241364152 0.17895921080069657 884
1694241364176 0.17877827904151258 885
1694241364199 0.17861795618162402 886
1694241364224 0.17844689555385188 887
1694241364247 0.17826568037512525 888
1694241364274 0.1781128423124497 889
1694241364297 0.17792248433208072 890
1694241364322 0.1777409730023308 891
1694241364348 0.1775472554363014 892
1694241364373 0.1773775187974316 893
1694241364398 0.17721568731838933 894
1694241364441 0.1770580219134377 895
1694241364464 0.1768638365868859 896
1694241364510 0.17666125494594925 897
1694241364535 0.17647009068630562 898
1694241364573 0.17629170044701975 899
1694241364600 0.17612038571219626 900
1694241364626 0.17596435336520724 901
1694241364655 0.1757887818196625 902
1694241364680 0.17560010107482285 903
1694241364702 0.1754357552473559 904
1694241364725 0.17525968594339397 905
1694241364748 0.17507546974367053 906
1694241364772 0.17490454017618864 907
1694241364802 0.1747238827947979 908
1694241364827 0.17454165030293392 909
1694241364858 0.17435273763204936 910
1694241364893 0.17416906883937508 911
1694241364919 0.17398559763150623 912
1694241364947 0.17380693720378487 913
1694241364972 0.17363579825110587 914
1694241365015 0.17343813948403877 915
1694241365170 0.17326477300059848 916
1694241365199 0.17305160590623825 917
1694241365222 0.17289297205980125 918
1694241365245 0.17270950792076428 919
1694241365268 0.17252750253287943 920
1694241365294 0.17238092794285342 921
1694241365318 0.1722146135406756 922
1694241365341 0.17203153271430943 923
1694241365364 0.17184212794505932 924
1694241365391 0.17168449269799774 925
1694241365426 0.17152816253578365 926
1694241365462 0.17136439855362406 927
1694241365523 0.17117540039593795 928
1694241365556 0.1710003403820442 929
1694241365589 0.17082800842482013 930
1694241365641 0.1706564881882321 931
1694241365667 0.1704934193401762 932
1694241365695 0.17032029027400056 933
1694241365739 0.1701293794900462 934
1694241365942 0.16996574405962253 935
1694241365966 0.16979840234286445 936
1694241365996 0.16962689371898854 937
1694241366027 0.16945663552495008 938
1694241366069 0.16929407097986765 939
1694241366097 0.16913429621521256 940
1694241366131 0.1689885502529291 941
1694241366164 0.16881170923000127 942
1694241366195 0.16864790418916428 943
1694241366227 0.16849209911671234 944
1694241366259 0.16830758204147428 945
1694241366293 0.16814040965435087 946
1694241366320 0.16796637632992872 947
1694241366348 0.1678194544921304 948
1694241366382 0.16764380338778043 949
1694241366408 0.16747968090309034 950
1694241366447 0.16730656489705167 951
1694241366476 0.16715374458590504 952
1694241366507 0.1669916181037202 953
1694241366722 0.17032029027400056 954
