1694360669422 1.9110737750511635 0
1694360669456 1.8744299169026646 1
1694360669487 1.841571881589343 2
1694360669514 1.8099558342036932 3
1694360669538 1.7803085926992104 4
1694360669564 1.752261784735173 5
1694360669589 1.7254122122273436 6
1694360669614 1.6999415148310348 7
1694360669637 1.675339338224722 8
1694360669662 1.6516251761332181 9
1694360669687 1.6288789110515 10
1694360669713 1.6070422368481192 11
1694360669743 1.5857869743157909 12
1694360669770 1.5653826456693032 13
1694360669795 1.5457332935638408 14
1694360669820 1.5267389870915224 15
1694360669845 1.5080347296819185 16
1694360669895 1.4901156306292007 17
1694360669922 1.4727385910414323 18
1694360669946 1.4557310099367011 19
1694360669971 1.4395554408650757 20
1694360669996 1.4233418051685436 21
1694360670021 1.4077319231667227 22
1694360670047 1.392720506925152 23
1694360670074 1.3778810268977963 24
1694360670124 1.363464624542628 25
1694360670148 1.3493235150227207 26
1694360670174 1.3353564253672225 27
1694360670198 1.3217511881053345 28
1694360670231 1.308551880137504 29
1694360670256 1.2958677377130816 30
1694360670282 1.283311015861361 31
1694360670306 1.2709762235074749 32
1694360670333 1.2589524445390983 33
1694360670358 1.2472622066011696 34
1694360670383 1.2358027899143589 35
1694360670409 1.2243951550580163 36
1694360670435 1.2134554953826813 37
1694360670463 1.2026996720329552 38
1694360670488 1.1921420723628149 39
1694360670514 1.1818871322658058 40
1694360670539 1.1716894029480385 41
1694360670566 1.1619335442975298 42
1694360670612 1.1521772361295612 43
1694360670664 1.1425638718989106 44
1694360670714 1.1331711420571855 45
1694360670748 1.1238516978112691 46
1694360670773 1.114903759085883 47
1694360670799 1.1058724478256556 48
1694360670824 1.097238797208409 49
1694360670849 1.0887385479569798 50
1694360670874 1.0803615638730864 51
1694360670900 1.0721154450132409 52
1694360670926 1.0639776332716415 53
1694360670952 1.0561128800194646 54
1694360670976 1.0482993667044376 55
1694360671002 1.0406183269893365 56
1694360671057 1.033068657377852 57
1694360671084 1.0255668727052343 58
1694360671109 1.0183064574037377 59
1694360671137 1.0112056608844493 60
1694360671165 1.004097638693622 61
1694360671189 0.9971787192288817 62
1694360671214 0.9904118878701443 63
1694360671245 0.9835838499861754 64
1694360671271 0.9770603182279118 65
1694360671295 0.9706450496955892 66
1694360671319 0.9643001177286 67
1694360671346 0.9580591615175468 68
1694360671370 0.9518460631493559 69
1694360671398 0.9458070392211619 70
1694360671424 0.9398874736814012 71
1694360671448 0.9340185962488573 72
1694360671475 0.9282613723172871 73
1694360671503 0.9225072479184373 74
1694360671527 0.9168140144040207 75
1694360671551 0.9112155846774049 76
1694360671578 0.9058474938312516 77
1694360671602 0.9004996639216953 78
1694360671626 0.8951956485546013 79
1694360671651 0.8900272653363185 80
1694360671679 0.884943769119168 81
1694360671704 0.8799453062001745 82
1694360671734 0.87493590936525 83
1694360671760 0.8700605467571021 84
1694360671786 0.8652682682537376 85
1694360671812 0.8604604253929683 86
1694360671836 0.8558118065820984 87
1694360671862 0.8512178640810778 88
1694360671887 0.846694521988028 89
1694360671942 0.8422413233784191 90
1694360671966 0.8378488807732722 91
1694360671991 0.8335792239434068 92
1694360672019 0.829332910094679 93
1694360672043 0.8251526739204851 94
1694360672068 0.8209534495424943 95
1694360672093 0.8168426077077846 96
1694360672118 0.8128792198176493 97
1694360672169 0.8089543829650915 98
1694360672194 0.8050386383220363 99
1694360672218 0.8012003226208656 100
1694360672250 0.7973748246313236 101
1694360672276 0.7936435579675368 102
1694360672300 0.789899359053554 103
1694360672325 0.7862241246594326 104
1694360672350 0.7825911664248764 105
1694360672375 0.779067348678767 106
1694360672401 0.7755533502795957 107
1694360672426 0.771988171739234 108
1694360672451 0.7685120734276728 109
1694360672477 0.7651131451001544 110
1694360672501 0.7616656998052477 111
1694360672528 0.7583607137531477 112
1694360672554 0.7551895130740699 113
1694360672581 0.7519624117291398 114
1694360672607 0.7487964597206801 115
1694360672633 0.7456740931486536 116
1694360672659 0.7426343217006105 117
1694360672685 0.7395110791140143 118
1694360672735 0.7365027838578582 119
1694360672841 0.7335258283538536 120
1694360672869 0.7305139041581362 121
1694360672895 0.7276032012820889 122
1694360672919 0.7247172237926855 123
1694360672944 0.7218664909312169 124
1694360672968 0.719022089073825 125
1694360672994 0.7162449133220544 126
1694360673019 0.7134574662704715 127
1694360673045 0.7107814867104986 128
1694360673070 0.7081414009575715 129
1694360673095 0.7055096462722508 130
1694360673121 0.7028831562753877 131
1694360673148 0.700237123628649 132
1694360673172 0.6977471265804644 133
1694360673197 0.6952093629537657 134
1694360673225 0.692636078150345 135
1694360673556 0.6901744317961231 136
1694360673587 0.6877290241163193 137
1694360673611 0.6852319806438157 138
1694360673636 0.6828453867530926 139
1694360673661 0.6804986889327024 140
1694360673686 0.678157104741039 141
1694360673717 0.6758483491454766 142
1694360673746 0.6735825524668413 143
1694360673774 0.6713511016310049 144
1694360673803 0.6691204755486686 145
1694360673829 0.6669479448206364 146
1694360673856 0.6647400277491243 147
1694360673887 0.6625733845018434 148
1694360673912 0.6604215817115394 149
1694360673937 0.6583347282698743 150
1694360673992 0.6562487356171155 151
1694360674016 0.6541811934007251 152
1694360674040 0.6522026802109785 153
1694360674066 0.6501418666583879 154
1694360674091 0.648091725002268 155
1694360674118 0.6461094692947945 156
1694360674142 0.6441615719604852 157
1694360674194 0.6422393988195637 158
1694360674218 0.6403070219072959 159
1694360674250 0.6384154396885351 160
1694360674279 0.6364743779707248 161
1694360674304 0.6346438436615377 162
1694360674329 0.632815981652296 163
1694360674354 0.6309805854197008 164
1694360674400 0.6291613820769961 165
1694360674425 0.6273471339041021 166
1694360674451 0.6255871073332481 167
1694360674477 0.6238011287218637 168
1694360674503 0.6220761304346362 169
1694360674527 0.6204075920522182 170
1694360674553 0.6186859263147236 171
1694360674578 0.6170255054787105 172
1694360674609 0.6153540322444054 173
1694360674636 0.6137172746525554 174
1694360674661 0.6121075631677199 175
1694360674686 0.6105028561388468 176
1694360674715 0.6088529814016015 177
1694360674753 0.6072825374452023 178
1694360674781 0.6056778313394051 179
1694360674810 0.6041532812077359 180
1694360674922 0.6026385361332962 181
1694360674949 0.6010959187990677 182
1694360674988 0.5995693654936051 183
1694360675013 0.5980556549133383 184
1694360675038 0.5965584381107456 185
1694360675065 0.5950670077882907 186
1694360675090 0.5936100178193978 187
1694360675117 0.5921387825730325 188
1694360675143 0.5906775692466365 189
1694360675179 0.5892613760262684 190
1694360675205 0.5877771256691258 191
1694360675236 0.5863659574315775 192
1694360675265 0.5849840962095639 193
1694360675290 0.583572476439407 194
1694360675315 0.5822302926872053 195
1694360675341 0.5809060214636691 196
1694360675367 0.5795487567515841 197
1694360675396 0.5781766350779479 198
1694360675422 0.576870935352462 199
1694360675458 0.5755640804478724 200
1694360675491 0.5742658976842081 201
1694360675517 0.5729901799072531 202
1694360675543 0.5716684932209892 203
1694360675567 0.5704038509613664 204
1694360675593 0.569146084036921 205
1694360675622 0.5678861988194175 206
1694360675649 0.5666120009974335 207
1694360675674 0.5654015555513741 208
1694360675699 0.5642591808130378 209
1694360675732 0.5630446236862922 210
1694360675759 0.5618481525870154 211
1694360675784 0.560658196880483 212
1694360675809 0.5595030370591482 213
1694360675835 0.5583383167744503 214
1694360675866 0.5571344203600129 215
1694360675894 0.5559850539746088 216
1694360675939 0.55483060813165 217
1694360675968 0.5536980524762241 218
1694360676060 0.5525733793674554 219
1694360676084 0.5514849825255426 220
1694360676112 0.5503860715022628 221
1694360676136 0.5492833884358622 222
1694360676160 0.548222456023 223
1694360676186 0.547148071696747 224
1694360676246 0.5460755624287088 225
1694360676274 0.5450030289859629 226
1694360676298 0.5439785622697839 227
1694360676327 0.5429003852198144 228
1694360676357 0.5418155296986127 229
1694360676382 0.5407721123088558 230
1694360676419 0.5397636830406112 231
1694360676448 0.5387409424759727 232
1694360676474 0.5377337094365936 233
1694360676500 0.5367204123112449 234
1694360676529 0.5357169307967451 235
1694360676555 0.5347124221799137 236
1694360676580 0.5337101334913561 237
1694360676607 0.532712115048614 238
1694360676635 0.5317678337629711 239
1694360676658 0.5308242685303892 240
1694360676686 0.5298613539859935 241
1694360676710 0.5288971599242278 242
1694360676765 0.5279946331501069 243
1694360676790 0.5270390807303572 244
1694360676814 0.5261035686744359 245
1694360676840 0.52515930700429 246
1694360676867 0.5242360697994068 247
1694360677109 0.5233164915945903 248
1694360677134 0.5224077457297829 249
1694360677162 0.5215021038873717 250
1694360677188 0.5206015724638126 251
1694360677220 0.5197046490835865 252
1694360677251 0.5188313541368448 253
1694360677276 0.5179100990114492 254
1694360677304 0.5170131851980958 255
1694360677330 0.5161491229288058 256
1694360677356 0.515263104400568 257
1694360677383 0.5143989150765044 258
1694360677408 0.5135453289171362 259
1694360677442 0.5127060069455626 260
1694360677467 0.5118763151660469 261
1694360677496 0.5110530359308387 262
1694360677519 0.5102012046357608 263
1694360677546 0.5093691149193145 264
1694360677570 0.5085721293247027 265
1694360677595 0.5077811903175715 266
1694360677627 0.5069715740536828 267
1694360677651 0.5061747679362356 268
1694360677675 0.5053645368841657 269
1694360677699 0.5045519463302612 270
1694360677732 0.5037739724370786 271
1694360677997 0.5029777179398316 272
1694360678029 0.5022111933182358 273
1694360678077 0.5014800579616143 274
1694360678102 0.5007437907747775 275
1694360678128 0.4999765602375458 276
1694360678152 0.49925159987732237 277
1694360678175 0.4985123702661206 278
1694360678200 0.49778583698431816 279
1694360678232 0.49703030847569013 280
1694360678281 0.4962952979050667 281
1694360678304 0.49556995032020024 282
1694360678329 0.4948270045218092 283
1694360678354 0.4940934643689777 284
1694360678379 0.4933817227190538 285
1694360678406 0.4926683510461942 286
1694360678432 0.49195390648740556 287
1694360678459 0.49126591368852096 288
1694360678493 0.49052702925577757 289
1694360678516 0.4897956657097586 290
1694360678539 0.4891292238177522 291
1694360678563 0.48843567673510047 292
1694360678587 0.48772083590746135 293
1694360678612 0.4870247140217648 294
1694360678638 0.48630437542038335 295
1694360678661 0.48559436096368813 296
1694360678688 0.48491152458555836 297
1694360678712 0.4842302480546374 298
1694360678742 0.4835651491924146 299
1694360678768 0.48291322491866334 300
1694360678791 0.48226321030041075 301
1694360678816 0.4816347692111908 302
1694360678841 0.48095833737319454 303
1694360678865 0.4802864347535248 304
1694360678889 0.47963975086312344 305
1694360678915 0.4790413863844639 306
1694360678939 0.4783958298537448 307
1694360678963 0.47774668700109335 308
1694360678988 0.47711290840511394 309
1694360679013 0.4764873923098227 310
1694360679097 0.4758566619702867 311
1694360679126 0.47519307354449064 312
1694360679188 0.47454632603798874 313
1694360679212 0.4739111903596992 314
1694360679241 0.4733161442967194 315
1694360679272 0.47269599641450205 316
1694360679296 0.4720431545316508 317
1694360679320 0.47141124766481407 318
1694360679346 0.4707852824984941 319
1694360679370 0.4701922352435271 320
1694360679394 0.469581472224959 321
1694360679418 0.4689758727449852 322
1694360679444 0.4683810589200445 323
1694360679471 0.46778633246197876 324
1694360679495 0.46718653268766136 325
1694360679519 0.4666023594358534 326
1694360679542 0.46601859141805213 327
1694360679567 0.4654386016227002 328
1694360679590 0.46487183862067943 329
1694360679615 0.46428945870939 330
1694360679639 0.4637008544543788 331
1694360679663 0.46311870211056033 332
1694360679686 0.46253057789601365 333
1694360679710 0.4619404318868408 334
1694360679739 0.4613394359848104 335
1694360679766 0.4608015812072553 336
1694360679791 0.46022984384861104 337
1694360679816 0.459686751079425 338
1694360679840 0.4591082238281384 339
1694360679864 0.45855361294985836 340
1694360679888 0.45796781772961204 341
1694360679913 0.45742142950545084 342
1694360679936 0.45687867143244676 343
1694360679960 0.45633664467510515 344
1694360679985 0.4558014586684563 345
1694360680009 0.45524505241259183 346
1694360680034 0.45468993177230405 347
1694360680058 0.45415432345688883 348
1694360680113 0.45360419441887784 349
1694360680137 0.45305573920684816 350
1694360680159 0.45252159844169143 351
1694360680183 0.45201853298134015 352
1694360680210 0.4514961258796242 353
1694360680239 0.4509580869014772 354
1694360680263 0.45045956404700455 355
1694360680312 0.44996509734040163 356
1694360680336 0.4494432560019989 357
1694360680361 0.4489161776695074 358
1694360680385 0.4483983627429793 359
1694360680410 0.44789597376012613 360
1694360680433 0.4473952205637477 361
1694360680458 0.44690219255946756 362
1694360680485 0.4463520194551353 363
1694360680510 0.44585417463527316 364
1694360680534 0.4453276844108302 365
1694360680558 0.44482776398062146 366
1694360680584 0.44429152764760443 367
1694360680609 0.4437820709913527 368
1694360680634 0.443276205159967 369
1694360680660 0.4427918410596465 370
1694360680686 0.4422983529524621 371
1694360680715 0.4418020629588446 372
1694360680759 0.44128880926220937 373
1694360680781 0.44080191373263183 374
1694360680806 0.44030380357084287 375
1694360680829 0.4398461826496817 376
1694360680852 0.43940573455436854 377
1694360680876 0.4388980178624438 378
1694360680902 0.4384236663406077 379
1694360680928 0.43796173934228616 380
1694360680954 0.4374859766337385 381
1694360680978 0.4369968398747161 382
1694360681002 0.4364962575315395 383
1694360681026 0.43601989451387096 384
1694360681051 0.4355201276761722 385
1694360681076 0.43506145757061543 386
1694360681100 0.4346277123500198 387
1694360681124 0.43415353878154656 388
1694360681155 0.4336695115136292 389
1694360681184 0.4331989839002569 390
1694360681282 0.4327590907408167 391
1694360681305 0.4322958656383368 392
1694360681333 0.43183720063286 393
1694360681357 0.43135624509666876 394
1694360681382 0.43090090974865974 395
1694360681407 0.43042731308303556 396
1694360681431 0.4299753537283053 397
1694360681455 0.4295209781841566 398
1694360681482 0.4290878826633395 399
1694360681506 0.4286302724030425 400
1694360681530 0.42817685210088585 401
1694360681554 0.42769920090540486 402
1694360681579 0.42724780311015426 403
1694360681602 0.4267957171318612 404
1694360681626 0.42637639754300877 405
1694360681650 0.4259254680271605 406
1694360681674 0.42551019756182734 407
1694360681697 0.42510947386384 408
1694360681725 0.4246925596561747 409
1694360681749 0.42426976172750513 410
1694360681773 0.423827054712418 411
1694360681796 0.42341821723651424 412
1694360681820 0.4229749932300446 413
1694360681846 0.42255722758574854 414
1694360681868 0.4221191580567516 415
1694360681890 0.42172980962497725 416
1694360681914 0.42129373790083585 417
1694360681938 0.42089227880114366 418
1694360681962 0.4204966530153545 419
1694360681987 0.42007408549782727 420
1694360682012 0.419662463157333 421
1694360682035 0.41925332875419463 422
1694360682058 0.4188525838530321 423
1694360682085 0.41844833981632445 424
1694360682108 0.4180227581977339 425
1694360682163 0.41761518982879875 426
1694360682188 0.41720646821035734 427
1694360682210 0.4167935503127556 428
1694360682242 0.41636639001026615 429
1694360682265 0.4159521633488728 430
1694360682289 0.41553686251775745 431
1694360682316 0.4151026632733427 432
1694360682361 0.41469053881256784 433
1694360682385 0.4142746877417139 434
1694360682408 0.4138853094329979 435
1694360682432 0.41347154251898877 436
1694360682456 0.4130714087476866 437
1694360682480 0.41266990525819053 438
1694360682504 0.4122413405862717 439
1694360682528 0.41183090677983747 440
1694360682552 0.41142949494598235 441
1694360682577 0.41099312846493474 442
1694360682602 0.4106017004039988 443
1694360682777 0.41017422398831177 444
1694360682800 0.4097773179307341 445
1694360682823 0.40939291496080027 446
1694360682847 0.4090337559909146 447
1694360682871 0.4086388487335058 448
1694360682897 0.40826364404265736 449
1694360682921 0.40786745168802474 450
1694360682946 0.40746403749005294 451
1694360682969 0.4070878122598804 452
1694360682996 0.406706321785054 453
1694360683018 0.40633620627638717 454
1694360683041 0.40595090147321533 455
1694360683066 0.40554616688429823 456
1694360683089 0.4051635004820797 457
1694360683113 0.404790882803694 458
1694360683137 0.40440701030635046 459
1694360683160 0.4040318371229559 460
1694360683184 0.4036565796426118 461
1694360683208 0.4032756875860113 462
1694360683238 0.40287885477116603 463
1694360683265 0.40249754618194117 464
1694360683337 0.40212764307589627 465
1694360683387 0.4017925629728434 466
1694360683419 0.40143558859706113 467
1694360683452 0.4010741594660616 468
1694360683543 0.4007086523937352 469
1694360683577 0.4003425253642525 470
1694360683609 0.40001626309279265 471
1694360683633 0.39963988478788887 472
1694360683658 0.39927354490808725 473
1694360683682 0.39891276407876347 474
1694360683706 0.39856234577921557 475
1694360683735 0.3981922634436928 476
1694360683760 0.39782059489859833 477
1694360683784 0.39745525534983595 478
1694360683808 0.39709268614967813 479
1694360683833 0.3967323563712271 480
1694360683856 0.3963582128767079 481
1694360683881 0.39598888172755503 482
1694360683905 0.3956171537942193 483
1694360683929 0.39528960899715443 484
1694360683953 0.3949604613135658 485
1694360683978 0.3946021132326677 486
1694360684002 0.3942589874898707 487
1694360684026 0.39389839925083747 488
1694360684050 0.39353258402926955 489
1694360684076 0.3931775944389468 490
1694360684100 0.39282724254327317 491
1694360684129 0.39249690089583583 492
1694360684184 0.3921248180704799 493
1694360684207 0.3918004673541727 494
1694360684237 0.39148077112183416 495
1694360684263 0.39116150239139896 496
1694360684286 0.39080471667862243 497
1694360684312 0.3904370306919765 498
1694360684335 0.3900832201235722 499
1694360684385 0.3897869240067099 500
1694360684408 0.38944833594018036 501
1694360684432 0.38911044807941036 502
1694360684457 0.38876936872728246 503
1694360684482 0.38845071076890614 504
1694360684506 0.38812997626404994 505
1694360684531 0.38777411917347565 506
1694360684555 0.38744367879931807 507
1694360684580 0.38711748438900656 508
1694360684604 0.3867889838454672 509
1694360684628 0.3864654527336345 510
1694360684652 0.3861263268155868 511
1694360684675 0.3857923121599762 512
1694360684701 0.38548582424314154 513
1694360684729 0.38514938113539193 514
1694360684753 0.3848057536627452 515
1694360684791 0.3844778559757465 516
1694360684816 0.3841677548239056 517
1694360684840 0.3838329843502998 518
1694360684865 0.38350049075132203 519
1694360684890 0.3831497066845418 520
1694360684917 0.38282782251668224 521
1694360684943 0.3825119414143816 522
1694360684969 0.38215620208745377 523
1694360685006 0.38182351181225116 524
1694360685029 0.38151337525943363 525
1694360685053 0.38119305551292626 526
1694360685078 0.38085802884549486 527
1694360685104 0.38051562880214496 528
1694360685129 0.38017793860517984 529
1694360685155 0.3798469585328404 530
1694360685180 0.3795104000105232 531
1694360685205 0.37921184708144545 532
1694360685235 0.3788965139686825 533
1694360685261 0.3785945717207585 534
1694360685289 0.37830085737033126 535
1694360685314 0.37802444638699007 536
1694360685339 0.3777392535884804 537
1694360685429 0.37741890129279326 538
1694360685463 0.3771146809785554 539
1694360685491 0.37678200966964004 540
1694360685516 0.3764808920348963 541
1694360685539 0.37618741639845565 542
1694360685563 0.37588148745384287 543
1694360685618 0.37559566003583916 544
1694360685641 0.37530072546575893 545
1694360685664 0.37500842583420246 546
1694360685691 0.374696043226167 547
1694360685715 0.3743732615038247 548
1694360685744 0.3740693082326102 549
1694360685768 0.3737677509171579 550
1694360685791 0.3734672375254726 551
1694360685816 0.3731809967039416 552
1694360685839 0.3729018514929339 553
1694360685863 0.3725582835562671 554
1694360685888 0.37225215192451305 555
1694360685914 0.3719282558638965 556
1694360685942 0.37162104344700786 557
1694360686014 0.3713223549930125 558
1694360686038 0.37100651081943126 559
1694360686061 0.3707409775440135 560
1694360686088 0.37041495630301285 561
1694360686112 0.370139971022725 562
1694360686135 0.3698444368097017 563
1694360686158 0.3695480820046122 564
1694360686182 0.369264567586664 565
1694360686242 0.36897653211772774 566
1694360686265 0.3686626895102214 567
1694360686287 0.36839812192243176 568
1694360686311 0.36811739242849634 569
1694360686336 0.36783558088729457 570
1694360686360 0.3675400540018714 571
1694360686384 0.367237140798463 572
1694360686438 0.3669442776486487 573
1694360686462 0.36664237149607193 574
1694360686485 0.3663597643337349 575
1694360686510 0.366082052982857 576
1694360686536 0.3657944493290063 577
1694360686560 0.3654932256165155 578
1694360686587 0.3651992968400888 579
1694360686610 0.36490347175451743 580
1694360686634 0.36460674163131507 581
1694360686659 0.36432178268479176 582
1694360686683 0.3640188358444553 583
1694360686709 0.3637409104320699 584
1694360686737 0.36346845881763035 585
1694360686761 0.3631718651803437 586
1694360686786 0.3628852586771175 587
1694360686809 0.36261406923137335 588
1694360686833 0.36232789049603986 589
1694360686858 0.36203371750711943 590
1694360686882 0.3617474094877236 591
1694360686906 0.3614719730463281 592
1694360686932 0.3611979467949954 593
1694360686956 0.36092851240333235 594
1694360686979 0.36064867032784537 595
1694360687002 0.3603719940384092 596
1694360687027 0.3600719956522165 597
1694360687053 0.3598027750845277 598
1694360687077 0.35945935307432697 599
1694360687101 0.35917304980031417 600
1694360687125 0.35889198314537657 601
1694360687148 0.3586289361957031 602
1694360687172 0.3583535080800809 603
1694360687197 0.3580427823627356 604
1694360687227 0.3577339985310513 605
1694360687252 0.3574464951256019 606
1694360687276 0.3571703122874811 607
1694360687300 0.3569361350242228 608
1694360687326 0.35664706284332365 609
1694360687350 0.3563839337805719 610
1694360687374 0.3560917650468282 611
1694360687398 0.35582083157293887 612
1694360687424 0.3555818904526462 613
1694360687448 0.35531157391910856 614
1694360687495 0.35501305637913105 615
1694360687569 0.35473420607421374 616
1694360687636 0.3544723820555671 617
1694360687660 0.35420178162798893 618
1694360687682 0.35394571598624225 619
1694360687711 0.353679021561422 620
1694360687737 0.35345037028750165 621
1694360687759 0.35320633969031234 622
1694360687785 0.3529624651302128 623
1694360687807 0.35271955797292365 624
1694360687832 0.3524383030960983 625
1694360687855 0.3521824153478418 626
1694360687880 0.35192018411826853 627
1694360687905 0.3516463580117289 628
1694360687931 0.35138275222846466 629
1694360687956 0.3511323016582969 630
1694360687980 0.3508750441835863 631
1694360688007 0.3505841729312447 632
1694360688032 0.3503266432830612 633
1694360688057 0.35005279578206533 634
1694360688081 0.3498030857444483 635
1694360688107 0.34952207470815627 636
1694360688131 0.3492713670625302 637
1694360688158 0.3489972893240451 638
1694360688183 0.34872677714626404 639
1694360688211 0.34845584288852277 640
1694360688271 0.3481936578867971 641
1694360688293 0.3479192606700046 642
1694360688316 0.34764250521610407 643
1694360688339 0.3473523623058975 644
1694360688365 0.34710684328023467 645
1694360688390 0.3468438894894683 646
1694360688416 0.3465698068810374 647
1694360688469 0.34633152192882555 648
1694360688496 0.3460843272098701 649
1694360688520 0.34582229500959843 650
1694360688544 0.3455324715292272 651
1694360688570 0.34528876034777667 652
1694360688595 0.34504132393002834 653
1694360688618 0.34479103017239526 654
1694360688641 0.3445471328935698 655
1694360688665 0.34427902905493096 656
1694360688688 0.3440395307649893 657
1694360688715 0.3437702987207583 658
1694360688742 0.3435288641476501 659
1694360688767 0.3432737972611526 660
1694360688790 0.3430164641439059 661
1694360688825 0.34276734438256434 662
1694360688848 0.3425121064353184 663
1694360688872 0.34223289036443316 664
1694360688896 0.3419469178257108 665
1694360688920 0.3416670545493881 666
1694360688945 0.34138750791700206 667
1694360688968 0.34112408085987667 668
1694360688992 0.34086651620632913 669
1694360689017 0.34060280224914535 670
1694360689042 0.3403573900864012 671
1694360689071 0.3401013648274321 672
1694360689094 0.33986988012601443 673
1694360689118 0.3396387083314955 674
1694360689142 0.33941475464466037 675
1694360689166 0.339170704190128 676
1694360689191 0.3389248810348047 677
1694360689216 0.3386829256580457 678
1694360689247 0.33843255801476047 679
1694360689272 0.33819119579660817 680
1694360689297 0.3379228259432409 681
1694360689322 0.33767400103074685 682
1694360689345 0.33744355609953325 683
1694360689370 0.3371670462530919 684
1694360689396 0.3369393840238754 685
1694360689420 0.3367201858034872 686
1694360689446 0.3364742376321946 687
1694360689471 0.33623833054291447 688
1694360689496 0.33601570326467833 689
1694360689523 0.33576631502892385 690
1694360689551 0.3355231452624817 691
1694360689578 0.33529345906981667 692
1694360689613 0.3350340630653782 693
1694360689639 0.3348043890070714 694
1694360689731 0.3345585572043495 695
1694360689754 0.33434255868509133 696
1694360689782 0.3340917862898862 697
1694360689804 0.3338802265051055 698
1694360689827 0.3336304523427273 699
1694360689850 0.3333838316995061 700
1694360689874 0.3331682084815727 701
1694360689897 0.33294906531874735 702
1694360689920 0.3327261536062571 703
1694360689944 0.3325047681079833 704
1694360689967 0.3322502822147517 705
1694360689991 0.33201012200302576 706
1694360690016 0.33179195335855016 707
1694360690041 0.33154769514608057 708
1694360690064 0.331309096758069 709
1694360690088 0.3310790967906846 710
1694360690114 0.33080585270134505 711
1694360690138 0.330567840528774 712
1694360690163 0.33032892620986104 713
1694360690186 0.33010118980880365 714
1694360690209 0.32987371195388493 715
1694360690236 0.32964069237964627 716
1694360690262 0.3294137507797959 717
1694360690316 0.32920234987168456 718
1694360690339 0.3289686356672525 719
1694360690363 0.32873132407808564 720
1694360690386 0.32854412327086185 721
1694360690414 0.328282991383807 722
1694360690436 0.328034663030522 723
1694360690489 0.3278069007488869 724
1694360690513 0.32759756066171536 725
1694360690536 0.32737316091858226 726
1694360690558 0.32716549890024094 727
1694360690584 0.3269306483958552 728
1694360690612 0.32671399346754554 729
1694360690637 0.3264761088148775 730
1694360690661 0.3262185500157289 731
1694360690686 0.3259714881375767 732
1694360690709 0.3257182887944469 733
1694360690738 0.32549526795339506 734
1694360690763 0.3252704635584802 735
1694360690787 0.3250319458634411 736
1694360690809 0.3248398379507651 737
1694360690833 0.3245983371698842 738
1694360690856 0.32438902814766163 739
1694360690879 0.32416654482100005 740
1694360690904 0.32394354630406297 741
1694360690929 0.32371685460393623 742
1694360690952 0.32350625376679015 743
1694360690976 0.32325309306148475 744
1694360691000 0.3230237173479488 745
1694360691024 0.322794813396299 746
1694360691047 0.32257315685753424 747
1694360691071 0.3223196862287286 748
1694360691098 0.3221083060851997 749
1694360691121 0.32188574368536443 750
1694360691146 0.32166668958597944 751
1694360691173 0.32144410319785033 752
1694360691198 0.3212115481474054 753
1694360691227 0.3209856855119053 754
1694360691253 0.32075624702187555 755
1694360691276 0.32054994435034034 756
1694360691299 0.32036150276510666 757
1694360691324 0.3201182381037137 758
1694360691349 0.319887702687986 759
1694360691373 0.31962783462605987 760
1694360691397 0.31938914789925615 761
1694360691421 0.3191820573212703 762
1694360691444 0.3189606784118325 763
1694360691470 0.3187133306294849 764
1694360691493 0.3185042212522443 765
1694360691519 0.3182759117533997 766
1694360691542 0.3180467371066279 767
1694360691568 0.31783749720098026 768
1694360691591 0.3176117945283975 769
1694360691619 0.31740108127218475 770
1694360691643 0.31719694582769165 771
1694360691668 0.3169928284139446 772
1694360691692 0.31677433697319063 773
1694360691794 0.3165324130371003 774
1694360691816 0.31631939165064826 775
1694360691843 0.31609423125303704 776
1694360691867 0.31586946860672493 777
1694360691890 0.31564438946717854 778
1694360691914 0.3154188342702967 779
1694360691937 0.31521665055288484 780
1694360691960 0.3150406040077359 781
1694360691983 0.31479095193684276 782
1694360692007 0.31455864393091054 783
1694360692031 0.31433771412788103 784
1694360692055 0.314131338644569 785
1694360692079 0.31391926966278966 786
1694360692103 0.3137019725555769 787
1694360692126 0.31352117209682184 788
1694360692151 0.3133113525166467 789
1694360692176 0.31308808621855855 790
1694360692201 0.31288538315033526 791
1694360692231 0.3126615920006122 792
1694360692257 0.31245336169886295 793
1694360692283 0.31225931046896105 794
1694360692308 0.312071350539068 795
1694360692362 0.3118628903257727 796
1694360692384 0.31165079915363314 797
1694360692407 0.3114471551490232 798
1694360692429 0.31121866561277833 799
1694360692455 0.31104688508740436 800
1694360692478 0.31088951123838626 801
1694360692529 0.3106948546884249 802
1694360692551 0.31049453324948595 803
1694360692574 0.3102899419897085 804
1694360692597 0.3100907410424927 805
1694360692624 0.30987435504708527 806
1694360692648 0.30966065383654867 807
1694360692672 0.3094464753857604 808
1694360692694 0.30923283471155094 809
1694360692723 0.3089846327577981 810
1694360692749 0.30878741579185 811
1694360692772 0.30856785096218997 812
1694360692795 0.3083472920505534 813
1694360692830 0.3081312316628146 814
1694360692853 0.3079259504376483 815
1694360692876 0.30772189737993155 816
1694360692900 0.3075260532702663 817
1694360692923 0.30734331133568793 818
1694360692946 0.30712651237493693 819
1694360692970 0.3069068002395771 820
1694360692993 0.306710409059 821
1694360693017 0.3064908933208114 822
1694360693043 0.3062667772397163 823
1694360693068 0.30605258261579554 824
1694360693093 0.30582905194607424 825
1694360693118 0.305634717392413 826
1694360693146 0.30542010397144786 827
1694360693170 0.30522917707665737 828
1694360693195 0.3050172362161731 829
1694360693225 0.30481971103351857 830
1694360693253 0.30462783255717935 831
1694360693277 0.30443967440836817 832
1694360693303 0.3042344127873862 833
1694360693329 0.30404945791396076 834
1694360693352 0.303854909753978 835
1694360693380 0.30364172832958364 836
1694360693405 0.3034691276247054 837
1694360693429 0.3033041121845363 838
1694360693455 0.3030925765812214 839
1694360693479 0.302896977952068 840
1694360693506 0.3027006272888927 841
1694360693531 0.3025153758057548 842
1694360693558 0.30228242110235454 843
1694360693584 0.3021015009355324 844
1694360693608 0.30189415654246976 845
1694360693635 0.30169407470446785 846
1694360693663 0.30148763711669285 847
1694360693688 0.30129323872446045 848
1694360693718 0.3011000372696896 849
1694360693745 0.3009224003939343 850
1694360693771 0.3007425799342296 851
1694360693841 0.30054889059481904 852
1694360693895 0.30033300652671097 853
1694360693922 0.30014557585348245 854
1694360693945 0.29996018667650026 855
1694360693968 0.29974893608458064 856
1694360693991 0.29954770363821076 857
1694360694015 0.299343495102447 858
1694360694039 0.2991306760596412 859
1694360694062 0.2989449401085301 860
1694360694085 0.2987608355700796 861
1694360694108 0.29858046811006 862
1694360694133 0.2983859428690615 863
1694360694159 0.2981552925523179 864
1694360694183 0.2979402918022155 865
1694360694207 0.29775145396178776 866
1694360694237 0.29752727518457245 867
1694360694262 0.29735813236618014 868
1694360694287 0.2971395338436849 869
1694360694311 0.29696356633686943 870
1694360694335 0.2967571445464086 871
1694360694391 0.2965831116493295 872
1694360694415 0.29639170490073946 873
1694360694445 0.29620100064998733 874
1694360694470 0.2960118707455673 875
1694360694493 0.29582789241406937 876
1694360694516 0.2956527535014374 877
1694360694566 0.29546269367099787 878
1694360694589 0.29526424073857405 879
1694360694612 0.2950673794525615 880
1694360694635 0.2948673429374644 881
1694360694659 0.29468579366382375 882
1694360694682 0.2945044252370415 883
1694360694705 0.29432540992542156 884
1694360694735 0.2941304902243362 885
1694360694758 0.29394041360201884 886
1694360694785 0.29377011959842103 887
1694360694809 0.29358017690887617 888
1694360694833 0.2934054196199333 889
1694360694857 0.29321654928876023 890
1694360694881 0.293013545646547 891
1694360694905 0.29281633159042286 892
1694360694930 0.2926225123148114 893
1694360694953 0.29243080429708623 894
1694360694977 0.2922452546665335 895
1694360695017 0.29205422119416563 896
1694360695041 0.2918709377101599 897
1694360695063 0.29167157925753384 898
1694360695085 0.29144540119436924 899
1694360695108 0.29125259954185934 900
1694360695130 0.29108706107661014 901
1694360695155 0.2908795323522734 902
1694360695177 0.2907053362094282 903
1694360695199 0.29052838323080904 904
1694360695228 0.29036601641841525 905
1694360695252 0.2901906482706254 906
1694360695275 0.2900034208706078 907
1694360695299 0.2898081762631518 908
1694360695323 0.2896299939805881 909
1694360695365 0.2894601896606631 910
1694360695389 0.28925707146361895 911
1694360695413 0.289057406787498 912
1694360695436 0.28886251794931617 913
1694360695459 0.2886816321899109 914
1694360695485 0.28847402354377305 915
1694360695512 0.2882772701343792 916
1694360695534 0.28808068820303695 917
1694360695559 0.2879065477762403 918
1694360695582 0.2877328333135878 919
1694360695605 0.28754395954423695 920
1694360695630 0.28735364395509866 921
1694360695654 0.28716917341748016 922
1694360695677 0.28698760869559836 923
1694360695701 0.28679632096469027 924
1694360695729 0.2866149136562683 925
1694360695753 0.2864569508202368 926
1694360695780 0.28626230390316737 927
1694360695803 0.2860813688092352 928
1694360695826 0.2858911596033073 929
1694360695848 0.2857213028020134 930
1694360695870 0.2855264721546166 931
1694360695987 0.2853507616844728 932
1694360696014 0.2851715248176954 933
1694360696038 0.2849857305876415 934
1694360696061 0.2848078354322562 935
1694360696083 0.28463922108939105 936
1694360696106 0.28444175475131656 937
1694360696129 0.2842628160116449 938
1694360696156 0.28408055096131174 939
1694360696180 0.2838782256818345 940
1694360696205 0.2836920106731387 941
1694360696233 0.2835128274463098 942
1694360696256 0.2833522867447554 943
1694360696279 0.28318143637935445 944
1694360696302 0.2830188267582306 945
1694360696326 0.2828425328778111 946
1694360696350 0.2826731742134835 947
1694360696373 0.2825132943606541 948
1694360696427 0.2823455774239927 949
1694360696449 0.28219084722505683 950
1694360696472 0.2820324793547239 951
1694360696495 0.28185440410970625 952
1694360696522 0.2816720144197892 953
1694360696546 0.2814900183792144 954
1694360696595 0.28130285369701974 955
1694360696617 0.2811283341451488 956
1694360696642 0.2809642161400648 957
1694360696674 0.28078787899866653 958
1694360696701 0.2806161545540094 959
1694360696730 0.2804454058505138 960
1694360696753 0.28027609863375 961
1694360696780 0.2800981502840706 962
1694360696805 0.2799331629319772 963
1694360696828 0.2797671020819426 964
1694360696859 0.2796084557078178 965
1694360696884 0.27942185656229124 966
1694360696909 0.2792482326292922 967
1694360696933 0.27905421906036115 968
1694360696956 0.2788926245544763 969
1694360696981 0.2787050577768822 970
1694360697008 0.2785390221668676 971
1694360697035 0.27838440276811843 972
1694360697059 0.27820865313091353 973
1694360697083 0.27805293598508557 974
1694360697105 0.2778879895235935 975
1694360697142 0.27768421490938183 976
1694360697167 0.27751636277436154 977
1694360697192 0.27734961442898065 978
1694360697217 0.2772100001649137 979
1694360697248 0.27705094559705457 980
1694360697272 0.2768963401611961 981
1694360697297 0.2767102968224699 982
1694360697322 0.2765310333697068 983
1694360697348 0.2763603787009474 984
1694360697373 0.2761868566948508 985
1694360697398 0.2760563201971629 986
1694360697423 0.27587561877599526 987
1694360697449 0.275723958328439 988
1694360697474 0.2755435909691434 989
1694360697498 0.27538060502462136 990
1694360697525 0.2752116166305293 991
1694360697552 0.27502407186113753 992
1694360697576 0.2748940335687366 993
1694360697600 0.27472015781771486 994
1694360697624 0.274537930988476 995
1694360697652 0.27436582045039937 996
1694360697679 0.2741995810368007 997
1694360697705 0.2740387989538614 998
1694360697740 0.273865704363666 999
1694360697769 0.27371201008740487 1000
1694360697800 0.2735504360931456 1001
1694360697823 0.2733643974550375 1002
1694360697846 0.2731785118198609 1003
1694360697869 0.273021761905983 1004
1694360697891 0.2728737571372221 1005
1694360697916 0.2727123242822841 1006
1694360697939 0.2725215665444838 1007
1694360697962 0.27236073604583083 1008
1694360698074 0.2721770246757581 1009
1694360698097 0.27202456118480606 1010
1694360698119 0.2718770926651131 1011
1694360698144 0.27171114013453135 1012
1694360698168 0.2715440081238117 1013
1694360698191 0.27135913409901824 1014
1694360698214 0.2711811779886726 1015
1694360698242 0.2710046820713706 1016
1694360698266 0.270828192780082 1017
1694360698291 0.2706538040669334 1018
1694360698313 0.2704870220707883 1019
1694360698336 0.2703232119550563 1020
1694360698359 0.2701622612694099 1021
1694360698383 0.27000904775122186 1022
1694360698406 0.269832100112538 1023
1694360698434 0.269676459552774 1024
1694360698481 0.26952535893325236 1025
1694360698505 0.26936870902488763 1026
1694360698527 0.26920554441761085 1027
1694360698550 0.2690422276377042 1028
1694360698572 0.2689077618365688 1029
1694360698628 0.26876360306865194 1030
1694360698649 0.2686500363394234 1031
1694360698672 0.2684906572656518 1032
1694360698695 0.26833685476540026 1033
1694360698722 0.26816534285293636 1034
1694360698749 0.26800624171509657 1035
1694360698772 0.26783371264330114 1036
1694360698795 0.26768894059882964 1037
1694360698820 0.2675134581347704 1038
1694360698844 0.2673376329788219 1039
1694360698868 0.2671906592811262 1040
1694360698893 0.2670401900798693 1041
1694360698915 0.2669008460274802 1042
1694360698938 0.26673548542180237 1043
1694360698960 0.26657491297090824 1044
1694360698983 0.26642506023648727 1045
1694360699005 0.2662720813686142 1046
1694360699030 0.2661156721128682 1047
1694360699054 0.26594991700352605 1048
1694360699077 0.26580569223682987 1049
1694360699100 0.26563052235782436 1050
1694360699124 0.2654660695800367 1051
1694360699148 0.2652782140424256 1052
1694360699170 0.2651296150881684 1053
1694360699195 0.2649568700223854 1054
1694360699224 0.26479730927577866 1055
1694360699251 0.2646451164480071 1056
1694360699277 0.264472779320036 1057
1694360699300 0.2643169106567942 1058
1694360699323 0.2641528843902817 1059
1694360699346 0.2640085867633464 1060
1694360699369 0.26383664095331283 1061
1694360699394 0.2636706633917593 1062
1694360699417 0.26351626288363894 1063
1694360699441 0.26333037881632365 1064
1694360699464 0.2631769089607668 1065
1694360699489 0.26302692962531926 1066
1694360699513 0.26285787829609003 1067
1694360699537 0.2627013079918801 1068
1694360699561 0.26252289255965183 1069
1694360699585 0.2623703269445628 1070
1694360699608 0.26221523933198015 1071
1694360699632 0.2620584470629637 1072
1694360699656 0.2618980772951584 1073
1694360699681 0.261726399556214 1074
1694360699705 0.26155437487485095 1075
1694360699736 0.2613887708318218 1076
1694360699759 0.26124893757012757 1077
1694360699786 0.26108487123728036 1078
1694360699809 0.26094339099978864 1079
1694360699834 0.26080568268086424 1080
1694360699857 0.2606450015450425 1081
1694360699881 0.2604813894914556 1082
1694360699906 0.2603243092310028 1083
1694360699931 0.26015302064195117 1084
1694360699953 0.26001180815718294 1085
1694360699978 0.25984300271413063 1086
1694360700001 0.2596885896210205 1087
1694360700049 0.25955506038578835 1088
1694360700121 0.2594071761946119 1089
1694360700173 0.25925334035416925 1090
1694360700203 0.25909881795020184 1091
1694360700232 0.2589311067370208 1092
1694360700255 0.2587760918689328 1093
1694360700280 0.258622809472511 1094
1694360700303 0.25847972654174245 1095
1694360700326 0.2583477044441082 1096
1694360700349 0.2581795943912969 1097
1694360700373 0.2580362461041294 1098
1694360700400 0.25788491035511507 1099
1694360700425 0.2577336913824589 1100
1694360700448 0.25758341760178066 1101
1694360700475 0.25744231472312545 1102
1694360700523 0.25728581036814213 1103
1694360700546 0.25714738493735045 1104
1694360700570 0.2569956680723481 1105
1694360700592 0.2568542503485323 1106
1694360700622 0.2566813201149743 1107
1694360700672 0.2565261072987944 1108
1694360700697 0.25637948267455174 1109
1694360700726 0.2562302364034697 1110
1694360700750 0.256076868800522 1111
1694360700774 0.2559442202709973 1112
1694360700797 0.2558064690480131 1113
1694360700821 0.2556539724436021 1114
1694360700847 0.2555073384796315 1115
1694360700880 0.25534909802423467 1116
1694360700904 0.2552030538798481 1117
1694360700925 0.25504408822097324 1118
1694360700950 0.2548928175125802 1119
1694360700973 0.2547515523617721 1120
1694360700995 0.2546011344853084 1121
1694360701020 0.25444871561112653 1122
1694360701042 0.2542717101200898 1123
1694360701065 0.2541143136959828 1124
1694360701088 0.25394480619472265 1125
1694360701112 0.25379057829823676 1126
1694360701137 0.25363433135403324 1127
1694360701160 0.2534870952731266 1128
1694360701183 0.25335684994789615 1129
1694360701206 0.2532219745807447 1130
1694360701235 0.2530904352727744 1131
1694360701260 0.25293250194897493 1132
1694360701289 0.25279377877322373 1133
1694360701314 0.2526364446562171 1134
1694360701339 0.2524919220016147 1135
1694360701365 0.2523240144428119 1136
1694360701389 0.25216418407555835 1137
1694360701413 0.25200016544865944 1138
1694360701437 0.25185658976281344 1139
1694360701461 0.2517123856377894 1140
1694360701487 0.2515721017051855 1141
1694360701512 0.25142161476021213 1142
1694360701537 0.2512856277858178 1143
1694360701561 0.25113708793548456 1144
1694360701586 0.25099506888487605 1145
1694360701611 0.2508399309566988 1146
1694360701636 0.25069197830675355 1147
1694360701661 0.2505510016852877 1148
1694360701684 0.2504193363059847 1149
1694360701709 0.25027637310834966 1150
1694360701739 0.2501254703282728 1151
1694360701770 0.2499754557631464 1152
1694360701796 0.24981991302791698 1153
1694360701821 0.24968480797585169 1154
1694360701848 0.2495461454177799 1155
1694360701874 0.24939611899196085 1156
1694360701900 0.24924291949843486 1157
1694360701924 0.24909576605940298 1158
1694360701948 0.24894737766244976 1159
1694360701972 0.248803379835278 1160
1694360701997 0.24866437027077332 1161
1694360702021 0.24852192784686897 1162
1694360702047 0.24837283329835572 1163
1694360702070 0.24821849811876068 1164
1694360702097 0.24805224683621094 1165
1694360702121 0.24791156408047607 1166
1694360702147 0.24775501262159924 1167
1694360702196 0.24759737468900817 1168
1694360702261 0.24744406700025529 1169
1694360702316 0.24730287499787806 1170
1694360702339 0.24715552252019604 1171
1694360702364 0.24702227309382327 1172
1694360702386 0.24688026017260306 1173
1694360702412 0.2467453634396396 1174
1694360702435 0.24661204655772817 1175
1694360702460 0.24645891980814238 1176
1694360702484 0.24632402152513055 1177
1694360702508 0.246183615492962 1178
1694360702561 0.2460347119754437 1179
1694360702584 0.24589501672338304 1180
1694360702607 0.2457673477951267 1181
1694360702630 0.2456096524838651 1182
1694360702659 0.24545621188045336 1183
1694360702742 0.24530337201652558 1184
1694360702765 0.24516095048768474 1185
1694360702793 0.24501893621790813 1186
1694360702817 0.24487547786931407 1187
1694360702840 0.24473384376524898 1188
1694360702865 0.2445862194650346 1189
1694360702888 0.24443749678075044 1190
1694360702914 0.2442941763631255 1191
1694360702937 0.24414061320704566 1192
1694360702981 0.24400544950834183 1193
1694360703004 0.2438773673630382 1194
1694360703042 0.2437461558536885 1195
1694360703069 0.24362307549351986 1196
1694360703092 0.2434930749057709 1197
1694360703115 0.2433683384685878 1198
1694360703138 0.24324917941491994 1199
1694360703164 0.24311605013661816 1200
1694360703187 0.2429870940696499 1201
1694360703210 0.24285933407684485 1202
1694360703238 0.2427171009492105 1203
1694360703264 0.24256138648246695 1204
1694360703292 0.24242317171916863 1205
1694360703316 0.24225821261077213 1206
1694360703339 0.24211998354710323 1207
1694360703364 0.24198023722554418 1208
1694360703386 0.24185586025575878 1209
1694360703411 0.2417206623672055 1210
1694360703433 0.24159199497626446 1211
1694360703456 0.24144687180000615 1212
1694360703481 0.24130282553586777 1213
1694360703505 0.2411675613301099 1214
1694360703529 0.2410275854632971 1215
1694360703553 0.24089658318127066 1216
1694360703576 0.24076172615102526 1217
1694360703599 0.24061602375605037 1218
1694360703623 0.240477357702733 1219
1694360703646 0.24034168340740933 1220
1694360703672 0.24017947393099903 1221
1694360703696 0.2400483108709882 1222
1694360703727 0.23992852991490357 1223
1694360703753 0.23980423286304292 1224
1694360703779 0.23967262950478602 1225
1694360703804 0.23952881773406606 1226
1694360703831 0.23937845514565603 1227
1694360703856 0.239232773787227 1228
1694360703883 0.2391039089187136 1229
1694360703906 0.23896290687356347 1230
1694360703929 0.23882417686048418 1231
1694360703952 0.23869515432077118 1232
1694360703977 0.23855802756861044 1233
1694360704001 0.2384284890353373 1234
1694360704026 0.23829131728830097 1235
1694360704051 0.23813955306064982 1236
1694360704075 0.23799802976796677 1237
1694360704099 0.2378663834575598 1238
1694360704122 0.2377349852981927 1239
1694360704147 0.23759918723744242 1240
1694360704171 0.23746200975870163 1241
1694360704196 0.23734717905911754 1242
1694360704227 0.23721732137044413 1243
1694360704254 0.23708695073529198 1244
1694360704279 0.23696597471043035 1245
1694360704316 0.23682281114748235 1246
1694360704375 0.23672236506455452 1247
1694360704398 0.23659081466374157 1248
1694360704450 0.23647197450858543 1249
1694360704472 0.23636379251376993 1250
1694360704494 0.2362171794822974 1251
1694360704518 0.23608263320834058 1252
1694360704544 0.23593830555039563 1253
1694360704598 0.23580232068473472 1254
1694360704621 0.23567781057292697 1255
1694360704645 0.23554161775247134 1256
1694360704668 0.23541281457462082 1257
1694360704695 0.23530643456073225 1258
1694360704745 0.2351741383944025 1259
1694360704768 0.2350338386665027 1260
1694360704793 0.23487501081344797 1261
1694360704815 0.23473984436057108 1262
1694360704836 0.23459904784814092 1263
1694360704860 0.23447878303439385 1264
1694360704896 0.23432831770003987 1265
1694360704919 0.2341968178771716 1266
1694360704942 0.2340649259463075 1267
1694360704967 0.23389793795689753 1268
1694360704989 0.23375954760793227 1269
1694360705025 0.2336177042830734 1270
1694360705047 0.23347970508523988 1271
1694360705071 0.23335290328908131 1272
1694360705093 0.2332331573061448 1273
1694360705115 0.2331029392297506 1274
1694360705139 0.23299587404101835 1275
1694360705162 0.23284592299396573 1276
1694360705185 0.232715973438869 1277
1694360705212 0.23257508842093563 1278
1694360705242 0.232448112707864 1279
1694360705268 0.2323148360321381 1280
1694360705292 0.23218107566931298 1281
1694360705315 0.23204706185817958 1282
1694360705340 0.23191644059173155 1283
1694360705365 0.23179746427515818 1284
1694360705388 0.23166469688868035 1285
1694360705413 0.231528903937097 1286
1694360705437 0.23140497414737035 1287
1694360705462 0.23127626722600853 1288
1694360705488 0.2311470571456948 1289
1694360705513 0.23100576440886805 1290
1694360705539 0.2308479017873229 1291
1694360705564 0.23071917293910618 1292
1694360705588 0.2305833335376212 1293
1694360705613 0.23046655057325838 1294
1694360705638 0.23033376848369075 1295
1694360705665 0.23017525799329192 1296
1694360705690 0.23004992292499837 1297
1694360705716 0.22991940405278805 1298
1694360705745 0.229791248951264 1299
1694360705772 0.22965341750773266 1300
1694360705799 0.2295425638868017 1301
1694360705825 0.22941961390753576 1302
1694360705850 0.2293076583775549 1303
1694360705875 0.2291589083763043 1304
1694360705901 0.2290361081412247 1305
1694360705927 0.2289077171747174 1306
1694360705953 0.2287827290911543 1307
1694360705980 0.2286538299984629 1308
1694360706006 0.2285297277309854 1309
1694360706032 0.22840694883128906 1310
1694360706056 0.22829301575836264 1311
1694360706081 0.2281742214677595 1312
1694360706105 0.22805417667419656 1313
1694360706130 0.22792149929755587 1314
1694360706157 0.22778802909143223 1315
1694360706182 0.22765394125354588 1316
1694360706207 0.22753390920916214 1317
1694360706240 0.22739438108956458 1318
1694360706265 0.2272630835370714 1319
1694360706288 0.22711638693857797 1320
1694360706310 0.22698326343946384 1321
1694360706333 0.22686644640398546 1322
1694360706355 0.22673611558519888 1323
1694360706379 0.2266051194587665 1324
1694360706403 0.22647452808037552 1325
1694360706426 0.22633850363134958 1326
1694360706459 0.22621881972357946 1327
1694360706515 0.22607412436917412 1328
1694360706540 0.2259457515843588 1329
1694360706600 0.22582500146381762 1330
1694360706651 0.2257108283220676 1331
1694360706676 0.22557930547132232 1332
1694360706700 0.2254515878879288 1333
1694360706727 0.2253143327909522 1334
1694360706776 0.22518032149553105 1335
1694360706800 0.22505805742498644 1336
1694360706823 0.22492522253498792 1337
1694360706847 0.22479214606563735 1338
1694360706869 0.22466437740305656 1339
1694360706892 0.22455239575445632 1340
1694360706917 0.22441407796370974 1341
1694360706942 0.22427912570285724 1342
1694360706965 0.22415629147694163 1343
1694360706987 0.22404089724767845 1344
1694360707011 0.22390386447264501 1345
1694360707036 0.2237850325587268 1346
1694360707060 0.2236666975163708 1347
1694360707085 0.22353418253954938 1348
1694360707110 0.22339800417033015 1349
1694360707135 0.22326458923978643 1350
1694360707161 0.22314158330266615 1351
1694360707185 0.22301957686925727 1352
1694360707209 0.22289054184457002 1353
1694360707243 0.22276390614604089 1354
1694360707269 0.22264724430934205 1355
1694360707295 0.22254600186559068 1356
1694360707319 0.22242180597186095 1357
1694360707345 0.22228971662759545 1358
1694360707369 0.22217615372866545 1359
1694360707393 0.22205064485639153 1360
1694360707418 0.2219327967589348 1361
1694360707441 0.2218119227893115 1362
1694360707465 0.2216846456349532 1363
1694360707488 0.22156020344088964 1364
1694360707512 0.22141663983210907 1365
1694360707535 0.22129370738111065 1366
1694360707557 0.2211697083720184 1367
1694360707582 0.22104487776061435 1368
1694360707604 0.2209427203824857 1369
1694360707639 0.22081737646148814 1370
1694360707668 0.220690753191927 1371
1694360707693 0.2205770798945401 1372
1694360707738 0.2204562798722564 1373
1694360707764 0.22033234245172803 1374
1694360707787 0.22021878141813853 1375
1694360707809 0.22009449389995234 1376
1694360707833 0.21996924231960271 1377
1694360707857 0.21984754211097474 1378
1694360707880 0.21971996204575236 1379
1694360707904 0.21960256675840992 1380
1694360707930 0.21947482793516782 1381
1694360707950 0.2193566196246034 1382
1694360707975 0.21923945520047844 1383
1694360707997 0.21910687289660866 1384
1694360708020 0.2189799338890802 1385
1694360708042 0.21886342370378847 1386
1694360708066 0.21875226910148243 1387
1694360708088 0.21864006448052678 1388
1694360708110 0.21853594259529516 1389
1694360708136 0.21841465719789271 1390
1694360708161 0.21829196194043435 1391
1694360708184 0.2181810868323742 1392
1694360708207 0.21806296214488305 1393
1694360708234 0.21794432286432222 1394
1694360708259 0.21781223567690638 1395
1694360708286 0.21770106835196734 1396
1694360708311 0.21758674639967618 1397
1694360708335 0.2174806878357697 1398
1694360708360 0.2173540869266629 1399
1694360708384 0.2172285538504342 1400
1694360708409 0.21710691961938014 1401
1694360708431 0.2169905108808909 1402
1694360708455 0.21687014097245882 1403
1694360708479 0.2167539916791188 1404
1694360708504 0.2166437675758572 1405
1694360708529 0.21653623454089035 1406
1694360708554 0.2164029197900066 1407
1694360708585 0.21628554003377629 1408
1694360708613 0.21618392699457262 1409
1694360708758 0.21606552073002358 1410
1694360708807 0.21594947182139884 1411
1694360708829 0.21582250317982715 1412
1694360708852 0.21570065932968568 1413
1694360708874 0.21559863578153313 1414
1694360708922 0.21547210534164993 1415
1694360708947 0.21535320940301253 1416
1694360708969 0.21524152985764028 1417
1694360708991 0.2151394682405296 1418
1694360709015 0.21503354719093448 1419
1694360709037 0.21491889105406464 1420
1694360709058 0.21480219772026887 1421
1694360709081 0.21467386987047954 1422
1694360709106 0.21456330254018685 1423
1694360709131 0.21443186621243426 1424
1694360709155 0.2143202019583102 1425
1694360709179 0.2141897688834532 1426
1694360709203 0.21407188928256932 1427
1694360709233 0.21395298751266628 1428
1694360709259 0.2138507375778742 1429
1694360709283 0.21373298063077337 1430
1694360709305 0.21362631627485518 1431
1694360709330 0.2135123233797936 1432
1694360709353 0.21340742928974166 1433
1694360709377 0.213304173967297 1434
1694360709400 0.21317847779685947 1435
1694360709424 0.21306103862133216 1436
1694360709451 0.212950827760136 1437
1694360709474 0.212842655503474 1438
1694360709499 0.21272116525499926 1439
1694360709525 0.21259468932283193 1440
1694360709549 0.21246269790188557 1441
1694360709574 0.21234574569839812 1442
1694360709598 0.2122379261215429 1443
1694360709622 0.21214086687168313 1444
1694360709648 0.21203644853034864 1445
1694360709671 0.21193737148587466 1446
1694360709695 0.21182806252995015 1447
1694360709725 0.21170407062321062 1448
1694360709750 0.21159918467072883 1449
1694360709773 0.21148980268932258 1450
1694360709803 0.2113814747827394 1451
1694360709829 0.2112801892055399 1452
1694360709853 0.21115788115155745 1453
1694360709877 0.21103705181115823 1454
1694360709901 0.2109287355817091 1455
1694360709926 0.21080939566423695 1456
1694360709951 0.2107043878673132 1457
1694360709973 0.2105927882041893 1458
1694360709995 0.21047307190556697 1459
1694360710018 0.21036088444927276 1460
1694360710041 0.21023970823627552 1461
1694360710063 0.21012851672930521 1462
1694360710087 0.21001534684579737 1463
1694360710110 0.2099025247835062 1464
1694360710134 0.20978622372051908 1465
1694360710158 0.20970007379906125 1466
1694360710182 0.209582294693357 1467
1694360710204 0.20946078425534667 1468
1694360710233 0.20935749800844047 1469
1694360710258 0.20923853388220773 1470
1694360710281 0.20912172875597523 1471
1694360710305 0.20900872386528288 1472
1694360710330 0.20890766927343632 1473
1694360710354 0.20877917889339995 1474
1694360710377 0.2086686975647684 1475
1694360710401 0.20855101007209548 1476
1694360710424 0.20844333124725767 1477
1694360710447 0.20833303302079204 1478
1694360710471 0.2082153761281448 1479
1694360710498 0.20810675478140592 1480
1694360710521 0.2079921475352388 1481
1694360710545 0.20788407594267158 1482
1694360710569 0.20776411409559967 1483
1694360710596 0.2076410157932068 1484
1694360710619 0.20754458772831233 1485
1694360710643 0.20743572835433677 1486
1694360710667 0.20731762424841627 1487
1694360710727 0.20719119505729955 1488
1694360710837 0.20707354688142282 1489
1694360710859 0.20696210937896892 1490
1694360710882 0.20686456074593668 1491
1694360710905 0.20675627051078196 1492
1694360710930 0.2066534286583098 1493
1694360710955 0.20656034736036522 1494
1694360710978 0.2064609257874916 1495
1694360711000 0.2063608904382503 1496
1694360711023 0.20625556282729554 1497
1694360711046 0.20613267549658323 1498
1694360711068 0.20602034243356446 1499
1694360711092 0.2059095575728954 1500
1694360711115 0.20579242288601352 1501
1694360711139 0.20568841738472532 1502
1694360711162 0.20557356419778558 1503
1694360711186 0.20546657993968634 1504
1694360711210 0.20535053229672864 1505
1694360711240 0.20524472950341688 1506
1694360711264 0.20513284633714698 1507
1694360711287 0.20502056314905212 1508
1694360711311 0.20490937134184634 1509
1694360711350 0.20480043297857825 1510
1694360711376 0.20470234733448883 1511
1694360711400 0.20458539678340343 1512
1694360711427 0.20447668925486823 1513
1694360711453 0.20435041607478016 1514
1694360711476 0.20425034626660926 1515
1694360711501 0.2041492470784453 1516
1694360711524 0.20402531607616214 1517
1694360711546 0.2039285198316521 1518
1694360711569 0.20381855708850644 1519
1694360711592 0.203707565524092 1520
1694360711615 0.20358991749103367 1521
1694360711639 0.20348756993796244 1522
1694360711662 0.20337206525596427 1523
1694360711693 0.20325628139703128 1524
1694360712015 0.20315182479471872 1525
1694360712036 0.20303279124232348 1526
1694360712058 0.2029241040168068 1527
1694360712080 0.20281130326680952 1528
1694360712109 0.20269534019068688 1529
1694360712132 0.2025779070506951 1530
1694360712155 0.20247681148405536 1531
1694360712177 0.20236765007919005 1532
1694360712202 0.20225705072554606 1533
1694360712233 0.20214313121689853 1534
1694360712257 0.20203260155961272 1535
1694360712281 0.20194043772806022 1536
1694360712306 0.20183029417141127 1537
1694360712331 0.2017176241314119 1538
1694360712360 0.20160988526142504 1539
1694360712386 0.2015045337334277 1540
1694360712412 0.20140158654983348 1541
1694360712438 0.2012881494302376 1542
1694360712462 0.20119249713399603 1543
1694360712487 0.2010811354185514 1544
1694360712510 0.20097392433112438 1545
1694360712535 0.20087505825810015 1546
1694360712559 0.2007744029953726 1547
1694360712583 0.20067519397801947 1548
1694360712608 0.20056371516921842 1549
1694360712633 0.20044809068277772 1550
1694360712676 0.200334102703368 1551
1694360712698 0.20023535074523627 1552
1694360712755 0.20013146345242466 1553
1694360712776 0.2000204636154077 1554
1694360712811 0.19993166840012253 1555
1694360712922 0.19983244405971595 1556
1694360712963 0.1997161871704345 1557
1694360712987 0.1996088392159112 1558
1694360713009 0.19952083122813935 1559
1694360713031 0.19942189278160127 1560
1694360713054 0.19931940767799147 1561
1694360713076 0.19920609460202718 1562
1694360713100 0.1990918160539504 1563
1694360713130 0.1989845453636458 1564
1694360713154 0.19888173468863996 1565
1694360713177 0.19877278767434917 1566
1694360713201 0.19866679498096357 1567
1694360713229 0.19855513977171496 1568
1694360713252 0.198457513018208 1569
1694360713275 0.19834093437673614 1570
1694360713298 0.1982461984171632 1571
1694360713320 0.19814151034919678 1572
1694360713343 0.19803007756645913 1573
1694360713367 0.19792394980002098 1574
1694360713390 0.19782064724148976 1575
1694360713415 0.19772464920548624 1576
1694360713439 0.19761101644162904 1577
1694360713465 0.19750196788562122 1578
1694360713489 0.19740602582624553 1579
1694360713511 0.19730735299145777 1580
1694360713533 0.1972124469559809 1581
1694360713554 0.19709861771761303 1582
1694360713576 0.1969999774065732 1583
1694360713599 0.19688903998238094 1584
1694360713623 0.19678010536297522 1585
1694360713647 0.19669166118242504 1586
1694360713672 0.19658219350335956 1587
1694360713695 0.19647675683478127 1588
1694360713727 0.19635769237943737 1589
1694360713749 0.19625756224132654 1590
1694360713772 0.1961505715131681 1591
1694360713798 0.1960488737863345 1592
1694360713821 0.19596164833764332 1593
1694360713844 0.1958622686934057 1594
1694360713867 0.19576682142122198 1595
1694360713890 0.19566434872685767 1596
1694360713914 0.1955607485047685 1597
1694360713937 0.19546103583694163 1598
1694360713965 0.19536823116343374 1599
1694360713990 0.19527041594440972 1600
1694360714013 0.19515918701399756 1601
1694360714036 0.19506603331045766 1602
1694360714058 0.19494473151421302 1603
1694360714081 0.19483942665975915 1604
1694360714104 0.19475670960535243 1605
1694360714125 0.19465700480259263 1606
1694360714147 0.1945502434619342 1607
1694360714171 0.1944391414993311 1608
1694360714200 0.19435909775402452 1609
1694360714225 0.19426120647499912 1610
1694360714256 0.19415676601190576 1611
1694360714280 0.1940634131721683 1612
1694360714302 0.19394755184595872 1613
1694360714325 0.19384568702097865 1614
1694360714350 0.19374811379907364 1615
1694360714373 0.19364474195564288 1616
1694360714396 0.19354717397340906 1617
1694360714420 0.19345973729549676 1618
1694360714444 0.19337034776867076 1619
1694360714471 0.19327184850053325 1620
1694360714496 0.19317271573706893 1621
1694360714518 0.19308802736500072 1622
1694360714540 0.19300223159067412 1623
1694360714564 0.1929026705021927 1624
1694360714588 0.1928014576375868 1625
1694360714614 0.1926857172457632 1626
1694360714637 0.1925742279560101 1627
1694360714661 0.19247904226703033 1628
1694360714684 0.1923747589546435 1629
1694360714707 0.19227824970221585 1630
1694360714740 0.19217396417846833 1631
1694360714797 0.19207222112724265 1632
1694360714819 0.19198373536769942 1633
1694360714841 0.1918952734552775 1634
1694360714902 0.19178384742122037 1635
1694360714965 0.19168672117977104 1636
1694360715029 0.19158510203369392 1637
1694360715051 0.19148759324801107 1638
1694360715073 0.1913721618953172 1639
1694360715099 0.19126817486391537 1640
1694360715122 0.19115676088328298 1641
1694360715144 0.19104919535708575 1642
1694360715167 0.19094881712083492 1643
1694360715189 0.19085546694821867 1644
1694360715212 0.19075898617461126 1645
1694360715241 0.19066389007161683 1646
1694360715266 0.19055715079898852 1647
1694360715288 0.19046020487571097 1648
1694360715311 0.19036153999973543 1649
1694360715334 0.19026464252350292 1650
1694360715365 0.19017333205117912 1651
1694360715387 0.19007649009443472 1652
1694360715417 0.1899771238746628 1653
1694360715440 0.18987760287357763 1654
1694360715462 0.18978230018224962 1655
1694360715486 0.18969977205255215 1656
1694360715509 0.18960952863876582 1657
1694360715532 0.18950610179635832 1658
1694360715557 0.18939948078553334 1659
1694360715579 0.18930715099587453 1660
1694360715603 0.1891992861842993 1661
1694360715630 0.18911804723771752 1662
1694360715653 0.18901503799359437 1663
1694360715677 0.18892344766811386 1664
1694360715701 0.18881903729972416 1665
1694360715732 0.18871446258081245 1666
1694360715756 0.18862346681773962 1667
1694360715780 0.18852192580737892 1668
1694360715805 0.18842396734631442 1669
1694360715830 0.1883255446032216 1670
1694360715857 0.18822635947332586 1671
1694360715882 0.18812225470470575 1672
1694360715908 0.1880183641809508 1673
1694360715933 0.18793222320461414 1674
1694360715958 0.18784059497292113 1675
1694360715983 0.18774488800369704 1676
1694360716008 0.18765653105366403 1677
1694360716029 0.18757383831167196 1678
1694360716050 0.18747431329194617 1679
1694360716073 0.18737783063280314 1680
1694360716097 0.18728742366991133 1681
1694360716119 0.1871937783818322 1682
1694360716146 0.18709900899495946 1683
1694360716169 0.18700521024976507 1684
1694360716191 0.18692545366141627 1685
1694360716216 0.18682774683305492 1686
1694360716247 0.18672690829418662 1687
1694360716269 0.18661918353244794 1688
1694360716293 0.18652056402640638 1689
1694360716316 0.18641891260389523 1690
1694360716341 0.18631899098598337 1691
1694360716364 0.18623206611793913 1692
1694360716386 0.18612405120997316 1693
1694360716409 0.1860272920638426 1694
1694360716432 0.1859340041396978 1695
1694360716457 0.18584037272053786 1696
1694360716479 0.18575286464975246 1697
1694360716502 0.1856569513121668 1698
1694360716524 0.18557071330642433 1699
1694360716548 0.18548309980847366 1700
1694360716571 0.18539470134190375 1701
1694360716594 0.1853273606749775 1702
1694360716618 0.18522861539554838 1703
1694360716643 0.1851257456441774 1704
1694360716669 0.18502207457921846 1705
1694360716692 0.18493540543281847 1706
1694360716721 0.18483842658668231 1707
1694360716745 0.1847322628047468 1708
1694360716769 0.18464518326980287 1709
1694360716792 0.18455713636852952 1710
1694360716847 0.1844645316744408 1711
1694360716869 0.18437229017556264 1712
1694360716918 0.1842691765526192 1713
1694360716942 0.18417463332211972 1714
1694360716975 0.18408957244226784 1715
1694360717060 0.18400206463710564 1716
1694360717087 0.18390394198343718 1717
1694360717112 0.1838101049044983 1718
1694360717134 0.18373149663259702 1719
1694360717155 0.1836423672427151 1720
1694360717177 0.18355370718135688 1721
1694360717201 0.183462501006471 1722
1694360717224 0.18336922059426056 1723
1694360717251 0.18328574682096588 1724
1694360717273 0.18320273303110549 1725
1694360717297 0.18310877242424312 1726
1694360717320 0.18301752993832804 1727
1694360717344 0.18291799229160033 1728
1694360717368 0.1828293248501848 1729
1694360717392 0.18274142709231425 1730
1694360717447 0.18265573672323449 1731
1694360717471 0.18256392941746227 1732
1694360717493 0.1824847761094071 1733
1694360717515 0.18240014769937257 1734
1694360717541 0.1823036174170848 1735
1694360717563 0.1822059168524743 1736
1694360717584 0.18211511959771665 1737
1694360717621 0.18202662107631423 1738
1694360717648 0.18193180729477346 1739
1694360717674 0.18183992923287703 1740
1694360717701 0.18172973953896734 1741
1694360717729 0.18163435375005546 1742
1694360717753 0.1815409599462793 1743
1694360717776 0.18145076289995307 1744
1694360717804 0.18136469661839347 1745
1694360717828 0.18126931239021038 1746
1694360717852 0.1811878127502662 1747
1694360717879 0.18109473207353885 1748
1694360717903 0.1810046353447331 1749
1694360717928 0.18091299455095555 1750
1694360717952 0.18082345393988217 1751
1694360717975 0.18072882115459799 1752
1694360717999 0.18064155078931884 1753
1694360718025 0.1805384258752723 1754
1694360718050 0.18044599104368458 1755
1694360718072 0.18036065305531393 1756
1694360718097 0.18025717772259336 1757
1694360718119 0.18016583320359603 1758
1694360718142 0.18007836098459365 1759
1694360718166 0.1799715623450991 1760
1694360718191 0.17988099301871874 1761
1694360718216 0.17979083896392964 1762
1694360718247 0.17970267205468013 1763
1694360718272 0.17960647192304735 1764
1694360718297 0.17953105695778246 1765
1694360718322 0.17944026193091964 1766
1694360718347 0.1793417445713138 1767
1694360718371 0.17924437854185787 1768
1694360718393 0.17914614362252168 1769
1694360718416 0.1790543084472791 1770
1694360718439 0.1789792814230748 1771
1694360718463 0.17888048528416356 1772
1694360718485 0.17879071200062574 1773
1694360718509 0.178705948497198 1774
1694360718531 0.17863211184076755 1775
1694360718558 0.17853744733563834 1776
1694360718582 0.17844799737681846 1777
1694360718605 0.1783589821091276 1778
1694360718628 0.1782608212211986 1779
1694360718649 0.17815756422763207 1780
1694360718672 0.17806292037499555 1781
1694360718696 0.17796325413983974 1782
1694360718720 0.17787025852468868 1783
1694360718748 0.17777614095505828 1784
1694360718770 0.17768212969582708 1785
1694360718795 0.1775991355242572 1786
1694360718820 0.1775079400342733 1787
1694360718876 0.17742360406614638 1788
1694360718898 0.1773357292889892 1789
1694360718920 0.17725526061777766 1790
1694360718972 0.17717341772567496 1791
1694360718992 0.17709408023703738 1792
1694360719014 0.17700731297183303 1793
1694360719039 0.17691629361575667 1794
1694360719064 0.17682160156765692 1795
1694360719152 0.17674907110522292 1796
1694360719180 0.17666425842148734 1797
1694360719206 0.17657341311614855 1798
1694360719233 0.1764820266178419 1799
1694360719256 0.17639859090677654 1800
1694360719279 0.17630582495018815 1801
1694360719302 0.1762127556990374 1802
1694360719325 0.1761259071570599 1803
1694360719347 0.17602976470256193 1804
1694360719373 0.17593538511897436 1805
1694360719396 0.1758465080072766 1806
1694360719420 0.17575264351966222 1807
1694360719442 0.1756686063363792 1808
1694360719465 0.17558766314591964 1809
1694360719488 0.1755043273624179 1810
1694360719513 0.17541771773690845 1811
1694360719536 0.17534021764727645 1812
1694360719559 0.17523376171968474 1813
1694360719582 0.17514120124881677 1814
1694360719605 0.1750404506779761 1815
1694360719626 0.17495808325883416 1816
1694360719647 0.17487288815160093 1817
1694360719670 0.17479171356635365 1818
1694360719692 0.17470754305672892 1819
1694360719724 0.17462314362560175 1820
1694360719747 0.1745412772633305 1821
1694360719771 0.17444412472879223 1822
1694360719796 0.17436161771789055 1823
1694360719821 0.17426442391315605 1824
1694360719846 0.174176919935773 1825
1694360719870 0.17409162983138593 1826
1694360719895 0.17399600874328042 1827
1694360719919 0.1739043491119642 1828
1694360719943 0.17380908960622 1829
1694360719968 0.17373296972915475 1830
1694360719991 0.17365856876774605 1831
1694360720015 0.17357463140032442 1832
1694360720041 0.173483844236916 1833
1694360720062 0.17339604738604966 1834
1694360720085 0.1733208276383015 1835
1694360720107 0.17323083393620897 1836
1694360720130 0.1731400576327033 1837
1694360720151 0.17304585624865726 1838
1694360720173 0.17296432200694634 1839
1694360720195 0.1728824987732278 1840
1694360720226 0.17278818333791296 1841
1694360720249 0.17269807527371353 1842
1694360720271 0.17261520338570402 1843
1694360720292 0.17254254577298694 1844
1694360720316 0.1724613740128088 1845
1694360720339 0.17237790251678053 1846
1694360720366 0.17229267387031988 1847
1694360720389 0.172212097962248 1848
1694360720413 0.17213123922028015 1849
1694360720435 0.172039266320706 1850
1694360720459 0.1719446895287364 1851
1694360720486 0.1718617882581973 1852
1694360720518 0.17179122633623323 1853
1694360720543 0.17170328278390268 1854
1694360720566 0.17162002425152714 1855
1694360720593 0.17153201055772896 1856
1694360720618 0.17145867893609054 1857
1694360720641 0.1713660184428976 1858
1694360720666 0.17128408360271868 1859
1694360720689 0.1711912308042284 1860
1694360720722 0.17110230557600384 1861
1694360720745 0.17101919811801303 1862
1694360720768 0.1709415018227018 1863
1694360720795 0.17085549502578865 1864
1694360720820 0.17078044339869639 1865
1694360720845 0.1707049983786822 1866
1694360720870 0.17062791457862783 1867
1694360720923 0.17055009167657936 1868
1694360720949 0.17046960191510938 1869
1694360720998 0.1703822488393806 1870
1694360721021 0.17030000788298963 1871
1694360721043 0.17021535160435652 1872
1694360721067 0.17012601572946315 1873
1694360721090 0.17004577793029846 1874
1694360721113 0.16996041690224492 1875
1694360721135 0.1698844525438389 1876
1694360721157 0.16980385216448515 1877
1694360721185 0.16971255971842308 1878
1694360721212 0.16962478957216293 1879
1694360721238 0.16955445593758456 1880
1694360721291 0.16945850747336993 1881
1694360721695 0.17365856876774605 1882
