1694338338162 1.9107536336657314 0
1694338338194 1.874007197290785 1
1694338338226 1.8408203752939953 2
1694338338254 1.8091801994170673 3
1694338338278 1.7793470440929546 4
1694338338301 1.7509159892191677 5
1694338338325 1.7240237432876706 6
1694338338353 1.6983915940549559 7
1694338338383 1.6736989044148634 8
1694338338407 1.6499840599004219 9
1694338338443 1.6271171328489167 10
1694338338468 1.605186038704913 11
1694338338492 1.5838690908377289 12
1694338338518 1.5635021007710326 13
1694338338543 1.5439076638879499 14
1694338338571 1.5249148009963247 15
1694338338597 1.506215877821325 16
1694338338673 1.4882465434214533 17
1694338338697 1.4708847644810452 18
1694338338721 1.4539828656305198 19
1694338338749 1.4378115350501632 20
1694338338808 1.4216600490221543 21
1694338338832 1.406068990810297 22
1694338338856 1.3909444256121817 23
1694338338914 1.3762139887033447 24
1694338338938 1.3617786839208745 25
1694338338962 1.3475329039185155 26
1694338338990 1.3336225981288763 27
1694338339015 1.3200516090590566 28
1694338339040 1.3067962520083807 29
1694338339065 1.2940704006033523 30
1694338339091 1.2814585031362666 31
1694338339117 1.2691324582732832 32
1694338339142 1.2571036848590362 33
1694338339168 1.2453877221404428 34
1694338339194 1.2338744010566127 35
1694338339223 1.222579593865555 36
1694338339249 1.2116348935991097 37
1694338339274 1.2009261004413174 38
1694338339299 1.1903261788314674 39
1694338339425 1.1799756048445915 40
1694338339452 1.169873242359967 41
1694338339476 1.1600725502079987 42
1694338339502 1.1502895701639055 43
1694338339525 1.1406266301012438 44
1694338339551 1.1311312955131185 45
1694338339575 1.1218615164521344 46
1694338339602 1.112825051624061 47
1694338339628 1.1037909795544438 48
1694338339653 1.0950896725395456 49
1694338339678 1.0865733064735856 50
1694338339703 1.0781761863275559 51
1694338339728 1.0699312968806842 52
1694338339753 1.0617891713889187 53
1694338339779 1.0538399374131515 54
1694338339808 1.0460048727505613 55
1694338339834 1.0382403180704498 56
1694338339859 1.0306451808138093 57
1694338339890 1.0231105139248635 58
1694338339916 1.015775511728369 59
1694338339945 1.0085687776756849 60
1694338339970 1.0014306960755204 61
1694338339995 0.9944743883363788 62
1694338340021 0.9877416285592215 63
1694338340049 0.9809894728919761 64
1694338340076 0.9744365652919434 65
1694338340101 0.9679393215711996 66
1694338340126 0.9615516254341605 67
1694338340153 0.9552586485845143 68
1694338340178 0.9490165838498811 69
1694338340203 0.9429531248680751 70
1694338340230 0.936959393644151 71
1694338340255 0.9311283952873635 72
1694338340281 0.9252930113328818 73
1694338340306 0.9195574826154036 74
1694338340331 0.9138148856786245 75
1694338340357 0.9082031678446608 76
1694338340390 0.9027834413994449 77
1694338340415 0.8974099911279381 78
1694338340440 0.8921253374805491 79
1694338340466 0.8869419390283034 80
1694338340494 0.8818342660305157 81
1694338340520 0.8768322868814549 82
1694338340547 0.8718589178480334 83
1694338340572 0.8669572864732572 84
1694338340597 0.8621287667602909 85
1694338340631 0.8573024863444441 86
1694338340658 0.8526423512841971 87
1694338340684 0.8480076543651018 88
1694338340710 0.8434152444577991 89
1694338340738 0.8388794307536895 90
1694338340764 0.834381646096191 91
1694338340789 0.8300910682455951 92
1694338340849 0.8258957698267266 93
1694338340880 0.8216506428130108 94
1694338340908 0.8174205664206012 95
1694338340961 0.8132702548323032 96
1694338340986 0.8092874265239925 97
1694338341011 0.8052752410256996 98
1694338341037 0.8013510019152633 99
1694338341062 0.7974633112042604 100
1694338341088 0.7936393721331754 101
1694338341113 0.7898856931087278 102
1694338341139 0.7861597917679694 103
1694338341164 0.7825251173312735 104
1694338341189 0.7788463559267012 105
1694338341216 0.7753042234410338 106
1694338341244 0.7717439491719389 107
1694338341278 0.7682314910747551 108
1694338341306 0.7647048648688053 109
1694338341332 0.7613026142168917 110
1694338341358 0.7578876865779663 111
1694338341388 0.7545493330928492 112
1694338341496 0.7512931652775209 113
1694338341526 0.7480578430917767 114
1694338341550 0.744875673803849 115
1694338341580 0.7417046864332876 116
1694338341604 0.7386473708697437 117
1694338341629 0.7356030647272567 118
1694338341655 0.7325496452950638 119
1694338341679 0.7295805663216127 120
1694338341705 0.7265922185786461 121
1694338341730 0.7237001236610102 122
1694338341757 0.7208574760680359 123
1694338341784 0.7180423457010653 124
1694338341810 0.7152008563236603 125
1694338341833 0.7124589147300723 126
1694338341859 0.7096794644543479 127
1694338341889 0.7069576736526485 128
1694338341914 0.7042987143456446 129
1694338341940 0.7016405109529201 130
1694338341965 0.6990319771733577 131
1694338341991 0.6963885112500166 132
1694338342017 0.6938900410997052 133
1694338342044 0.6914255284360454 134
1694338342070 0.6888807693117115 135
1694338342098 0.6864080771429557 136
1694338342126 0.6839650877635816 137
1694338342151 0.6814896970496503 138
1694338342176 0.6790549523288366 139
1694338342204 0.6767246543881997 140
1694338342229 0.6743894432880336 141
1694338342259 0.6720574871644134 142
1694338342287 0.6698047152999942 143
1694338342321 0.6675445892827818 144
1694338342351 0.6652502005271725 145
1694338342385 0.6630536610330858 146
1694338342413 0.660866211265654 147
1694338342441 0.6587123818874366 148
1694338342467 0.6565749625203334 149
1694338342494 0.6544038390468845 150
1694338342525 0.6522950371906638 151
1694338342553 0.650162896923598 152
1694338342580 0.6481542965123281 153
1694338342608 0.6461387043892683 154
1694338342636 0.6441221466311536 155
1694338342667 0.6420854188541204 156
1694338342705 0.6401296378944 157
1694338342733 0.6382298968544504 158
1694338342762 0.6362681806290253 159
1694338342790 0.6343904620673864 160
1694338342818 0.632479491233531 161
1694338342881 0.6305975233850213 162
1694338342906 0.6287542122226575 163
1694338342932 0.6269544428996954 164
1694338342960 0.6251394348183505 165
1694338343010 0.6233388396024564 166
1694338343034 0.6215428694618234 167
1694338343059 0.6198031509024514 168
1694338343084 0.6180127999512265 169
1694338343109 0.6163301856388279 170
1694338343134 0.6146483644679864 171
1694338343161 0.6129100964424015 172
1694338343186 0.611243461476035 173
1694338343213 0.6095998327742862 174
1694338343238 0.6079438342615913 175
1694338343267 0.6062392994834815 176
1694338343293 0.604573325260964 177
1694338343319 0.602969371674057 178
1694338343355 0.6013861298923368 179
1694338343386 0.5998491954749178 180
1694338343412 0.5982973111972888 181
1694338343438 0.596768775527335 182
1694338343464 0.5951992032632251 183
1694338343583 0.5936721455682693 184
1694338343610 0.5921599270049857 185
1694338343634 0.5906695272618081 186
1694338343660 0.5892047718698927 187
1694338343685 0.5877384676687802 188
1694338343710 0.586305751027892 189
1694338343736 0.5848439925583934 190
1694338343764 0.5834529974551285 191
1694338343791 0.5820317785458033 192
1694338343821 0.5806175038778444 193
1694338343847 0.5792159443462496 194
1694338343878 0.5778749970681964 195
1694338343904 0.5765307847423465 196
1694338343929 0.5751846719908054 197
1694338343954 0.5738270401425001 198
1694338343982 0.5724586353943993 199
1694338344008 0.5711456921622103 200
1694338344035 0.5698699235067034 201
1694338344062 0.5685552799681646 202
1694338344090 0.5672982133991059 203
1694338344121 0.5660382345893761 204
1694338344147 0.5648130319929233 205
1694338344174 0.563533790055385 206
1694338344203 0.5622492900382945 207
1694338344231 0.5609726450736646 208
1694338344256 0.5598031906286092 209
1694338344283 0.5585994489310725 210
1694338344309 0.5573608732618941 211
1694338344333 0.5561692717184447 212
1694338344357 0.5549783413781879 213
1694338344389 0.5537713041349984 214
1694338344416 0.5526164687448207 215
1694338344440 0.5514675381153255 216
1694338344465 0.5503413070118628 217
1694338344491 0.5492035798992019 218
1694338344517 0.5480850887772241 219
1694338344543 0.5469906094762793 220
1694338344569 0.5458733080351083 221
1694338344594 0.5447697943764509 222
1694338344621 0.5436331921300455 223
1694338344647 0.5425396355454208 224
1694338344674 0.5414544987199313 225
1694338344698 0.5403977996578279 226
1694338344724 0.5392897726238192 227
1694338344749 0.5382510545938594 228
1694338344776 0.5372423023352192 229
1694338344803 0.5362128009491327 230
1694338344829 0.5351702931279546 231
1694338344856 0.5341935780184556 232
1694338344921 0.5331284814641165 233
1694338344946 0.5321072922488629 234
1694338344971 0.5311222921201308 235
1694338344999 0.5301544794101608 236
1694338345047 0.5291575000220853 237
1694338345071 0.5281985350525351 238
1694338345097 0.5272206372520349 239
1694338345123 0.5262552678861497 240
1694338345148 0.5253140147500778 241
1694338345174 0.5243472213775952 242
1694338345200 0.5234083155390195 243
1694338345226 0.522441394327026 244
1694338345252 0.5215004938164627 245
1694338345277 0.5206064173542002 246
1694338345304 0.5196513514343891 247
1694338345329 0.5187175315168985 248
1694338345353 0.5177725109131401 249
1694338345382 0.5168952986509143 250
1694338345409 0.5159560373515495 251
1694338345435 0.5150552742397627 252
1694338345458 0.5141571762660333 253
1694338345483 0.5132548088481296 254
1694338345510 0.5124099369560279 255
1694338345535 0.5115268495433483 256
1694338345631 0.5106762718574565 257
1694338345656 0.5097835462073136 258
1694338345684 0.5089421247197335 259
1694338345709 0.5081058746389706 260
1694338345734 0.5072502435222165 261
1694338345760 0.5063870603169354 262
1694338345784 0.5055583782321823 263
1694338345810 0.5047111626258438 264
1694338345835 0.5039154720566709 265
1694338345862 0.503112605194529 266
1694338345894 0.5022811310504595 267
1694338345921 0.501465542561816 268
1694338345948 0.5006530390420565 269
1694338345974 0.49981110883163204 270
1694338346002 0.49900470164669164 271
1694338346029 0.4981988962921124 272
1694338346054 0.4974172603978307 273
1694338346080 0.4966702775936679 274
1694338346106 0.49588441249837306 275
1694338346133 0.495126395877519 276
1694338346160 0.49442836850259786 277
1694338346185 0.493688579761544 278
1694338346213 0.4929238609311911 279
1694338346239 0.4921931014319483 280
1694338346266 0.49144744705522775 281
1694338346293 0.4907154652065971 282
1694338346321 0.48995732944535103 283
1694338346346 0.4892369572068647 284
1694338346379 0.488492156501595 285
1694338346405 0.4877587110670933 286
1694338346431 0.48701341760818295 287
1694338346458 0.48628599262373035 288
1694338346486 0.4855586119466716 289
1694338346515 0.48485492394267365 290
1694338346539 0.484151837189194 291
1694338346565 0.4834645303478592 292
1694338346590 0.48276269687332946 293
1694338346614 0.482072117818932 294
1694338346639 0.4813780328507633 295
1694338346665 0.48068773280538835 296
1694338346695 0.480007409535435 297
1694338346721 0.47931323415024774 298
1694338346744 0.47863246700332884 299
1694338346768 0.4779370650006927 300
1694338346793 0.47726198551735993 301
1694338346818 0.47660570440010497 302
1694338346843 0.4759529610916768 303
1694338346870 0.47528918247341956 304
1694338346896 0.4746331098231219 305
1694338346957 0.4739955943215856 306
1694338346980 0.4733438596058681 307
1694338347003 0.47271265578703575 308
1694338347033 0.4720276932744209 309
1694338347082 0.4714208894404109 310
1694338347106 0.4707897220821235 311
1694338347131 0.47016722757913537 312
1694338347157 0.46952730531137055 313
1694338347181 0.4688997239228772 314
1694338347206 0.46828182079560965 315
1694338347230 0.46768129829561156 316
1694338347256 0.46709543443429735 317
1694338347282 0.46648545828048293 318
1694338347309 0.46588003803207456 319
1694338347333 0.4652975546717197 320
1694338347368 0.4646863119843596 321
1694338347398 0.4641029718501447 322
1694338347425 0.463500964519474 323
1694338347449 0.4629267789944022 324
1694338347474 0.46234177105347857 325
1694338347499 0.46175367321999344 326
1694338347525 0.46115642269194956 327
1694338347553 0.46054120910625956 328
1694338347577 0.4599662415416246 329
1694338347603 0.4593712998142989 330
1694338347632 0.4588036018114689 331
1694338347724 0.4582308922577544 332
1694338347748 0.4576910622265248 333
1694338347776 0.4570946893417735 334
1694338347800 0.4565166800272685 335
1694338347824 0.45596782584668955 336
1694338347852 0.45543512947545495 337
1694338347882 0.45487369440592 338
1694338347907 0.45427805892454415 339
1694338347932 0.45367050651231283 340
1694338347957 0.453124994956266 341
1694338347982 0.45255923417606847 342
1694338348006 0.45202397880114964 343
1694338348030 0.451484883304946 344
1694338348055 0.45094091292136707 345
1694338348080 0.4504086390746727 346
1694338348106 0.44992543578645783 347
1694338348131 0.4494005391865896 348
1694338348156 0.44888231317065097 349
1694338348181 0.4483279964098362 350
1694338348205 0.44778606818825906 351
1694338348230 0.4472487224810604 352
1694338348255 0.44669207497346614 353
1694338348280 0.4461806914323011 354
1694338348309 0.44565992929996456 355
1694338348335 0.4451280399919289 356
1694338348359 0.44460335417768765 357
1694338348389 0.44407936604611686 358
1694338348413 0.4435601828217752 359
1694338348450 0.4430377431375986 360
1694338348474 0.4425028819480461 361
1694338348498 0.4420175681122494 362
1694338348525 0.44148763522109197 363
1694338348550 0.4409971508331416 364
1694338348574 0.4404936348725313 365
1694338348598 0.43999165201138224 366
1694338348624 0.43946181764139003 367
1694338348653 0.43896231857236834 368
1694338348678 0.4384698308446364 369
1694338348702 0.4379743122073891 370
1694338348727 0.4374708301418592 371
1694338348752 0.4369681340839479 372
1694338348777 0.43647206935383437 373
1694338348802 0.43596619144271753 374
1694338348829 0.4354724736210259 375
1694338348855 0.43502215394457827 376
1694338348886 0.4345120424584764 377
1694338348912 0.43401149840557357 378
1694338348937 0.43353185094265845 379
1694338348996 0.43303353542691825 380
1694338349019 0.43258054899654086 381
1694338349043 0.43209018930758636 382
1694338349095 0.43160492554751184 383
1694338349119 0.4311529053057795 384
1694338349142 0.4307237371863173 385
1694338349168 0.4302322101565132 386
1694338349196 0.4297741724529394 387
1694338349222 0.4293066820998556 388
1694338349248 0.4288336037960917 389
1694338349274 0.428397006047878 390
1694338349299 0.4279768449194068 391
1694338349326 0.427500173933346 392
1694338349352 0.42705116999357456 393
1694338349381 0.42658721642971914 394
1694338349405 0.4261218018353434 395
1694338349430 0.4256735477853474 396
1694338349456 0.4252070008480928 397
1694338349481 0.42473484657336663 398
1694338349507 0.42428108227548833 399
1694338349532 0.4238334850284634 400
1694338349557 0.42342624932597334 401
1694338349582 0.4229596513161635 402
1694338349607 0.42251427300080097 403
1694338349633 0.42209698065889195 404
1694338349660 0.42166964787094524 405
1694338349693 0.4211742556492681 406
1694338349736 0.4207371893096131 407
1694338349829 0.4202894684391113 408
1694338349853 0.41986894898891763 409
1694338349888 0.4194222691536696 410
1694338349912 0.4190112704438643 411
1694338349937 0.41858423064610706 412
1694338349961 0.418144945204004 413
1694338349986 0.41772713838135955 414
1694338350009 0.41730820627226756 415
1694338350033 0.4168965574604793 416
1694338350059 0.41648784695473523 417
1694338350083 0.41606342988519057 418
1694338350109 0.41560189690522276 419
1694338350135 0.4151584178526747 420
1694338350160 0.4147403686329855 421
1694338350184 0.4143680455634211 422
1694338350212 0.41394607259342814 423
1694338350236 0.41353623402843454 424
1694338350260 0.413124411228452 425
1694338350285 0.412728550908903 426
1694338350310 0.4123494909938906 427
1694338350337 0.41191653117190546 428
1694338350368 0.41151847505099237 429
1694338350396 0.4111142431468949 430
1694338350422 0.41070879682721323 431
1694338350449 0.4103020135182285 432
1694338350475 0.4098951232557579 433
1694338350501 0.40944218840436714 434
1694338350527 0.4090310226379965 435
1694338350556 0.4086179623914574 436
1694338350579 0.4082390078098521 437
1694338350602 0.40783588878200594 438
1694338350626 0.4074550340956718 439
1694338350651 0.40707037213597147 440
1694338350676 0.406666945211105 441
1694338350700 0.4062528657998414 442
1694338350726 0.4058555865797662 443
1694338350753 0.40544263479445103 444
1694338350903 0.40507727700868884 445
1694338350928 0.40468739600765957 446
1694338350955 0.4043045782965464 447
1694338350980 0.4039159884215812 448
1694338351038 0.4034875889486613 449
1694338351062 0.4031095036327803 450
1694338351085 0.40271470949957344 451
1694338351136 0.40232751089840946 452
1694338351159 0.40196028187133054 453
1694338351182 0.4015968667710269 454
1694338351205 0.4012016294225929 455
1694338351232 0.40082909175149284 456
1694338351257 0.4004570177316915 457
1694338351287 0.40007744072749557 458
1694338351311 0.3997231540241349 459
1694338351335 0.39935851685310175 460
1694338351366 0.3989893028780901 461
1694338351403 0.39861921300748515 462
1694338351428 0.3982294335325273 463
1694338351455 0.3978811407418226 464
1694338351482 0.39749531218695805 465
1694338351508 0.39712355983825276 466
1694338351537 0.3967543231157674 467
1694338351562 0.39637496570342085 468
1694338351587 0.3960173424320967 469
1694338351610 0.3956837880626501 470
1694338351638 0.39531350604094123 471
1694338351661 0.39496607553868335 472
1694338351686 0.3946269990095064 473
1694338351712 0.39425722573104227 474
1694338351740 0.39390953383670185 475
1694338351764 0.39358643165469775 476
1694338351788 0.39325767929294503 477
1694338351821 0.3929139140032212 478
1694338351871 0.39254906385001176 479
1694338351940 0.3922029751074783 480
1694338351966 0.3918479701582854 481
1694338351992 0.3915017901161656 482
1694338352015 0.3911724332505447 483
1694338352051 0.39082840751306336 484
1694338352075 0.39047380478803795 485
1694338352123 0.39011638050974196 486
1694338352147 0.38976673085755 487
1694338352173 0.38942017440156607 488
1694338352197 0.38908937461573495 489
1694338352221 0.3887467190564229 490
1694338352245 0.3884047021909166 491
1694338352271 0.3880829904914655 492
1694338352298 0.38775357952936007 493
1694338352322 0.38741890174535076 494
1694338352347 0.38707404767418224 495
1694338352380 0.38673806354350243 496
1694338352405 0.38639127849915345 497
1694338352428 0.38610097591239007 498
1694338352451 0.38578550334168027 499
1694338352476 0.38543949626545343 500
1694338352500 0.3851145935028706 501
1694338352528 0.38477333567877575 502
1694338352554 0.3844321365296751 503
1694338352579 0.38408308128447183 504
1694338352606 0.3837067388234431 505
1694338352630 0.383327878228723 506
1694338352657 0.3829836477321001 507
1694338352680 0.3826767907114059 508
1694338352703 0.3823261631290263 509
1694338352729 0.3819804286763837 510
1694338352752 0.3816281549750843 511
1694338352776 0.3812820772695055 512
1694338352799 0.38095223229215147 513
1694338352822 0.3806106510212866 514
1694338352847 0.3802819372575142 515
1694338352877 0.3799425596290334 516
1694338352900 0.37963331331927497 517
1694338352927 0.3793279263096508 518
1694338352953 0.3789812386101185 519
1694338352977 0.3786605040539713 520
1694338353001 0.37831547469566595 521
1694338353026 0.37800470611604275 522
1694338353087 0.37767997722945107 523
1694338353110 0.3773727076719341 524
1694338353135 0.3770634829047164 525
1694338353182 0.3767511595615389 526
1694338353205 0.37643557601279376 527
1694338353230 0.37610866198280646 528
1694338353254 0.37579354622844113 529
1694338353279 0.3754910018853956 530
1694338353302 0.3751943987209298 531
1694338353326 0.37489932726175423 532
1694338353350 0.3745925940592256 533
1694338353381 0.3742228595137144 534
1694338353408 0.3739409963743325 535
1694338353432 0.3736353471245213 536
1694338353456 0.3733108736498923 537
1694338353479 0.37300241412018265 538
1694338353505 0.37269902439148433 539
1694338353530 0.3723856858454035 540
1694338353555 0.37208424814528723 541
1694338353578 0.3717876407496144 542
1694338353601 0.3714835382970469 543
1694338353626 0.37114964367604175 544
1694338353650 0.370863837161878 545
1694338353678 0.3705614558605807 546
1694338353703 0.3702368334409697 547
1694338353728 0.3699124995866021 548
1694338353752 0.36960678697422206 549
1694338353776 0.36929008175208444 550
1694338353799 0.36899682499336556 551
1694338353824 0.36870932152779046 552
1694338353849 0.3684022535335978 553
1694338353880 0.3680815813263539 554
1694338353906 0.3677676046344423 555
1694338353941 0.36748276894793075 556
1694338353996 0.36718845183725535 557
1694338354044 0.3668964186668319 558
1694338354068 0.36659656771240684 559
1694338354094 0.3662896572540565 560
1694338354118 0.3659762783573668 561
1694338354143 0.36568467724220355 562
1694338354167 0.3653919353437782 563
1694338354191 0.36510731698190463 564
1694338354227 0.36481262820678273 565
1694338354251 0.3645151055163375 566
1694338354277 0.3642170153928154 567
1694338354301 0.3639219574968758 568
1694338354325 0.36362757444781013 569
1694338354349 0.36333399468296806 570
1694338354379 0.36303224259358013 571
1694338354407 0.3627359020495539 572
1694338354431 0.3624453336921352 573
1694338354456 0.36218841735030355 574
1694338354480 0.36190772096108176 575
1694338354505 0.3615827434201703 576
1694338354530 0.3613472907630437 577
1694338354555 0.36100628190017114 578
1694338354580 0.3607085627708208 579
1694338354608 0.360382459713177 580
1694338354633 0.36007788327755436 581
1694338354659 0.35980613445354026 582
1694338354683 0.35951853647109583 583
1694338354707 0.35924641593425166 584
1694338354737 0.3589339995891307 585
1694338354762 0.3586056139079453 586
1694338354786 0.3583348171925904 587
1694338354810 0.35802673763212844 588
1694338354835 0.35772691488453795 589
1694338354861 0.35743419321158904 590
1694338354890 0.3571560571817712 591
1694338354915 0.3568905052673723 592
1694338354940 0.35660618622981016 593
1694338354967 0.3563038425142251 594
1694338354992 0.3560503088463327 595
1694338355017 0.35576522840511077 596
1694338355148 0.35545572325598696 597
1694338355200 0.3551789332481511 598
1694338355224 0.3549009775088025 599
1694338355249 0.35461571117713436 600
1694338355274 0.35437262390450547 601
1694338355301 0.35410699274082214 602
1694338355324 0.3538097437193309 603
1694338355349 0.35353690521196596 604
1694338355380 0.3532516037715918 605
1694338355418 0.35296091357825776 606
1694338355440 0.35266927552023203 607
1694338355465 0.3523917836565599 608
1694338355490 0.3521008957395604 609
1694338355520 0.35181422952850055 610
1694338355546 0.35150977292707053 611
1694338355570 0.3512364204162055 612
1694338355594 0.3509494744984411 613
1694338355618 0.35067069062108264 614
1694338355644 0.35038964908141684 615
1694338355669 0.3501084217384343 616
1694338355694 0.349838136876595 617
1694338355718 0.3495705361353318 618
1694338355741 0.34929625439024165 619
1694338355766 0.34904391037563126 620
1694338355792 0.3487901112363104 621
1694338355824 0.34854717983080163 622
1694338355851 0.34827836306009535 623
1694338355880 0.3480111676343702 624
1694338355904 0.34776102599467706 625
1694338355928 0.34748340322317883 626
1694338355951 0.3472515237020451 627
1694338355976 0.3469993206699681 628
1694338356000 0.34674424187675723 629
1694338356024 0.34650328833951083 630
1694338356055 0.34624151707743295 631
1694338356090 0.3459888484326367 632
1694338356151 0.3457098861111147 633
1694338356201 0.3454451314777907 634
1694338356228 0.3451718574739253 635
1694338356250 0.34490599012744383 636
1694338356274 0.34462158044626773 637
1694338356302 0.34435424169985085 638
1694338356326 0.34409666354682356 639
1694338356356 0.3438433891595556 640
1694338356385 0.3435782935074321 641
1694338356411 0.34329440622108165 642
1694338356436 0.34304262167991895 643
1694338356459 0.3427802020954291 644
1694338356483 0.34256072497460005 645
1694338356508 0.3422876442350877 646
1694338356533 0.34201133949204426 647
1694338356557 0.34171561537970535 648
1694338356582 0.3414624093582135 649
1694338356607 0.34120423841799724 650
1694338356632 0.3409572374396932 651
1694338356658 0.34067445117804984 652
1694338356683 0.34044518552128544 653
1694338356708 0.34018862626258367 654
1694338356734 0.3399099669224313 655
1694338356761 0.33967142920546844 656
1694338356789 0.3394083212451425 657
1694338356816 0.3391403600918334 658
1694338356842 0.33890626705951055 659
1694338356874 0.33862884116392067 660
1694338356900 0.3383867705478598 661
1694338356925 0.33809370513433407 662
1694338356951 0.33784563461399675 663
1694338356978 0.33761155361405165 664
1694338357003 0.3373457024176783 665
1694338357029 0.3371062245483105 666
1694338357054 0.3368770183403029 667
1694338357079 0.3366402892677885 668
1694338357111 0.33641700749219333 669
1694338357173 0.3361752295621031 670
1694338357195 0.33593724877871367 671
1694338357246 0.3357041559013922 672
1694338357270 0.33544990738361596 673
1694338357293 0.3352462282228536 674
1694338357318 0.3349936667413738 675
1694338357345 0.3347362507674431 676
1694338357375 0.3344931754478421 677
1694338357398 0.3342521398088014 678
1694338357423 0.3339998335794703 679
1694338357450 0.3337260360700059 680
1694338357474 0.33347685351813283 681
1694338357499 0.3332108581742219 682
1694338357524 0.33295763037372583 683
1694338357549 0.3327074106462578 684
1694338357573 0.3324585072059202 685
1694338357600 0.3321956179653068 686
1694338357624 0.33194834561173236 687
1694338357648 0.33169305825788153 688
1694338357675 0.3314460780540432 689
1694338357698 0.331228820388686 690
1694338357723 0.3309937599922348 691
1694338357748 0.3307299161525393 692
1694338357774 0.3304648099320898 693
1694338357798 0.3302300344474229 694
1694338357823 0.32997646628943883 695
1694338357851 0.32974355111079506 696
1694338357881 0.3295015872753132 697
1694338357907 0.32925835143070414 698
1694338357931 0.3290259561720705 699
1694338357956 0.32878351495944386 700
1694338357981 0.32856502445980185 701
1694338358007 0.3283214360401197 702
1694338358030 0.3281062649937518 703
1694338358055 0.3278658636696766 704
1694338358080 0.3276101177351841 705
1694338358105 0.3273935350978254 706
1694338358129 0.3271526903030735 707
1694338358155 0.32693219235507676 708
1694338358242 0.32669427386546807 709
1694338358295 0.3264651580091866 710
1694338358320 0.3262395312520642 711
1694338358343 0.3259922890018546 712
1694338358375 0.32574125109034985 713
1694338358398 0.3255109163855585 714
1694338358423 0.32524996336853496 715
1694338358461 0.3250080138802577 716
1694338358484 0.3247660399125085 717
1694338358508 0.3245103780042413 718
1694338358533 0.3242959672051045 719
1694338358558 0.3240600392569362 720
1694338358582 0.3238258503563921 721
1694338358607 0.3235965607572227 722
1694338358631 0.323366183444732 723
1694338358658 0.32311112863903607 724
1694338358684 0.3228858925609093 725
1694338358706 0.322688936508776 726
1694338358731 0.32243908729960163 727
1694338358755 0.322187750371946 728
1694338358780 0.3219591022716656 729
1694338358805 0.3217295721765119 730
1694338358828 0.3214965167078531 731
1694338358853 0.3212616689519545 732
1694338358879 0.3210201715802443 733
1694338358909 0.32077003457223824 734
1694338358933 0.32053710408125957 735
1694338358959 0.3202987875768089 736
1694338358984 0.3200751849358748 737
1694338359009 0.3198576073695025 738
1694338359033 0.3196306872367362 739
1694338359056 0.3194494151826087 740
1694338359080 0.31921167600153055 741
1694338359105 0.31897302283117873 742
1694338359129 0.3187451015177402 743
1694338359155 0.31854034571872586 744
1694338359178 0.31831876448694973 745
1694338359261 0.3180738926043079 746
1694338359285 0.31785929093558457 747
1694338359311 0.3176488021669694 748
1694338359335 0.3174482258690708 749
1694338359364 0.3172201168320897 750
1694338359388 0.317007730622284 751
1694338359412 0.31677385781821 752
1694338359446 0.31652193096005216 753
1694338359471 0.3163314678344381 754
1694338359494 0.31611889451150066 755
1694338359517 0.31593066643397194 756
1694338359542 0.3157111506242473 757
1694338359566 0.31549579363078556 758
1694338359591 0.3152738836134655 759
1694338359615 0.31502805685301283 760
1694338359639 0.3148138487304672 761
1694338359665 0.3145740036548469 762
1694338359688 0.31434915644642564 763
1694338359710 0.3141617767899079 764
1694338359734 0.3139231416612682 765
1694338359760 0.3137103517226992 766
1694338359785 0.3134730082461796 767
1694338359810 0.3132601309816804 768
1694338359839 0.31306262722761113 769
1694338359866 0.312854344374312 770
1694338359891 0.3126507541414312 771
1694338359915 0.3124364318358379 772
1694338359940 0.31220469073809604 773
1694338359964 0.3119975927467483 774
1694338359988 0.31177473522333604 775
1694338360012 0.31158109132735834 776
1694338360036 0.3113789870860897 777
1694338360059 0.3111738161405931 778
1694338360086 0.3109488981923338 779
1694338360110 0.31071158161024176 780
1694338360133 0.31049335303205566 781
1694338360158 0.3102719638310616 782
1694338360183 0.310051611980575 783
1694338360209 0.30981058615215573 784
1694338360235 0.30958933477542233 785
1694338360261 0.30938996990033474 786
1694338360294 0.309180709316672 787
1694338360407 0.30894972358386813 788
1694338360433 0.30874989679359977 789
1694338360458 0.3085513912702611 790
1694338360485 0.3083337180058454 791
1694338360508 0.3081559517347889 792
1694338360530 0.3079343544727453 793
1694338360555 0.3077410663498119 794
1694338360579 0.3075261383602295 795
1694338360603 0.30733056058835423 796
1694338360627 0.30712637381333435 797
1694338360653 0.30691817839276575 798
1694338360679 0.3067068445458965 799
1694338360703 0.3065039532451483 800
1694338360727 0.30631075969255767 801
1694338360750 0.3060956939219691 802
1694338360776 0.3058859445375143 803
1694338360800 0.30564531444296644 804
1694338360825 0.30543843009983207 805
1694338360850 0.3052295548254665 806
1694338360882 0.3050472071150682 807
1694338360906 0.3048369912053583 808
1694338360933 0.304634583280856 809
1694338360959 0.30445569098392866 810
1694338360982 0.3042226479455535 811
1694338361009 0.30401504473450114 812
1694338361033 0.30380588920562984 813
1694338361057 0.3035984007500669 814
1694338361080 0.30340171436541447 815
1694338361106 0.30319510957951595 816
1694338361130 0.30299104851087744 817
1694338361155 0.30278043501645235 818
1694338361181 0.30259010534017944 819
1694338361207 0.30237366122965287 820
1694338361265 0.3021828127264729 821
1694338361315 0.3019764910015765 822
1694338361344 0.3017510950280453 823
1694338361373 0.3015612049311809 824
1694338361397 0.3013579015750386 825
1694338361421 0.3011457369409698 826
1694338361446 0.3009593268164494 827
1694338361471 0.30077512254446875 828
1694338361498 0.30055297173818 829
1694338361522 0.3003690761169824 830
1694338361548 0.30015774878183044 831
1694338361572 0.2999565428454204 832
1694338361596 0.2997485929004119 833
1694338361620 0.29954083994466346 834
1694338361651 0.29937039804541543 835
1694338361678 0.2991598448094043 836
1694338361702 0.29894111180030886 837
1694338361727 0.298746557203964 838
1694338361752 0.298549422723771 839
1694338361777 0.29836317004545526 840
1694338361804 0.2981760321893378 841
1694338361828 0.29797667596272415 842
1694338361853 0.2977727473391551 843
1694338361885 0.29758019810061115 844
1694338361910 0.2973901152286914 845
1694338361936 0.2972202895557224 846
1694338361974 0.29702402230907216 847
1694338362001 0.29679662042209143 848
1694338362025 0.2966103994439792 849
1694338362050 0.29643590971168016 850
1694338362074 0.29622948044351394 851
1694338362099 0.29601905690694685 852
1694338362124 0.29581335157477917 853
1694338362149 0.29562530856746 854
1694338362174 0.2954431233226693 855
1694338362197 0.29526561984359617 856
1694338362221 0.2950678128234581 857
1694338362244 0.29486283647010725 858
1694338362268 0.2946738289902291 859
1694338362293 0.29446760356888746 860
1694338362316 0.29427738729837133 861
1694338362340 0.2940464892843263 862
1694338362377 0.29385111804818964 863
1694338362409 0.2936597599696283 864
1694338362437 0.29346134626355364 865
1694338362530 0.29326307274582963 866
1694338362554 0.2930707073514 867
1694338362581 0.29290441845739273 868
1694338362605 0.29271813876705916 869
1694338362629 0.2924977612324396 870
1694338362654 0.29230457170201174 871
1694338362679 0.29209647403871886 872
1694338362705 0.2918910793092422 873
1694338362729 0.29170376600281267 874
1694338362752 0.2915214736773238 875
1694338362778 0.29133081906961494 876
1694338362802 0.29113962932177356 877
1694338362828 0.29097472601867647 878
1694338362851 0.29079008464505157 879
1694338362878 0.29060667383186295 880
1694338362908 0.2904081481374571 881
1694338362962 0.2902099009735313 882
1694338362984 0.29000951757968124 883
1694338363007 0.2898336496058032 884
1694338363031 0.2896321617398553 885
1694338363058 0.2894637415520607 886
1694338363082 0.2892796802151044 887
1694338363107 0.2890887575453523 888
1694338363132 0.2888930830699267 889
1694338363157 0.2887153724464762 890
1694338363181 0.28854282646966406 891
1694338363207 0.2883516199005792 892
1694338363231 0.28816021479483167 893
1694338363255 0.2879617577099779 894
1694338363340 0.28778866127137936 895
1694338363368 0.2876191080503815 896
1694338363397 0.28741522117390544 897
1694338363423 0.2872126190105007 898
1694338363458 0.2870078228772491 899
1694338363482 0.2868400632584779 900
1694338363510 0.2866648624993339 901
1694338363589 0.28651237735782475 902
1694338363650 0.2863099342576732 903
1694338363673 0.2861109728574924 904
1694338363697 0.28594876368932604 905
1694338363725 0.28575304855323375 906
1694338363751 0.285564976044442 907
1694338363777 0.28538012820467673 908
1694338363803 0.2851968101512316 909
1694338363828 0.2850123448121476 910
1694338363851 0.2848435688228638 911
1694338363883 0.28466301756460377 912
1694338363909 0.2844851353257853 913
1694338363935 0.28428978884221173 914
1694338363962 0.28408527652551563 915
1694338363992 0.2839000796513946 916
1694338364015 0.2837101938432931 917
1694338364041 0.2835205258713486 918
1694338364065 0.2833231116795318 919
1694338364091 0.28315314045047746 920
1694338364115 0.2829832801792457 921
1694338364140 0.28279735667251943 922
1694338364164 0.2826199172396012 923
1694338364188 0.28243168861345325 924
1694338364213 0.28224088723539875 925
1694338364241 0.2820668202403715 926
1694338364269 0.281865400439272 927
1694338364292 0.2816781139195095 928
1694338364318 0.28150911587132116 929
1694338364342 0.2813388158929822 930
1694338364372 0.2811638275385171 931
1694338364397 0.2809735657829335 932
1694338364423 0.28079703808274153 933
1694338364447 0.2806054516335847 934
1694338364472 0.28041836969794526 935
1694338364496 0.28025224903297635 936
1694338364537 0.28007966930317146 937
1694338364589 0.2799035641197217 938
1694338364636 0.27973140484202985 939
1694338364671 0.27954360909422216 940
1694338364695 0.2793653129334694 941
1694338364719 0.27918620772176816 942
1694338364743 0.2790051499643775 943
1694338364768 0.2788062504601814 944
1694338364791 0.2786221548376562 945
1694338364816 0.27844616330148536 946
1694338364839 0.27829911406242236 947
1694338364870 0.27813017487643327 948
1694338364894 0.27793257870664306 949
1694338364920 0.2777594916298634 950
1694338364943 0.2775636572926724 951
1694338364969 0.2773749093122913 952
1694338364995 0.27720358247802573 953
1694338365018 0.2770279715002207 954
1694338365043 0.27683507759927944 955
1694338365068 0.27664041308415727 956
1694338365093 0.27646749374963914 957
1694338365118 0.27629158231249745 958
1694338365143 0.27610504104850764 959
1694338365167 0.2759247207264628 960
1694338365196 0.2757549740143171 961
1694338365222 0.27558602375602986 962
1694338365246 0.2753947709735491 963
1694338365270 0.2752235151311065 964
1694338365295 0.27504139192001176 965
1694338365379 0.27487282382416345 966
1694338365402 0.2747149564527609 967
1694338365429 0.2745476410293799 968
1694338365454 0.27437281729646057 969
1694338365478 0.27420305569063425 970
1694338365502 0.274038279222973 971
1694338365528 0.273874887901201 972
1694338365555 0.27370467135369264 973
1694338365578 0.2735362959946885 974
1694338365605 0.2733547208798283 975
1694338365632 0.2731855314518945 976
1694338365655 0.27302412026887196 977
1694338365680 0.27287697143432904 978
1694338365704 0.2727114268305536 979
1694338365727 0.27254783612954187 980
1694338365751 0.2723815862004111 981
1694338365775 0.27222408610747156 982
1694338365801 0.2720798463514661 983
1694338365825 0.2719379139615707 984
1694338365849 0.27178480118487897 985
1694338365880 0.2716039145575053 986
1694338365908 0.271419056379877 987
1694338365936 0.2712464908715303 988
1694338365962 0.27107882231780245 989
1694338365989 0.2708954239260089 990
1694338366013 0.27076282685318304 991
1694338366036 0.270599245605411 992
1694338366060 0.27040054948384745 993
1694338366083 0.27023640350936107 994
1694338366107 0.27007074177737006 995
1694338366131 0.2699124957003214 996
1694338366156 0.26973408368719776 997
1694338366178 0.269568003658913 998
1694338366203 0.26940620453371794 999
1694338366228 0.26922590759808673 1000
1694338366253 0.26906308398202633 1001
1694338366279 0.2688912068372714 1002
1694338366303 0.2687275709216067 1003
1694338366328 0.2685736780515196 1004
1694338366352 0.26837571895561596 1005
1694338366382 0.2682255500048173 1006
1694338366406 0.26809175370849386 1007
1694338366434 0.2679373638331443 1008
1694338366459 0.26778911021023577 1009
1694338366484 0.26761489188958154 1010
1694338366510 0.2674435959951488 1011
1694338366538 0.26726328193257554 1012
1694338366562 0.2671097937299646 1013
1694338366585 0.26694407930051883 1014
1694338366608 0.2667709547231134 1015
1694338366631 0.2666328719894238 1016
1694338366681 0.2664764409958262 1017
1694338366726 0.26630231417549904 1018
1694338366778 0.2661399468160033 1019
1694338366802 0.26598300094445526 1020
1694338366826 0.2658430068731861 1021
1694338366864 0.2656799773759099 1022
1694338366895 0.2655125541962044 1023
1694338366918 0.26534314510282275 1024
1694338366943 0.2652017453040235 1025
1694338366966 0.26503936305058734 1026
1694338366992 0.2648692276092909 1027
1694338367015 0.2647263442427752 1028
1694338367047 0.2645519605408578 1029
1694338367071 0.2643905123712499 1030
1694338367094 0.26423519257258266 1031
1694338367119 0.26408592680323867 1032
1694338367144 0.26392132374854294 1033
1694338367168 0.26375781830403244 1034
1694338367194 0.2635684051013049 1035
1694338367219 0.263420818875913 1036
1694338367244 0.263251766017204 1037
1694338367269 0.2630747733807297 1038
1694338367301 0.26289949167456883 1039
1694338367327 0.26273281541250365 1040
1694338367397 0.2625665500985262 1041
1694338367431 0.2624149754862912 1042
1694338367455 0.26224389110336616 1043
1694338367490 0.2620819945122187 1044
1694338367513 0.2619111587727669 1045
1694338367538 0.26174617205311285 1046
1694338367564 0.26156760469208135 1047
1694338367586 0.2613850169227873 1048
1694338367609 0.26124474718217183 1049
1694338367634 0.2610813508280125 1050
1694338367659 0.2609121412663343 1051
1694338367685 0.26073483391685787 1052
1694338367711 0.2605704780966182 1053
1694338367736 0.2604262302362276 1054
1694338367758 0.26025979418963585 1055
1694338367783 0.26010322285385895 1056
1694338367808 0.25995489300591523 1057
1694338367832 0.2598078803107819 1058
1694338367856 0.2596575445389543 1059
1694338367889 0.25951578869839986 1060
1694338367915 0.2593603003722721 1061
1694338367943 0.2591947493413971 1062
1694338367969 0.25904379398513666 1063
1694338368000 0.25887979455314514 1064
1694338368026 0.2587271622209575 1065
1694338368057 0.25856890056678217 1066
1694338368084 0.25840318936657525 1067
1694338368110 0.25823849963088435 1068
1694338368137 0.25808700343660557 1069
1694338368163 0.257946595906962 1070
1694338368188 0.2577914436837571 1071
1694338368212 0.25765047590587803 1072
1694338368241 0.25748743127483953 1073
1694338368266 0.25733396497919353 1074
1694338368292 0.25718094789997603 1075
1694338368316 0.257025483579651 1076
1694338368342 0.25687732883063114 1077
1694338368371 0.25671114050904076 1078
1694338368397 0.2565644208445959 1079
1694338368422 0.25640972873544116 1080
1694338368454 0.25624297672149976 1081
1694338368485 0.25607794846805426 1082
1694338368508 0.2559308355659071 1083
1694338368532 0.25576964942190655 1084
1694338368557 0.2556292408195184 1085
1694338368580 0.25546997518021597 1086
1694338368603 0.25530485660449065 1087
1694338368627 0.25516404770695894 1088
1694338368651 0.255033143526921 1089
1694338368676 0.2548781078602018 1090
1694338368699 0.2547212791430732 1091
1694338368724 0.25457804776753773 1092
1694338368748 0.2544396563560682 1093
1694338368782 0.25430429619081424 1094
1694338368809 0.2541471390644917 1095
1694338368899 0.2539930750210472 1096
1694338368924 0.2538367813082994 1097
1694338368950 0.2536922806320853 1098
1694338368974 0.2535639912921045 1099
1694338369009 0.2534135145083188 1100
1694338369032 0.2532832372583714 1101
1694338369055 0.2531248768207406 1102
1694338369079 0.25296380858216594 1103
1694338369104 0.2528152740479731 1104
1694338369128 0.2526579516267778 1105
1694338369154 0.25250492617423076 1106
1694338369178 0.25235883925948516 1107
1694338369203 0.25220310232696086 1108
1694338369226 0.2520468259507095 1109
1694338369253 0.25190866241163923 1110
1694338369277 0.25175589948550847 1111
1694338369301 0.25160095860537823 1112
1694338369323 0.25148518405181924 1113
1694338369347 0.25134322132265335 1114
1694338369378 0.251189922561148 1115
1694338369460 0.25104412830352496 1116
1694338369483 0.25088282173405996 1117
1694338369507 0.25074497162346826 1118
1694338369529 0.2506120602022218 1119
1694338369554 0.25046232233708454 1120
1694338369579 0.2503199354262582 1121
1694338369603 0.25016891688826887 1122
1694338369625 0.2500006013061527 1123
1694338369649 0.249860915211414 1124
1694338369674 0.24970688674517272 1125
1694338369699 0.24954542824787537 1126
1694338369722 0.24942342622478994 1127
1694338369744 0.24928753028109416 1128
1694338369766 0.24911789324934525 1129
1694338369791 0.24896433922467795 1130
1694338369815 0.24881800514648206 1131
1694338369840 0.2486641443700182 1132
1694338369867 0.2485287598820542 1133
1694338369892 0.24837754126319772 1134
1694338369917 0.24821378765543453 1135
1694338369942 0.2480696949562148 1136
1694338369965 0.24792670714156873 1137
1694338369989 0.24778804876235933 1138
1694338370013 0.247643758717473 1139
1694338370041 0.24749845816745117 1140
1694338370065 0.24734237958349076 1141
1694338370088 0.2472031968966736 1142
1694338370111 0.24707687951327645 1143
1694338370137 0.24693413931293456 1144
1694338370161 0.24679620472447925 1145
1694338370184 0.24665810903919147 1146
1694338370208 0.2465343489049212 1147
1694338370233 0.24638149261282982 1148
1694338370258 0.24626299089272702 1149
1694338370282 0.24611386116207892 1150
1694338370307 0.24596912961959777 1151
1694338370331 0.24581716050828945 1152
1694338370357 0.24567590996046584 1153
1694338370385 0.24553514144844296 1154
1694338370408 0.24540259787925053 1155
1694338370433 0.24525267037992118 1156
1694338370456 0.24512078036239274 1157
1694338370481 0.24497999359695594 1158
1694338370505 0.244855187177211 1159
1694338370529 0.24471205635637902 1160
1694338370557 0.24456911097393308 1161
1694338370583 0.24441314486714064 1162
1694338370606 0.24426916591808537 1163
1694338370629 0.2441342207612117 1164
1694338370661 0.2439935487341995 1165
1694338370684 0.2438568408614933 1166
1694338370707 0.2437342508767928 1167
1694338370731 0.2435710502275186 1168
1694338370755 0.24341882236104415 1169
1694338370778 0.24329394614680352 1170
1694338370804 0.2431576659678287 1171
1694338370829 0.243009860592507 1172
1694338370856 0.24287830695170384 1173
1694338370893 0.24273419930824697 1174
1694338370946 0.24259756119043696 1175
1694338370987 0.242451424852406 1176
1694338371012 0.242305624839218 1177
1694338371039 0.2421680982366141 1178
1694338371063 0.24201034022489176 1179
1694338371088 0.24186582654159877 1180
1694338371111 0.24171200323458564 1181
1694338371134 0.2415642514424681 1182
1694338371159 0.24142622425836935 1183
1694338371183 0.24127597270782253 1184
1694338371207 0.24113511343664315 1185
1694338371231 0.24099315462751156 1186
1694338371256 0.24084202257110923 1187
1694338371282 0.24071582385707008 1188
1694338371306 0.24058723870875812 1189
1694338371330 0.24043532222435512 1190
1694338371354 0.24029819580244832 1191
1694338371383 0.2401785009691682 1192
1694338371409 0.24004709667600807 1193
1694338371490 0.2398941041681353 1194
1694338371512 0.23976749677041065 1195
1694338371535 0.23963530931940993 1196
1694338371561 0.2395103569236609 1197
1694338371585 0.23937179291559318 1198
1694338371610 0.2392264013289563 1199
1694338371633 0.23909227143654965 1200
1694338371658 0.23895537359148306 1201
1694338371682 0.23883636432789657 1202
1694338371705 0.23871247515755484 1203
1694338371731 0.23856453660715324 1204
1694338371755 0.23842098878344253 1205
1694338371781 0.23827635313803935 1206
1694338371823 0.23814813754439285 1207
1694338371846 0.23801464114742993 1208
1694338371874 0.237903623428153 1209
1694338371901 0.2377621811638426 1210
1694338371926 0.237613396768782 1211
1694338371951 0.2374747700508215 1212
1694338371977 0.23733924569253298 1213
1694338372001 0.2372053554302177 1214
1694338372025 0.23706353491325108 1215
1694338372050 0.236941561169322 1216
1694338372079 0.2368204851314105 1217
1694338372104 0.23667366612384727 1218
1694338372129 0.23653996610550376 1219
1694338372156 0.2364053101082317 1220
1694338372181 0.23626650006110056 1221
1694338372207 0.2361341827905262 1222
1694338372232 0.23601186932042717 1223
1694338372256 0.23586310296546686 1224
1694338372282 0.23572092755019752 1225
1694338372309 0.23558929999349748 1226
1694338372336 0.23545410690404295 1227
1694338372361 0.23531490679433972 1228
1694338372391 0.2351811894187093 1229
1694338372416 0.23504101899004579 1230
1694338372442 0.23492912605129074 1231
1694338372468 0.23479250976522445 1232
1694338372494 0.23464589407392855 1233
1694338372519 0.23452547825335476 1234
1694338372545 0.23438095087469335 1235
1694338372571 0.23424107934805044 1236
1694338372601 0.23410270037226608 1237
1694338372623 0.23395992225198076 1238
1694338372647 0.23382863042166507 1239
1694338372672 0.23369541961995116 1240
1694338372696 0.23356253738185007 1241
1694338372720 0.23343750222225898 1242
1694338372745 0.23328699314007786 1243
1694338372769 0.2331573342106958 1244
1694338372794 0.23302425579397792 1245
1694338372818 0.23287680889335308 1246
1694338372844 0.23274749980463239 1247
1694338372868 0.23261791391531828 1248
1694338372896 0.2324947427476311 1249
1694338372922 0.23235031727932917 1250
1694338372948 0.2322188779656623 1251
1694338372971 0.23209194800360422 1252
1694338373046 0.23196689923384198 1253
1694338373070 0.2318401941810237 1254
1694338373111 0.2317126199827398 1255
1694338373133 0.23158192467271832 1256
1694338373158 0.23145617955427875 1257
1694338373181 0.23134427318717773 1258
1694338373206 0.23120837535536906 1259
1694338373231 0.23109520789428778 1260
1694338373257 0.23096040306472318 1261
1694338373283 0.2308306481473806 1262
1694338373307 0.2307105783549299 1263
1694338373332 0.23059166264694186 1264
1694338373359 0.23047554086274805 1265
1694338373386 0.23035953461205674 1266
1694338373409 0.2302374745871366 1267
1694338373437 0.2301007420882304 1268
1694338373462 0.22996959234335923 1269
1694338373540 0.22984080474604004 1270
1694338373564 0.22969682957735835 1271
1694338373586 0.22957286578695985 1272
1694338373617 0.22943461763794262 1273
1694338373644 0.22930858742242374 1274
1694338373666 0.2291834545553362 1275
1694338373691 0.22905849949704507 1276
1694338373715 0.22894068113802796 1277
1694338373738 0.22879686568040603 1278
1694338373762 0.22868295933200078 1279
1694338373786 0.228560775392721 1280
1694338373814 0.22843507996299836 1281
1694338373836 0.22831626830369905 1282
1694338373866 0.22817775863129952 1283
1694338373890 0.22804791331338686 1284
1694338373914 0.22792858917487918 1285
1694338373939 0.2277856811879702 1286
1694338373963 0.22767073181241604 1287
1694338373987 0.22753962992673665 1288
1694338374012 0.22741247016710994 1289
1694338374036 0.22728876925143265 1290
1694338374060 0.22714659008075871 1291
1694338374085 0.22702585074871404 1292
1694338374112 0.22691466142919203 1293
1694338374136 0.2267992430895697 1294
1694338374161 0.22667444759127622 1295
1694338374185 0.22653985405156338 1296
1694338374210 0.22640556227801206 1297
1694338374234 0.22627320729360545 1298
1694338374261 0.22615052338737368 1299
1694338374285 0.22601497923140879 1300
1694338374311 0.22590432386216278 1301
1694338374338 0.22577061819150177 1302
1694338374361 0.225639305037187 1303
1694338374398 0.22550532809444496 1304
1694338374430 0.22537106709480415 1305
1694338374455 0.22523350683026527 1306
1694338374480 0.22511083083416855 1307
1694338374503 0.22498487702589945 1308
1694338374527 0.22484941033015543 1309
1694338374551 0.22471217744280353 1310
1694338374576 0.2245681886454589 1311
1694338374602 0.22444186548708003 1312
1694338374631 0.22431783983402734 1313
1694338374655 0.2242029810131861 1314
1694338374678 0.2240727958439606 1315
1694338374703 0.2239509274347547 1316
1694338374726 0.22382709263738695 1317
1694338374749 0.223707715283983 1318
1694338374772 0.22359286938946726 1319
1694338374796 0.2234619725090115 1320
1694338374819 0.2233428558704082 1321
1694338374843 0.22321105629420207 1322
1694338374881 0.22309960480699084 1323
1694338374909 0.2229892621266398 1324
1694338374934 0.2228601947098585 1325
1694338374958 0.22273807299759185 1326
1694338374982 0.22263046002805753 1327
1694338375006 0.22248458947864047 1328
1694338375031 0.22235658758290774 1329
1694338375055 0.22222951344537917 1330
1694338375079 0.2221048614207335 1331
1694338375117 0.2219782776959588 1332
1694338375201 0.2218505618258699 1333
1694338375224 0.2217283938989921 1334
1694338375250 0.22161234903552704 1335
1694338375298 0.22149004988895854 1336
1694338375322 0.22136713613600809 1337
1694338375347 0.22124301198215854 1338
1694338375389 0.2211214591892588 1339
1694338375415 0.22098745140499074 1340
1694338375439 0.2208870273072811 1341
1694338375465 0.22076390361661288 1342
1694338375491 0.22064380256949517 1343
1694338375523 0.2205225861659215 1344
1694338375584 0.22041348895404045 1345
1694338375607 0.2203055567719878 1346
1694338375633 0.2201873134262059 1347
1694338375661 0.22005234557224795 1348
1694338375689 0.21991192297602255 1349
1694338375716 0.21978274017947874 1350
1694338375739 0.21966080302208746 1351
1694338375762 0.21952719531859702 1352
1694338375788 0.2194176567536182 1353
1694338375812 0.2192918732921193 1354
1694338375835 0.2191772441559647 1355
1694338375858 0.21907833706433377 1356
1694338375888 0.21896387396855083 1357
1694338375914 0.2188460030862035 1358
1694338375938 0.21872905524319042 1359
1694338375961 0.21860661675458432 1360
1694338375985 0.21847342416082594 1361
1694338376009 0.21834524523555857 1362
1694338376033 0.2182163050097615 1363
1694338376057 0.21809523788332655 1364
1694338376081 0.21797409028274486 1365
1694338376105 0.21785267751957813 1366
1694338376128 0.21773727912741006 1367
1694338376155 0.21761503639458438 1368
1694338376182 0.21750977039818706 1369
1694338376206 0.21739239160499202 1370
1694338376229 0.2172686025641206 1371
1694338376252 0.21715876403885134 1372
1694338376280 0.21703374329818073 1373
1694338376304 0.21690782432008732 1374
1694338376327 0.21679429135474704 1375
1694338376350 0.21667186692126228 1376
1694338376381 0.21655179452953838 1377
1694338376405 0.21642405301990972 1378
1694338376430 0.21629608035184314 1379
1694338376455 0.21617291897939828 1380
1694338376479 0.21605486896206622 1381
1694338376509 0.21593998365825734 1382
1694338376531 0.21582314777532727 1383
1694338376553 0.21570686821591628 1384
1694338376577 0.21558779414704352 1385
1694338376601 0.21546353658162215 1386
1694338376625 0.21533254025100798 1387
1694338376650 0.21521280769186496 1388
1694338376673 0.21510058802812768 1389
1694338376700 0.21497845598789966 1390
1694338376727 0.21486939600347485 1391
1694338376749 0.21475570801029825 1392
1694338376773 0.21464284113803686 1393
1694338376796 0.21453199633173867 1394
1694338376821 0.2144176217100464 1395
1694338376844 0.2143022539591962 1396
1694338376869 0.2141777536348134 1397
1694338376896 0.21407060532959604 1398
1694338376920 0.21395853958763927 1399
1694338376945 0.21385719497733688 1400
1694338376970 0.21374080490151248 1401
1694338376995 0.21364479221131774 1402
1694338377019 0.21352913653907898 1403
1694338377045 0.21341355478583396 1404
1694338377069 0.2133065839646164 1405
1694338377092 0.21320869424775465 1406
1694338377116 0.2130969294655037 1407
1694338377141 0.21298012649682063 1408
1694338377167 0.21285482471250458 1409
1694338377192 0.21275195103185082 1410
1694338377231 0.21265402477193787 1411
1694338377307 0.2125359399038787 1412
1694338377331 0.2124160593327601 1413
1694338377355 0.212299469522853 1414
1694338377385 0.21218504127274762 1415
1694338377410 0.21207997042190257 1416
1694338377433 0.21194742857016513 1417
1694338377457 0.2118291852679569 1418
1694338377480 0.21171602633032474 1419
1694338377505 0.21159349918125306 1420
1694338377530 0.211483152315854 1421
1694338377554 0.21137963086207118 1422
1694338377622 0.21125803216810346 1423
1694338377645 0.2111390212968155 1424
1694338377673 0.211010153526891 1425
1694338377699 0.21090437050177355 1426
1694338377724 0.21078822966794955 1427
1694338377748 0.21065557023427814 1428
1694338377772 0.21053613972657914 1429
1694338377797 0.21042526926265498 1430
1694338377822 0.21030877493796224 1431
1694338377846 0.2101887080948673 1432
1694338377875 0.21006096004544317 1433
1694338377899 0.20993957188832976 1434
1694338377925 0.20983128177863228 1435
1694338377950 0.20969735731723887 1436
1694338377974 0.2095885652980854 1437
1694338377997 0.209478350055988 1438
1694338378021 0.20937906362014747 1439
1694338378046 0.2092760795835829 1440
1694338378070 0.20915346618911854 1441
1694338378094 0.20905523296406545 1442
1694338378118 0.208941770461204 1443
1694338378142 0.2088330062634352 1444
1694338378167 0.20873047420335716 1445
1694338378191 0.20862125969323883 1446
1694338378220 0.20848438373962272 1447
1694338378248 0.20837461450034378 1448
1694338378270 0.20825997225249243 1449
1694338378294 0.20815956115513454 1450
1694338378321 0.20804087025564175 1451
1694338378345 0.20791410260092869 1452
1694338378375 0.2078127685130207 1453
1694338378401 0.2076982785486169 1454
1694338378425 0.2075814949279082 1455
1694338378448 0.20747243673653462 1456
1694338378485 0.20735887287278457 1457
1694338378508 0.20725451610594764 1458
1694338378532 0.20714213629346148 1459
1694338378556 0.20703426485818271 1460
1694338378580 0.20692930582137173 1461
1694338378605 0.20682492208785377 1462
1694338378630 0.20670248347453146 1463
1694338378655 0.20659881602467375 1464
1694338378682 0.20648878316890085 1465
1694338378707 0.20637043574355118 1466
1694338378736 0.20626720982730903 1467
1694338378761 0.20615804121114173 1468
1694338378785 0.20604091879213443 1469
1694338378809 0.20593581036320124 1470
1694338378833 0.20582624652919707 1471
1694338378860 0.20572252923502893 1472
1694338378886 0.2056156188755487 1473
1694338378913 0.20549854506648235 1474
1694338378939 0.2053833901340973 1475
1694338378966 0.20528147869350785 1476
1694338378991 0.20518281313093467 1477
1694338379016 0.20506337633408142 1478
1694338379040 0.2049523169142141 1479
1694338379065 0.20485288309570485 1480
1694338379093 0.20473819037950886 1481
1694338379116 0.2046506931945824 1482
1694338379141 0.20453932490661275 1483
1694338379167 0.204432421791478 1484
1694338379194 0.20432304711384325 1485
1694338379222 0.20423287178562832 1486
1694338379247 0.2041318061590108 1487
1694338379275 0.20402202115047796 1488
1694338379381 0.20390434465537938 1489
1694338379409 0.2037869324873235 1490
1694338379432 0.20369670358669445 1491
1694338379457 0.20358071029455738 1492
1694338379481 0.2034691161727187 1493
1694338379515 0.20336232491784964 1494
1694338379539 0.20324527481324922 1495
1694338379563 0.2031457310726947 1496
1694338379588 0.20304320236603626 1497
1694338379611 0.2029335029439507 1498
1694338379673 0.2028270574849383 1499
1694338380039 0.20304320236603626 1500
