1694241393109 1.8723039239866204 0
1694241393135 1.8055854266793834 1
1694241393163 1.7482343614107392 2
1694241393205 1.695182507710944 3
1694241393237 1.6468532683585917 4
1694241393262 1.6022436671072744 5
1694241393291 1.5611399953228766 6
1694241393315 1.5227789251630477 7
1694241393342 1.4862883968962506 8
1694241393370 1.452145155296838 9
1694241393400 1.4195351733800494 10
1694241393425 1.3888757280851436 11
1694241393636 1.3597171938397234 12
1694241393801 1.3319431621323716 13
1694241393826 1.3055967427741155 14
1694241393851 1.280504458273396 15
1694241393877 1.255963665796104 16
1694241393906 1.2329564165375477 17
1694241393939 1.21077075563427 18
1694241393970 1.1896203705130004 19
1694241393999 1.169564196491353 20
1694241394026 1.1496285574990435 21
1694241394052 1.1306478683752874 22
1694241394081 1.1127658878903801 23
1694241394108 1.0953156819181467 24
1694241394134 1.0785911919335462 25
1694241394159 1.0623116262204113 26
1694241394186 1.046500558247025 27
1694241394216 1.031239526151284 28
1694241394243 1.0165148392194117 29
1694241394272 1.0024528431542445 30
1694241394306 0.9887501177719743 31
1694241394336 0.9754711689290542 32
1694241394362 0.9626604378848465 33
1694241394388 0.9504826050613916 34
1694241394415 0.938626294216464 35
1694241394451 0.927011637125778 36
1694241394476 0.9157878240491093 37
1694241394502 0.9050826595585889 38
1694241394527 0.894636096537696 39
1694241394558 0.8844853848997206 40
1694241394584 0.8745300937612351 41
1694241394610 0.8651512715853651 42
1694241394636 0.855894878907004 43
1694241394660 0.846813365631458 44
1694241394691 0.8378845057999914 45
1694241394717 0.8290134448480215 46
1694241394743 0.8207966415897646 47
1694241394771 0.8125477556257453 48
1694241394813 0.8047918628990979 49
1694241394841 0.7970136454184228 50
1694241394866 0.7896708062225751 51
1694241394892 0.78245605402016 52
1694241394921 0.7754724440786973 53
1694241394961 0.7686518550014213 54
1694241394992 0.761934203540695 55
1694241395043 0.7554277975610643 56
1694241395067 0.7491567408975554 57
1694241395098 0.7429312046698203 58
1694241395170 0.736863209687562 59
1694241395212 0.731001944346112 60
1694241395248 0.7252492751019958 61
1694241395275 0.7196150859191489 62
1694241395301 0.7141385493320745 63
1694241395327 0.708742481496061 64
1694241395364 0.7034742602987024 65
1694241395391 0.6984357439773086 66
1694241395420 0.6935214786380619 67
1694241395450 0.6886239486610147 68
1694241395479 0.6838388722441648 69
1694241395512 0.6792428546482956 70
1694241395560 0.6747329587410832 71
1694241395586 0.6702945831235316 72
1694241395611 0.6660338607948836 73
1694241395639 0.6616831968660717 74
1694241395664 0.657497745267012 75
1694241395690 0.6532899286050127 76
1694241395717 0.6492434116741579 77
1694241395749 0.6452976084868376 78
1694241395780 0.6414694043398397 79
1694241395809 0.6377753169248771 80
1694241395835 0.6340976297967499 81
1694241395863 0.6304184015882232 82
1694241395899 0.6269310215765628 83
1694241395926 0.6233635320683477 84
1694241395994 0.6198924147104556 85
1694241396021 0.6165273510603969 86
1694241396050 0.6133319388372409 87
1694241396080 0.610081073049681 88
1694241396110 0.6068899944118072 89
1694241396139 0.6037672393887596 90
1694241396164 0.6007200953677868 91
1694241396190 0.5978275325313528 92
1694241396216 0.5949512325813273 93
1694241396245 0.5921016911341489 94
1694241396272 0.5892702834898496 95
1694241396298 0.5864835731881499 96
1694241396325 0.5837414044053503 97
1694241396351 0.5810794777492032 98
1694241396377 0.5783854046990967 99
1694241396414 0.5757457233363037 100
1694241396440 0.5730913135437378 101
1694241396476 0.570664753874165 102
1694241396502 0.5681979896868357 103
1694241396531 0.5657695528218036 104
1694241396559 0.5633781923992849 105
1694241396584 0.5610546446217323 106
1694241396610 0.5587342699359373 107
1694241396635 0.5564394479624234 108
1694241396660 0.5541556734380724 109
1694241396691 0.5519870372082089 110
1694241396716 0.5497894097568268 111
1694241396742 0.5476674091065945 112
1694241396768 0.5455453490378368 113
1694241396799 0.5434617638173156 114
1694241396832 0.5413886047576844 115
1694241396856 0.5393356938281602 116
1694241396880 0.5374049434822028 117
1694241396909 0.5353792927772564 118
1694241396935 0.5334501905862346 119
1694241396973 0.5315130291331364 120
1694241397000 0.5296336204169545 121
1694241397031 0.5277835467696675 122
1694241397085 0.5259855835091466 123
1694241397110 0.5241732561227783 124
1694241397143 0.5223299454635141 125
1694241397170 0.5205757435298219 126
1694241397196 0.5188260707959749 127
1694241397228 0.5171273869244514 128
1694241397257 0.5154898624184718 129
1694241397341 0.5138558180165239 130
1694241397366 0.5122512179465778 131
1694241397394 0.5105633155759829 132
1694241397424 0.508993885785923 133
1694241397449 0.5073949922338509 134
1694241397501 0.5059197360037437 135
1694241397526 0.5044328320776141 136
1694241397556 0.5028600023111076 137
1694241397605 0.5013747979091122 138
1694241397631 0.49996768229688515 139
1694241397657 0.49849663074958467 140
1694241397682 0.4969668672142514 141
1694241397710 0.4955153791853945 142
1694241397734 0.49409525890104516 143
1694241397760 0.4927510411575178 144
1694241397785 0.4913333799240896 145
1694241397811 0.4899917919114456 146
1694241397840 0.4886415412857447 147
1694241397865 0.48729570435354735 148
1694241397891 0.4859103621461466 149
1694241397916 0.4845542844851912 150
1694241397943 0.4832195187716461 151
1694241397974 0.48187907943062086 152
1694241397999 0.48059593138208073 153
1694241398023 0.4793420109573917 154
1694241398064 0.4780472211113408 155
1694241398093 0.4768558943115576 156
1694241398121 0.4755811618351052 157
1694241398149 0.47439628952030516 158
1694241398173 0.4732870942270804 159
1694241398206 0.47205324810888305 160
1694241398232 0.47086211491393787 161
1694241398257 0.46967688160268756 162
1694241398282 0.46846345210458074 163
1694241398311 0.4673221199525505 164
1694241398337 0.46612895364536816 165
1694241398364 0.4649969984841415 166
1694241398390 0.46380880819276266 167
1694241398415 0.4627471606360469 168
1694241398451 0.46165915813180264 169
1694241398477 0.4605507227079303 170
1694241398503 0.45939854137804237 171
1694241398530 0.45830115642226804 172
1694241398556 0.4573223475655701 173
1694241398596 0.45625901457896406 174
1694241398624 0.45524122645509824 175
1694241398650 0.4541818522119538 176
1694241398677 0.45309368444102044 177
1694241398706 0.4521137641410975 178
1694241398736 0.451071693079946 179
1694241398764 0.4500404864539858 180
1694241398789 0.44904709334987364 181
1694241398816 0.44803927970176266 182
1694241398842 0.44704819275986607 183
1694241398881 0.4460370599905304 184
1694241398907 0.44499384169354295 185
1694241398937 0.4439521344244152 186
1694241398969 0.44298874407286476 187
1694241399006 0.44198325612063877 188
1694241399032 0.4410368890533824 189
1694241399060 0.4400080035496536 190
1694241399118 0.4390909869335225 191
1694241399146 0.43820797858039856 192
1694241399173 0.4371760684627237 193
1694241399205 0.4361806779688067 194
1694241399229 0.43529033778569626 195
1694241399257 0.4342959097159118 196
1694241399282 0.4333966498296438 197
1694241399308 0.43249449140966834 198
1694241399337 0.43156612515389037 199
1694241399368 0.430681548016774 200
1694241399419 0.4297447654465175 201
1694241399451 0.4288081291967161 202
1694241399503 0.4279974071662169 203
1694241399527 0.4271778300719794 204
1694241399553 0.4263351631735193 205
1694241399579 0.4254336110523093 206
1694241399632 0.4245971438523188 207
1694241399666 0.42375752716201304 208
1694241399691 0.42293746982312486 209
1694241399721 0.4221344653527114 210
1694241399749 0.42125573972992225 211
1694241399773 0.42039668400951613 212
1694241399800 0.41950102112989723 213
1694241399825 0.41867730379794943 214
1694241399855 0.4178229713661658 215
1694241399879 0.4169995614392572 216
1694241399904 0.4162077892704334 217
1694241399930 0.4153511184355323 218
1694241399964 0.4145626135126034 219
1694241399990 0.41377296148540027 220
1694241400015 0.41299627955022933 221
1694241400041 0.4122763534653123 222
1694241400066 0.4115165385340477 223
1694241400093 0.4108130292692124 224
1694241400118 0.41004723277276045 225
1694241400142 0.4093215991201956 226
1694241400176 0.40853743902691364 227
1694241400206 0.40778869131005235 228
1694241400235 0.4069992337529516 229
1694241400262 0.406190964035284 230
1694241400290 0.4054345839556855 231
1694241400319 0.4047734646479167 232
1694241400342 0.40407458337826824 233
1694241400367 0.4033090814000964 234
1694241400392 0.4026274985015643 235
1694241400420 0.40199895951829107 236
1694241400461 0.4012518744211493 237
1694241400488 0.40052961339596527 238
1694241400511 0.39982922626282946 239
1694241400537 0.3991079011303254 240
1694241400562 0.39837625028937096 241
1694241400590 0.39768705205891447 242
1694241400614 0.39696473018041 243
1694241400638 0.3963289839000452 244
1694241400662 0.3956694868565771 245
1694241400688 0.39500952912065473 246
1694241400721 0.39427111332860487 247
1694241400753 0.3935798771152725 248
1694241400777 0.3929406743094491 249
1694241400804 0.39223709613704 250
1694241400830 0.39149205237520385 251
1694241400882 0.39080607006468865 252
1694241400906 0.390166978647596 253
1694241400929 0.38959017858700357 254
1694241400962 0.38887143770670674 255
1694241400986 0.3882584199309583 256
1694241401020 0.38758225211472586 257
1694241401044 0.3868566736359846 258
1694241401068 0.38625400703571533 259
1694241401092 0.3855955994722178 260
1694241401141 0.3849121539934089 261
1694241401166 0.38426898080424415 262
1694241401192 0.3836112628041201 263
1694241401217 0.3829900358859225 264
1694241401256 0.38243066361183736 265
1694241401281 0.3817665007620702 266
1694241401306 0.38111692466326813 267
1694241401334 0.3803962970819443 268
1694241401362 0.37971697267477234 269
1694241401387 0.37912928584206584 270
1694241401411 0.378546554080435 271
1694241401437 0.3779373331670237 272
1694241401474 0.377289989128838 273
1694241401503 0.3766902552938541 274
1694241401552 0.37607390034299626 275
1694241401578 0.37548491197761874 276
1694241401653 0.3748983719058667 277
1694241401676 0.3743234204524533 278
1694241401700 0.37371917560607665 279
1694241401728 0.3731296641847005 280
1694241401757 0.37253632305512085 281
1694241401800 0.3718925393665031 282
1694241401823 0.37129416331660053 283
1694241401847 0.3706681196952306 284
1694241401875 0.3701166223678962 285
1694241401904 0.36949638837100796 286
1694241401928 0.3689435282332121 287
1694241401958 0.36835180273311635 288
1694241401982 0.3677620442192921 289
1694241402006 0.3672025269268995 290
1694241402033 0.36664347614076964 291
1694241402059 0.36602441113229983 292
1694241402082 0.3654379127706135 293
1694241402106 0.3648842286286793 294
1694241402130 0.3642971033709826 295
1694241402154 0.36378556845950655 296
1694241402185 0.3632276239053195 297
1694241402213 0.36268389660151024 298
1694241402237 0.362146151495717 299
1694241402262 0.3615482427004366 300
1694241402289 0.36092906458828916 301
1694241402324 0.3603995640979071 302
1694241402349 0.35986224257257937 303
1694241402373 0.3592585414792905 304
1694241402401 0.3586831588451913 305
1694241402429 0.3580962566894973 306
1694241402465 0.35754086992151873 307
1694241402489 0.3570260678556105 308
1694241402514 0.35649110161053904 309
1694241402542 0.3559510351456523 310
1694241402565 0.35540942268523246 311
1694241402589 0.3548834239399034 312
1694241402614 0.35432996847985115 313
1694241402638 0.35380751238258845 314
1694241402666 0.35322770318534163 315
1694241402690 0.3526900678346688 316
1694241402720 0.35220615665174193 317
1694241402743 0.3517556990892903 318
1694241402771 0.3512771057491903 319
1694241402794 0.3508178318586854 320
1694241402819 0.3502740489406324 321
1694241402853 0.34977308356565046 322
1694241402878 0.34922941268261826 323
1694241402916 0.3486554851437222 324
1694241402941 0.34807062876996825 325
1694241402972 0.3475862020165578 326
1694241402997 0.3470913497412828 327
1694241403028 0.34657237412957437 328
1694241403058 0.3460504223212256 329
1694241403082 0.3455607512522983 330
1694241403106 0.34505932512713744 331
1694241403131 0.3445072627285406 332
1694241403178 0.3439924779135337 333
1694241403207 0.3434738360064107 334
1694241403232 0.3429978724122573 335
1694241403257 0.34254748761789583 336
1694241403284 0.34206529573982786 337
1694241403310 0.3415640546951139 338
1694241403341 0.34104159092337916 339
1694241403407 0.3405508583910331 340
1694241403439 0.340036374501766 341
1694241403477 0.33958279406043135 342
1694241403504 0.3391586523182809 343
1694241403532 0.3387292515778779 344
1694241403561 0.3382112297578608 345
1694241403593 0.3376503583692982 346
1694241403624 0.3371486919379448 347
1694241403683 0.3366884596583384 348
1694241403712 0.33622574811023465 349
1694241403761 0.33568123243773307 350
1694241403786 0.3351769446474946 351
1694241403814 0.3347124983771996 352
1694241403838 0.3342646789873004 353
1694241403864 0.33377607314137575 354
1694241403888 0.33334603192287243 355
1694241403920 0.33284570933927204 356
1694241403950 0.33234876697902016 357
1694241403984 0.33185409627097623 358
1694241404008 0.3314076263334991 359
1694241404033 0.3309529739607259 360
1694241404062 0.33048221745338935 361
1694241404088 0.3299845569454138 362
1694241404111 0.3295407605388718 363
1694241404137 0.32907430698299606 364
1694241404161 0.3286586917533548 365
1694241404191 0.3282229870590806 366
1694241404215 0.32776529257577175 367
1694241404240 0.32728160654473193 368
1694241404264 0.32681349382965236 369
1694241404292 0.326385300621414 370
1694241404319 0.32592143381170335 371
1694241404343 0.3255071650377584 372
1694241404367 0.32505711549401833 373
1694241404391 0.3246302181352302 374
1694241404421 0.3242286930383708 375
1694241404464 0.3237430508706566 376
1694241404487 0.32335806665915756 377
1694241404517 0.3228953575229716 378
1694241404545 0.32245352893487766 379
1694241404570 0.3220153925585687 380
1694241404593 0.3215657173017266 381
1694241404617 0.3211158763715769 382
1694241404641 0.32067756409995657 383
1694241404670 0.32025886071093257 384
1694241404694 0.31973902478269783 385
1694241404719 0.31931418551261803 386
1694241404745 0.3189150059971463 387
1694241404769 0.3185015912956139 388
1694241404800 0.31808418258692733 389
1694241404826 0.31764684189626413 390
1694241404851 0.3173214493795963 391
1694241404875 0.3169309948613669 392
1694241404900 0.3165445135583003 393
1694241404930 0.31606520165205787 394
1694241404961 0.3156369470397695 395
1694241405002 0.3152117508080641 396
1694241405026 0.31482163580345096 397
1694241405052 0.3143549853908346 398
1694241405087 0.3139542362114338 399
1694241405112 0.3134984650890131 400
1694241405136 0.31307770332591217 401
1694241405160 0.31258936708662677 402
1694241405214 0.31215322235869786 403
1694241405238 0.3117428666874631 404
1694241405261 0.31139314855974215 405
1694241405285 0.31095015263709985 406
1694241405313 0.3105432397808725 407
1694241405338 0.31007288277964357 408
1694241405366 0.30963760851399125 409
1694241405391 0.30920347866105147 410
1694241405417 0.30875719336255314 411
1694241405448 0.3083329991129941 412
1694241405476 0.3079211089927789 413
1694241405501 0.30749375353941694 414
1694241405533 0.30702967742037957 415
1694241405559 0.30666974842465616 416
1694241405590 0.3062441197416536 417
1694241405614 0.30588147165860585 418
1694241405638 0.3054578361794171 419
1694241405661 0.3050990757939737 420
1694241405685 0.304719805954796 421
1694241405734 0.3043283786003239 422
1694241405763 0.303873802415017 423
1694241405819 0.3034766960062099 424
1694241405889 0.3030658048455152 425
1694241405915 0.3026741395331932 426
1694241405939 0.30223082420349984 427
1694241405970 0.301818764269117 428
1694241405995 0.30141996732228304 429
1694241406020 0.3010473270095944 430
1694241406052 0.30065863023385525 431
1694241406079 0.3002625983124287 432
1694241406109 0.29983299816329473 433
1694241406134 0.29943893502654273 434
1694241406159 0.2990467227760096 435
1694241406185 0.29862667109708135 436
1694241406210 0.2982582261758832 437
1694241406241 0.29784473774503206 438
1694241406264 0.2974659989865691 439
1694241406288 0.297097341295398 440
1694241406313 0.2967034644915699 441
1694241406338 0.2962863107824763 442
1694241406364 0.29588720719181155 443
1694241406393 0.2954597819319742 444
1694241406418 0.29507681204487907 445
1694241406441 0.29468589277104185 446
1694241406473 0.294288195238571 447
1694241406498 0.29393252738352416 448
1694241406525 0.2935555631738595 449
1694241406548 0.2931936756777943 450
1694241406574 0.29281568597172164 451
1694241406614 0.2924632168946079 452
1694241406641 0.29208594295490653 453
1694241406668 0.29174692933610274 454
1694241406693 0.29138583892311065 455
1694241406718 0.2910021133638875 456
1694241406742 0.29059188858487545 457
1694241406772 0.2902459779645165 458
1694241406795 0.28990258637006316 459
1694241406820 0.2895305738565558 460
1694241406843 0.28915436949679846 461
1694241406868 0.28876307039643184 462
1694241406896 0.28843444640394966 463
1694241406919 0.2880976037294587 464
1694241406956 0.28774547481364504 465
1694241406993 0.2874295655881532 466
1694241407017 0.28704935968434864 467
1694241407040 0.28668393364463735 468
1694241407063 0.28637915048709967 469
1694241407092 0.2860182101140866 470
1694241407133 0.2856699031461956 471
1694241407160 0.2853176492451763 472
1694241407184 0.28495382430979244 473
1694241407234 0.2846038314129296 474
1694241407260 0.2841973224979931 475
1694241407284 0.2838176487350636 476
1694241407308 0.2834640569032659 477
1694241407331 0.28313891374128586 478
1694241407357 0.2828006679904383 479
1694241407380 0.282447862425876 480
1694241407409 0.28210683679040455 481
1694241407432 0.2817167403529674 482
1694241407460 0.2813826192911569 483
1694241407486 0.2810380595057816 484
1694241407511 0.28071900936776395 485
1694241407539 0.2803657203823128 486
1694241407562 0.2800310588887822 487
1694241407588 0.2796369005401106 488
1694241407612 0.2792986161405293 489
1694241407639 0.27896690590657075 490
1694241407675 0.2785956946509235 491
1694241407700 0.2782276507178558 492
1694241407726 0.27789103460704695 493
1694241407773 0.27759642603400253 494
1694241407796 0.27730842388187327 495
1694241407823 0.2769599293408096 496
1694241407847 0.2766461186737479 497
1694241407914 0.2762895590659395 498
1694241407962 0.2759366496910688 499
1694241407990 0.2755809560356584 500
1694241408014 0.2752289318726203 501
1694241408042 0.2749049218769553 502
1694241408066 0.27456990553592386 503
1694241408090 0.27422448428040563 504
1694241408114 0.27388262999127777 505
1694241408138 0.2735412694129019 506
1694241408165 0.27318639906958625 507
1694241408198 0.27284890701063064 508
1694241408226 0.2725104042609448 509
1694241408251 0.27222653188619345 510
1694241408279 0.2718949792914831 511
1694241408303 0.2716015583697532 512
1694241408327 0.27126374796651 513
1694241408350 0.27096284087511274 514
1694241408378 0.2706116656389272 515
1694241408401 0.2702867420856588 516
1694241408431 0.2699663304998983 517
1694241408460 0.26965575673433756 518
1694241408637 0.2693098703820446 519
1694241408661 0.26898139777279795 520
1694241408685 0.2686266361504804 521
1694241408722 0.26827963554014683 522
1694241408749 0.267952175797821 523
1694241408774 0.26763899909851796 524
1694241408798 0.26733500566599194 525
1694241408821 0.26696396275881945 526
1694241408849 0.2666189856657322 527
1694241408876 0.26630614121087365 528
1694241408900 0.2659690450191198 529
1694241408925 0.26560812245061743 530
1694241408957 0.265276431702398 531
1694241408993 0.26493715857485695 532
1694241409017 0.26458743147565084 533
1694241409042 0.26430454350804616 534
1694241409068 0.2639962529063065 535
1694241409094 0.2636838142174938 536
1694241409132 0.26338651582443645 537
1694241409157 0.26310234816638595 538
1694241409184 0.2627831054599847 539
1694241409207 0.2624868476214526 540
1694241409278 0.26215876709252056 541
1694241409302 0.2618477923133964 542
1694241409326 0.2614803797988977 543
1694241409356 0.2612200119704244 544
1694241409380 0.2609095116098293 545
1694241409403 0.260631529906719 546
1694241409426 0.2603164931019924 547
1694241409458 0.2600249430544991 548
1694241409483 0.25968745722486697 549
1694241409507 0.25939146396791257 550
1694241409532 0.25909868384111867 551
1694241409557 0.2587700499328005 552
1694241409585 0.2584683811202499 553
1694241409609 0.2581842211553854 554
1694241409633 0.25790208673498377 555
1694241409657 0.25758643635111644 556
1694241409682 0.2573011497885951 557
1694241409705 0.2570001451150615 558
1694241409733 0.2566899742121763 559
1694241409758 0.25638024166811996 560
1694241409808 0.25612727805306185 561
1694241409831 0.2558343797999087 562
1694241409862 0.25551713252260794 563
1694241409887 0.25524541675457224 564
1694241409912 0.25494277262672504 565
1694241409937 0.2546540781551593 566
1694241409970 0.2543715857931188 567
1694241410002 0.2540670847417105 568
1694241410054 0.2537544793047419 569
1694241410107 0.2534774683351335 570
1694241410137 0.2531716042236816 571
1694241410161 0.25291752159279485 572
1694241410187 0.252591093484615 573
1694241410210 0.2523287130836594 574
1694241410234 0.2520464909655767 575
1694241410259 0.25176249837454784 576
1694241410287 0.251464397553048 577
1694241410318 0.25116637213168524 578
1694241410345 0.25085939989253214 579
1694241410369 0.25056666870706656 580
1694241410398 0.25028251264548856 581
1694241410422 0.2500274498580571 582
1694241410445 0.24969448809912892 583
1694241410474 0.24943146715765438 584
1694241410502 0.24915054160049785 585
1694241410528 0.24885070783063598 586
1694241410552 0.24857387167493097 587
1694241410577 0.24827398742438173 588
1694241410600 0.24798394027840986 589
1694241410629 0.24769494931957908 590
1694241410654 0.24739612132125038 591
1694241410678 0.2471142452206395 592
1694241410712 0.24682070506874312 593
1694241410741 0.24653566479839162 594
1694241410768 0.24624137224153728 595
1694241410794 0.2459660645853573 596
1694241410819 0.24566943226236984 597
1694241410863 0.2453866788065772 598
1694241410890 0.24511017587056447 599
1694241410913 0.24484230943365753 600
1694241410937 0.24451116853668156 601
1694241410968 0.2442133699158252 602
1694241411003 0.24398791533763092 603
1694241411030 0.24372393751413268 604
1694241411053 0.24341343138337349 605
1694241411077 0.2431312143746515 606
1694241411105 0.24286720997747885 607
1694241411134 0.24263804807264924 608
1694241411159 0.24237360652278747 609
1694241411205 0.24211419492672043 610
1694241411238 0.24181805128849324 611
1694241411285 0.2415753070637517 612
1694241411306 0.24134537630892536 613
1694241411334 0.24109247899252106 614
1694241411360 0.24079507463803868 615
1694241411403 0.2405583643450947 616
1694241411425 0.24031303016540695 617
1694241411455 0.24005325072697004 618
1694241411480 0.2397620237924212 619
1694241411505 0.23949714815177148 620
1694241411529 0.23923612715278714 621
1694241411553 0.238961081896227 622
1694241411580 0.23868042293615538 623
1694241411610 0.2384053095712136 624
1694241411634 0.238158158194903 625
1694241411658 0.23786900523899243 626
1694241411682 0.23761230022892746 627
1694241411708 0.2373467918022136 628
1694241411739 0.23707291006332112 629
1694241411763 0.23679335794438106 630
1694241411787 0.23650390361165452 631
1694241411833 0.23628439812217067 632
1694241411856 0.23601987662477045 633
1694241411884 0.23575474603780286 634
1694241411923 0.23550218269704945 635
1694241411953 0.23521807555117183 636
1694241411978 0.23497814746788057 637
1694241412001 0.23471690255801317 638
1694241412031 0.23446030697358783 639
1694241412056 0.2341878270211652 640
1694241412080 0.233936150812554 641
1694241412163 0.23366663336732457 642
1694241412202 0.23340850185372192 643
1694241412229 0.2331327704442434 644
1694241412255 0.2328562033368388 645
1694241412284 0.2325807042213363 646
1694241412309 0.232355342731916 647
1694241412332 0.2320946317453272 648
1694241412359 0.2318584691033136 649
1694241412388 0.23160134085075756 650
1694241412411 0.23134004314338388 651
1694241412436 0.23105669255386427 652
1694241412478 0.23082367681685032 653
1694241412506 0.23056997043912011 654
1694241412529 0.2303260471951998 655
1694241412553 0.23008103668017005 656
1694241412578 0.22982945777369912 657
1694241412604 0.22958330815795394 658
1694241412631 0.22931404422938037 659
1694241412653 0.22907350571062568 660
1694241412676 0.22881745073800316 661
1694241412698 0.22856091738154807 662
1694241412726 0.22828022243185253 663
1694241412755 0.22803496557226377 664
1694241412780 0.22781261687132062 665
1694241412803 0.2275376221346781 666
1694241412828 0.22729006779619293 667
1694241412851 0.22701111704196317 668
1694241412876 0.22678032362568964 669
1694241412904 0.22652757186896988 670
1694241412931 0.22625295770257772 671
1694241412961 0.22600355701910216 672
1694241412996 0.22575769116244446 673
1694241413033 0.22555175040772255 674
1694241413056 0.22529224965207253 675
1694241413079 0.22507034378372823 676
1694241413103 0.22484258995607043 677
1694241413129 0.22462887133622858 678
1694241413171 0.22435240634570197 679
1694241413194 0.2240960849811462 680
1694241413219 0.2238847338805249 681
1694241413241 0.22366924897100715 682
1694241413271 0.22346285089251758 683
1694241413293 0.22324975683257076 684
1694241413341 0.22303630400988264 685
1694241413365 0.2227994854397959 686
1694241413387 0.22260286246638597 687
1694241413410 0.2223687153395243 688
1694241413434 0.2221307373780648 689
1694241413466 0.2218713820598619 690
1694241413491 0.22163657825022404 691
1694241413528 0.2213924221018323 692
1694241413555 0.22116224793043646 693
1694241413585 0.22091432471724873 694
1694241413610 0.2206916202485176 695
1694241413633 0.22040091204609688 696
1694241413655 0.2201722624078283 697
1694241413681 0.21989723943260597 698
1694241413707 0.21963155910749113 699
1694241413731 0.21937350472872905 700
1694241413756 0.21913649803527363 701
1694241413784 0.2189042213713296 702
1694241413811 0.21867243799579558 703
1694241413834 0.21843292373503365 704
1694241413881 0.21819854655158188 705
1694241413903 0.21796770210230768 706
1694241413930 0.21777094972371397 707
1694241413961 0.21752531230123826 708
1694241413986 0.21728125592842654 709
1694241414013 0.21703632055477046 710
1694241414038 0.216787247468723 711
1694241414072 0.216561390772292 712
1694241414097 0.21633775464667282 713
1694241414120 0.2161046137810787 714
1694241414145 0.21586098533839895 715
1694241414170 0.21563750247789737 716
1694241414254 0.21540618891488203 717
1694241414280 0.2151857373052063 718
1694241414310 0.21495149994579202 719
1694241414338 0.2146947378737184 720
1694241414359 0.21447291346564576 721
1694241414386 0.21423137683013455 722
1694241414409 0.21401594010867966 723
1694241414435 0.21380758028881514 724
1694241414463 0.2135641736586414 725
1694241414499 0.21331919990480924 726
1694241414527 0.2131053866915444 727
1694241414550 0.21287908433422115 728
1694241414579 0.21265050295688548 729
1694241414618 0.2124647984214486 730
1694241414641 0.21223123745201755 731
1694241414664 0.21202200916179345 732
1694241414688 0.21180319748847234 733
1694241414711 0.21158599706312137 734
1694241414738 0.21135571704355027 735
1694241414760 0.21112760191508753 736
1694241414782 0.21092449021307205 737
1694241414807 0.21069091378325017 738
1694241414832 0.21047819758944572 739
1694241414859 0.2102820600477619 740
1694241414882 0.21005629798504 741
1694241414906 0.20983134882712237 742
1694241414931 0.20959868235807813 743
1694241414963 0.20939192410771032 744
1694241414988 0.20918516282624655 745
1694241415012 0.20894869775829453 746
1694241415039 0.2087315077690861 747
1694241415073 0.20849585623487202 748
1694241415096 0.20826985193045 749
1694241415132 0.20806307132727367 750
1694241415154 0.20784821704952214 751
1694241415182 0.20765872692809156 752
1694241415209 0.2074110000902262 753
1694241415233 0.20717627814821796 754
1694241415257 0.20696271229194463 755
1694241415281 0.2067325935125321 756
1694241415306 0.2065029739786352 757
1694241415338 0.20630550071461795 758
1694241415379 0.2060985941288366 759
1694241415402 0.20587856666638196 760
1694241415425 0.205674480494111 761
1694241415457 0.2054748389793902 762
1694241415484 0.20526094383302265 763
1694241415510 0.20504286908982056 764
1694241415532 0.20483752147578135 765
1694241415559 0.20460732980219648 766
1694241415581 0.20441665493682526 767
1694241415606 0.20421370589179927 768
1694241415634 0.20399450191567045 769
1694241415681 0.20376621463955572 770
1694241415704 0.20353906513583364 771
1694241415729 0.20330836118045545 772
1694241415759 0.20309098570141107 773
1694241415783 0.20290269277384868 774
1694241415811 0.20269093352335527 775
1694241415836 0.20246492705172686 776
1694241415862 0.20222829642146228 777
1694241415909 0.20202997658594712 778
1694241415938 0.20182460442515016 779
1694241415966 0.20164954981176633 780
1694241415989 0.20142499945647133 781
1694241416015 0.2012085532698664 782
1694241416038 0.20099184279752585 783
1694241416062 0.20080006062733674 784
1694241416089 0.2005925915477111 785
1694241416114 0.20036288168571467 786
1694241416139 0.20014932766621676 787
1694241416173 0.19992406497997517 788
1694241416202 0.1996743727744432 789
1694241416240 0.19947130175441358 790
1694241416269 0.19928257143128175 791
1694241416299 0.19907326855696378 792
1694241416350 0.19886082547392567 793
1694241416393 0.19866450776513514 794
1694241416422 0.19845721689040574 795
1694241416451 0.19825590050293934 796
1694241416476 0.1980363186197254 797
1694241416506 0.19783427890503397 798
1694241416531 0.19763273761991293 799
1694241416556 0.19744287599118948 800
1694241416580 0.19725215271227858 801
1694241416608 0.1970361727696882 802
1694241416631 0.19681051372869124 803
1694241416656 0.19663055949912053 804
1694241416679 0.1964362137701698 805
1694241416706 0.1962388151670097 806
1694241416735 0.19604668603071315 807
1694241416769 0.19585160461391793 808
1694241416793 0.19565509124926847 809
1694241416817 0.1954297192606242 810
1694241416844 0.1952277686498381 811
1694241416868 0.1950221125302171 812
1694241416893 0.19482063062396973 813
1694241416916 0.19460515006460988 814
1694241416939 0.19439749468307915 815
1694241416973 0.19417850160105696 816
1694241417002 0.19396568434491232 817
1694241417024 0.19376118902603504 818
1694241417048 0.19355666508154795 819
1694241417070 0.19335346808129586 820
1694241417103 0.19316569803178268 821
1694241417127 0.19295275079859306 822
1694241417151 0.19274115734067482 823
1694241417176 0.19252604281896496 824
1694241417201 0.1923376202653227 825
1694241417240 0.19215191321273256 826
1694241417263 0.191946450046799 827
1694241417294 0.19175037589505328 828
1694241417319 0.19154698035204398 829
1694241417343 0.19136558529790718 830
1694241417391 0.19117901630317605 831
1694241417416 0.191005401057636 832
1694241417438 0.19080549684665996 833
1694241417467 0.19063617429280788 834
1694241417492 0.19043163766108176 835
1694241417521 0.19024104494636251 836
1694241417543 0.19004096585169555 837
1694241417566 0.1898431692758689 838
1694241417590 0.18965003558215676 839
1694241417613 0.18944501324097174 840
1694241417637 0.18928744469119463 841
1694241417665 0.18908202688920936 842
1694241417690 0.18888767353394117 843
1694241417714 0.18873009048356837 844
1694241417738 0.18851726179537054 845
1694241417767 0.18833987086229048 846
1694241417796 0.1881260998634221 847
1694241417826 0.18797647720119207 848
1694241417850 0.1877880375758817 849
1694241417873 0.18760627679857392 850
1694241417927 0.18740596909915475 851
1694241417955 0.18719185978464054 852
1694241417978 0.18701580672864807 853
1694241418006 0.18681692574684175 854
1694241418035 0.18662331518814898 855
1694241418058 0.18641887122710135 856
1694241418081 0.18621727023026408 857
1694241418106 0.1860022195564415 858
1694241418134 0.18580389507993122 859
1694241418156 0.18560448460980072 860
1694241418179 0.18544404088537275 861
1694241418203 0.18524158926271253 862
1694241418228 0.18504420818070078 863
1694241418257 0.18485312774555382 864
1694241418283 0.184658525150129 865
1694241418308 0.1844633721222673 866
1694241418331 0.18428471064600466 867
1694241418362 0.18409675157637487 868
1694241418395 0.18392463113113053 869
1694241418421 0.1837304180850334 870
1694241418494 0.1835357402464535 871
1694241418525 0.18336889262642797 872
1694241418552 0.18316665834712612 873
1694241418576 0.18299317853157623 874
1694241418600 0.18281997153364346 875
1694241418624 0.182659587752464 876
1694241418648 0.18248101509689857 877
1694241418677 0.1823060867499774 878
1694241418701 0.18209898723037996 879
1694241418726 0.18191506870665913 880
1694241418753 0.18172326908201086 881
1694241418779 0.1815342752825594 882
1694241418803 0.1813267235229352 883
1694241418833 0.18112669762559205 884
1694241418857 0.18095187080089217 885
1694241418890 0.1807644003445091 886
1694241418913 0.18058197144984542 887
1694241418938 0.18041459145629846 888
1694241418971 0.18024650498541236 889
1694241418994 0.18006765168484204 890
1694241419020 0.1798742912774234 891
1694241419044 0.1797018212806516 892
1694241419073 0.17950248807229702 893
1694241419106 0.17934569603721753 894
1694241419130 0.1792206073358236 895
1694241419153 0.17900660355905418 896
1694241419181 0.17885932429226523 897
1694241419203 0.17869122472452112 898
1694241419226 0.17851282292034432 899
1694241419256 0.1783298380622806 900
1694241419279 0.1781479837370503 901
1694241419306 0.17798317145159334 902
1694241419334 0.17782295019320266 903
1694241419361 0.1776673825350291 904
1694241419385 0.1774962664790737 905
1694241419433 0.17730417467059764 906
1694241419460 0.1771302420004924 907
1694241419488 0.17695989348684182 908
1694241419512 0.17677823654883418 909
1694241419537 0.17660427441801246 910
1694241419565 0.1764306632329965 911
1694241419592 0.17627886477880222 912
1694241419617 0.17611380009339322 913
1694241419641 0.1759438522318002 914
1694241419665 0.17577876869904893 915
1694241419693 0.17559343419594883 916
1694241419717 0.1754382311282321 917
1694241419742 0.17525059131305068 918
1694241419766 0.17507123692060572 919
1694241419791 0.17491605857006823 920
1694241419815 0.17474575805168124 921
1694241419845 0.17454569597526123 922
1694241419870 0.17437908854194595 923
1694241419896 0.17423635373922639 924
1694241419921 0.17406306462877777 925
1694241419974 0.17388767595193824 926
1694241419998 0.17369193292465446 927
1694241420030 0.17351052534652825 928
1694241420056 0.1733425858096534 929
1694241420079 0.17315618994680204 930
1694241420102 0.1729906287400837 931
1694241420130 0.1728339426331659 932
1694241420153 0.17266376241246426 933
1694241420177 0.17251595654733337 934
1694241420202 0.17236993713154916 935
1694241420226 0.1721949827061613 936
1694241420254 0.17202776417777865 937
1694241420278 0.1718678757096812 938
1694241420302 0.17169140624469822 939
1694241420326 0.17152465652814397 940
1694241420349 0.1713538600959948 941
1694241420375 0.1711910900372811 942
1694241420399 0.1710142546474538 943
1694241420427 0.17083503967597988 944
1694241420451 0.17066289814821056 945
1694241420493 0.1705093735754727 946
1694241420569 0.1703349656858082 947
1694241420611 0.1701726722695261 948
1694241420635 0.1700266938481409 949
1694241420659 0.16986076273692358 950
1694241420684 0.16967705511404932 951
1694241420714 0.16952012183106352 952
1694241420740 0.16936210290220718 953
1694241420768 0.16920310320611656 954
1694241420794 0.16901888595458747 955
1694241420826 0.16885488570672919 956
1694241420867 0.1686642473910347 957
1694241420890 0.16849037107946355 958
1694241420913 0.1683211274299135 959
1694241420939 0.16814007918135487 960
1694241420969 0.16795767109250911 961
1694241421171 0.1713538600959948 962
