1694416168443 1.9110737750511635 0
1694416168475 1.8744299169026646 1
1694416168503 1.8415718815893434 2
1694416168532 1.8099558342036932 3
1694416168561 1.7803085926992106 4
1694416168588 1.752261784735173 5
1694416168649 1.7254122122273439 6
1694416168673 1.699941514831035 7
1694416168695 1.6753393382247221 8
1694416168723 1.6516251761332177 9
1694416168747 1.6288789110515 10
1694416168772 1.6070422368481196 11
1694416168796 1.5857869743157909 12
1694416168821 1.5653826456693032 13
1694416168844 1.5457332935638408 14
1694416168870 1.5267389870915224 15
1694416168896 1.5080347296819185 16
1694416168922 1.4901156306292003 17
1694416168948 1.4727385910414323 18
1694416168974 1.4557310099367011 19
1694416168999 1.4395554408650757 20
1694416169025 1.4233418051685431 21
1694416169050 1.4077319231667227 22
1694416169076 1.3927205069251518 23
1694416169100 1.3778810268977963 24
1694416169126 1.363464624542628 25
1694416169151 1.3493235150227205 26
1694416169179 1.3353564253672228 27
1694416169205 1.3217511881053343 28
1694416169234 1.308551880137504 29
1694416169258 1.2958677377130816 30
1694416169283 1.283311015861361 31
1694416169310 1.2709762235074749 32
1694416169336 1.2589524445390983 33
1694416169361 1.2472622066011696 34
1694416169386 1.2358027899143587 35
1694416169414 1.2243951550580163 36
1694416169475 1.213455495382681 37
1694416169500 1.2026996720329552 38
1694416169533 1.192142072362815 39
1694416169639 1.1818871322658056 40
1694416169673 1.1716894029480385 41
1694416169699 1.1619335442975298 42
1694416169725 1.1521772361295612 43
1694416169749 1.1425638718989106 44
1694416169778 1.1331711420571857 45
1694416169803 1.1238516978112691 46
1694416169827 1.114903759085883 47
1694416169852 1.1058724478256556 48
1694416169877 1.097238797208409 49
1694416169916 1.0887385479569798 50
1694416169943 1.0803615638730864 51
1694416169971 1.0721154450132409 52
1694416169999 1.0639776332716417 53
1694416170028 1.0561128800194646 54
1694416170056 1.0482993667044376 55
1694416170084 1.0406183269893365 56
1694416170146 1.033068657377852 57
1694416170187 1.0255668727052343 58
1694416170213 1.0183064574037375 59
1694416170237 1.011205660884449 60
1694416170262 1.004097638693622 61
1694416170286 0.9971787192288819 62
1694416170312 0.9904118878701443 63
1694416170338 0.9835838499861751 64
1694416170363 0.9770603182279118 65
1694416170387 0.9706450496955892 66
1694416170412 0.9643001177286 67
1694416170437 0.9580591615175467 68
1694416170463 0.9518460631493559 69
1694416170490 0.945807039221162 70
1694416170514 0.9398874736814012 71
1694416170540 0.9340185962488573 72
1694416170567 0.9282613723172873 73
1694416170595 0.9225072479184373 74
1694416170621 0.9168140144040207 75
1694416170646 0.9112155846774049 76
1694416170679 0.9058474938312516 77
1694416170707 0.9004996639216956 78
1694416170737 0.8951956485546014 79
1694416170765 0.8900272653363183 80
1694416170793 0.8849437691191679 81
1694416170820 0.8799453062001745 82
1694416170847 0.87493590936525 83
1694416170874 0.8700605467571023 84
1694416170903 0.8652682682537376 85
1694416170931 0.8604604253929683 86
1694416170958 0.8558118065820984 87
1694416170986 0.8512178640810778 88
1694416171014 0.846694521988028 89
1694416171042 0.8422413233784191 90
1694416171069 0.8378488807732724 91
1694416171097 0.8335792239434068 92
1694416171123 0.829332910094679 93
1694416171152 0.8251526739204851 94
1694416171179 0.820953449542494 95
1694416171204 0.8168426077077846 96
1694416171234 0.8128792198176491 97
1694416171260 0.8089543829650915 98
1694416171285 0.8050386383220364 99
1694416171310 0.8050386383220364 100
