1694356642463 1.9112559708306016 0
1694356642497 1.874921114145196 1
1694356642526 1.8420563924212048 2
1694356642550 1.8104302335875366 3
1694356642576 1.7807909723099322 4
1694356642602 1.7523693454119456 5
1694356642648 1.7256789309932483 6
1694356642672 1.700269676122801 7
1694356642695 1.6755330487629236 8
1694356642721 1.652075670673125 9
1694356642745 1.62929157105139 10
1694356642770 1.6075080341345855 11
1694356642795 1.5863146803010504 12
1694356642821 1.565990996771489 13
1694356642850 1.5463117985547978 14
1694356642877 1.5274009805526911 15
1694356642909 1.5087165595684287 16
1694356642934 1.4908607470585264 17
1694356642999 1.4735261253239045 18
1694356643022 1.4565848639000682 19
1694356643048 1.4405003527272324 20
1694356643076 1.4244690709162704 21
1694356643102 1.4089654058178318 22
1694356643128 1.3938859672965627 23
1694356643154 1.3790751474994862 24
1694356643180 1.3647023931457731 25
1694356643205 1.3505486792144346 26
1694356643231 1.33662319411213 27
1694356643257 1.3230397452074953 28
1694356643285 1.3099312423843747 29
1694356643312 1.2972204328005554 30
1694356643344 1.2846402468952056 31
1694356643371 1.272290509675846 32
1694356643399 1.2603801393942367 33
1694356643451 1.2486699404780877 34
1694356643475 1.2372145898843234 35
1694356643501 1.2259230816822837 36
1694356643531 1.2149289440079014 37
1694356643557 1.204289835563015 38
1694356643583 1.1937752305110658 39
1694356643610 1.1833800736601565 40
1694356643636 1.1731959330819481 41
1694356643661 1.1634330402767594 42
1694356643688 1.153603549990022 43
1694356643714 1.1440271502814061 44
1694356643740 1.1346302145200973 45
1694356643768 1.1253626972579254 46
1694356643794 1.1163356366020276 47
1694356643826 1.1073460967606459 48
1694356643852 1.098695684580064 49
1694356643878 1.0901929249927576 50
1694356643903 1.0818996138058432 51
1694356643932 1.0736837106364572 52
1694356643958 1.0656240754984878 53
1694356643984 1.0577601491515782 54
1694356644035 1.0500078982901229 55
1694356644064 1.0422953723828579 56
1694356644088 1.0347983948969228 57
1694356644117 1.0273136257954323 58
1694356644142 1.0199992935902624 59
1694356644166 1.0128580827274436 60
1694356644193 1.0057898373571295 61
1694356644219 0.9988779247605227 62
1694356644245 0.9921373822529641 63
1694356644270 0.9853346129458661 64
1694356644298 0.9788019473556856 65
1694356644329 0.9723358387153778 66
1694356644355 0.9659981039660446 67
1694356644381 0.9598126508969407 68
1694356644408 0.9537381903550085 69
1694356644434 0.947699675746616 70
1694356644473 0.9417380870511188 71
1694356644527 0.9357912876929959 72
1694356644575 0.9300171780927164 73
1694356644600 0.9242615469747087 74
1694356644628 0.9186106838544417 75
1694356644655 0.9129957036630951 76
1694356644680 0.9076192738170239 77
1694356644705 0.9022719175852616 78
1694356644732 0.8969984070210648 79
1694356644757 0.8918329949820568 80
1694356644784 0.8867508072415241 81
1694356644810 0.8817336850953323 82
1694356644843 0.8767487157345409 83
1694356644869 0.8719152013705104 84
1694356644897 0.8670866270438045 85
1694356644924 0.8622621853665897 86
1694356644952 0.8576276090928978 87
1694356644979 0.8530637179395251 88
1694356645004 0.8485400404949353 89
1694356645040 0.8440285496655682 90
1694356645066 0.8396225898511278 91
1694356645092 0.8353314226732471 92
1694356645117 0.8311089869650062 93
1694356645145 0.8268689724434505 94
1694356645172 0.8226805539300934 95
1694356645204 0.8185501604076555 96
1694356645229 0.8146285795827596 97
1694356645255 0.8107224423052755 98
1694356645282 0.8067542038378359 99
1694356645309 0.8028752058238998 100
1694356645339 0.7990225455297728 101
1694356645365 0.7952939324620671 102
1694356645393 0.7915306130605368 103
1694356645418 0.7878732231737853 104
1694356645445 0.7842382921348013 105
1694356645497 0.7807343658304234 106
1694356645523 0.777233779571029 107
1694356645549 0.7736581249297602 108
1694356645579 0.7701606009516033 109
1694356645604 0.7667609167130939 110
1694356645631 0.763350893217271 111
1694356645657 0.7600510589339327 112
1694356645683 0.7568531233444965 113
1694356645709 0.7536200176824699 114
1694356645736 0.7504124382718063 115
1694356645763 0.7473337738634885 116
1694356645790 0.7442834496019186 117
1694356645823 0.7411767466462388 118
1694356645851 0.7381648847647838 119
1694356645877 0.7352009644431339 120
1694356645904 0.7322262399404029 121
1694356645932 0.7293624113497013 122
1694356645960 0.7264583545316339 123
1694356645986 0.7235956755330187 124
1694356646013 0.7207688382904404 125
1694356646068 0.717961342586622 126
1694356646095 0.7152436811533368 127
1694356646120 0.7125007816796027 128
1694356646146 0.7098449726279864 129
1694356646172 0.707123982946933 130
1694356646198 0.7044975852274138 131
1694356646224 0.7019220222101109 132
1694356646252 0.6994692036142657 133
1694356646285 0.6969150422911226 134
1694356646316 0.6944422178426597 135
1694356646356 0.6919668200599238 136
1694356646389 0.689527180178457 137
1694356646416 0.6870524320862772 138
1694356646443 0.6846650012560628 139
1694356646469 0.6822757523167892 140
1694356646496 0.6799266362424146 141
1694356646524 0.6776454370330645 142
1694356646550 0.6753625713326081 143
1694356646653 0.6731398303975978 144
1694356646678 0.6709290886391948 145
1694356646707 0.6688034194643652 146
1694356646737 0.6665719575528996 147
1694356646766 0.6643957307316107 148
1694356646795 0.6622870997826421 149
1694356646831 0.6601633569159744 150
1694356646863 0.6580937736518693 151
1694356646896 0.6560681738653614 152
1694356646946 0.6540939409467352 153
1694356646978 0.6520526942572249 154
1694356647005 0.6500386087402854 155
1694356647177 0.6480602383838056 156
1694356647203 0.646106449590132 157
1694356647228 0.6442097554193374 158
1694356647255 0.6422849679085008 159
1694356647281 0.6403848467772943 160
1694356647307 0.6384494477247252 161
1694356647338 0.6365760892744141 162
1694356647366 0.6347001687465283 163
1694356647392 0.6328998491099482 164
1694356647418 0.6311201140873586 165
1694356647444 0.6293398032137478 166
1694356647472 0.6275971798696554 167
1694356647523 0.6258514099339293 168
1694356647548 0.6240755896748768 169
1694356647574 0.6224013801893986 170
1694356647600 0.6207222727749102 171
1694356647627 0.6190475751630488 172
1694356647652 0.617387877917698 173
1694356647679 0.615710443057812 174
1694356647705 0.6140498341843573 175
1694356647730 0.6124206272554881 176
1694356647756 0.610755476447719 177
1694356647783 0.6091308009445936 178
1694356647809 0.6075354866770442 179
1694356647841 0.6059750384545839 180
1694356647867 0.6044278559475652 181
1694356647895 0.602886229295652 182
1694356647922 0.6013594708408717 183
1694356647956 0.5998471013510986 184
1694356647982 0.5983763356889927 185
1694356648010 0.5968529243943451 186
1694356648040 0.5953725929270506 187
1694356648065 0.5939286974172128 188
1694356648116 0.5924354874478625 189
1694356648144 0.5910149026005123 190
1694356648169 0.5895384854500432 191
1694356648211 0.5881343713812031 192
1694356648262 0.5867425213673623 193
1694356648287 0.5853260347320792 194
1694356648312 0.5839251054327644 195
1694356648346 0.5825971516403678 196
1694356648372 0.5812611622936026 197
1694356648397 0.5799365182128259 198
1694356648424 0.5786244752519232 199
1694356648451 0.577304646487871 200
1694356648478 0.576008397774052 201
1694356648503 0.5746532741883098 202
1694356648529 0.5733723143404679 203
1694356648554 0.5720661789172962 204
1694356648583 0.5708094829103983 205
1694356648613 0.5695910890743053 206
1694356648639 0.5683539314143063 207
1694356648677 0.5671148670416747 208
1694356648736 0.5659068780209169 209
1694356648795 0.5647055629206402 210
1694356648829 0.5635100725348278 211
1694356648855 0.5623114964917549 212
1694356648882 0.5611528872481563 213
1694356648909 0.559969931301887 214
1694356648934 0.5588173328710198 215
1694356648960 0.5576865712604021 216
1694356648987 0.5565532071516802 217
1694356649013 0.5554003748159918 218
1694356649049 0.5542775267746635 219
1694356649162 0.5531751655341871 220
1694356649252 0.5520983434743888 221
1694356649278 0.5509551570222407 222
1694356649306 0.5498688900596286 223
1694356649338 0.5487982125466154 224
1694356649365 0.547746339094922 225
1694356649390 0.5466571994033568 226
1694356649415 0.5455365280211432 227
1694356649442 0.5445206470995766 228
1694356649467 0.5434705882951936 229
1694356649494 0.5424239241166302 230
1694356649521 0.5414236188363393 231
1694356649571 0.5404580974053402 232
1694356649597 0.5394422537975575 233
1694356649621 0.5384672039145212 234
1694356649646 0.5374693699427042 235
1694356649670 0.536498727759355 236
1694356649696 0.5355019797969492 237
1694356649721 0.534526731215508 238
1694356649746 0.533527161833211 239
1694356649773 0.5325912114986732 240
1694356649803 0.5316279658276717 241
1694356649836 0.5307056508966685 242
1694356649862 0.529774763037218 243
1694356649889 0.5288412700927513 244
1694356649916 0.527896038394233 245
1694356649943 0.5269403661725783 246
1694356649968 0.5260484848436728 247
1694356649995 0.5251237854541525 248
1694356650022 0.5242335255507296 249
1694356650051 0.5233121360327384 250
1694356650077 0.5224021622854949 251
1694356650104 0.521496658746834 252
1694356650157 0.5206498740529405 253
1694356650184 0.5197561015877461 254
1694356650207 0.5188908285197478 255
1694356650232 0.5180071379046508 256
1694356650259 0.5171494577630789 257
1694356650283 0.516301382339621 258
1694356650309 0.5154612495299776 259
1694356650339 0.5146201758503737 260
1694356650365 0.5137865509050284 261
1694356650390 0.5129745322844227 262
1694356650415 0.5121576494776309 263
1694356650447 0.5113389790733099 264
1694356650472 0.5105183682209089 265
1694356650498 0.5097174134875716 266
1694356650524 0.5089138259146291 267
1694356650550 0.5080949532830713 268
1694356650575 0.5072738640833651 269
1694356650601 0.5065009796665694 270
1694356650627 0.5056973597853706 271
1694356650652 0.5049185668444083 272
1694356650677 0.5041479903359491 273
1694356650703 0.5033866657123641 274
1694356650728 0.5025859053636743 275
1694356650753 0.5018512388943899 276
1694356650788 0.5010933343878247 277
1694356650821 0.5003048132493696 278
1694356650884 0.4995595937514664 279
1694356650953 0.4988138999340486 280
1694356651008 0.49809465551145327 281
1694356651035 0.4973525345785103 282
1694356651064 0.4965946029565147 283
1694356651094 0.49589497419369544 284
1694356651118 0.49517277013666094 285
1694356651142 0.4944424337314037 286
1694356651168 0.49369876749317415 287
1694356651195 0.49293010902609835 288
1694356651220 0.492200800334014 289
1694356651245 0.4914879953527306 290
1694356651270 0.4907845943247642 291
1694356651296 0.4900830027180312 292
1694356651321 0.48940816538599285 293
1694356651353 0.4887150990908479 294
1694356651379 0.48802952288549006 295
1694356651406 0.48737160397922097 296
1694356651438 0.4866990371953818 297
1694356651474 0.48602064538981915 298
1694356651503 0.48534881568701754 299
1694356651533 0.4846687344996419 300
1694356651558 0.48401363724637503 301
1694356651606 0.48336600133219465 302
1694356651633 0.482700707217532 303
1694356651660 0.4820411280564249 304
1694356651685 0.48138529120227286 305
1694356651713 0.4807209628058872 306
1694356651738 0.4800780671599241 307
1694356651764 0.4794533958322319 308
1694356651794 0.47880397916867207 309
1694356651826 0.4781587350415479 310
1694356651852 0.4775391523957989 311
1694356651878 0.4769220757021475 312
1694356651905 0.47626820134926073 313
1694356651931 0.4756472005039645 314
1694356651958 0.47500331005290486 315
1694356651987 0.4743738501085424 316
1694356652020 0.47375621568022214 317
1694356652048 0.47314829982755674 318
1694356652077 0.47252373338951165 319
1694356652105 0.47192883369666605 320
1694356652138 0.4713431477882292 321
1694356652190 0.4707636732134204 322
1694356652215 0.4701665428873053 323
1694356652240 0.46954648454814063 324
1694356652265 0.4689570208315613 325
1694356652292 0.46834831843137226 326
1694356652322 0.4677798570255472 327
1694356652347 0.46721606112492853 328
1694356652371 0.4666108397042451 329
1694356652396 0.4660537232833843 330
1694356652421 0.4654546509918578 331
1694356652447 0.4648570227428851 332
1694356652473 0.4642678622109258 333
1694356652499 0.46366159967709786 334
1694356652526 0.4630980110489204 335
1694356652552 0.46250575497142854 336
1694356652582 0.4619779894053384 337
1694356652613 0.4614162720378001 338
1694356652643 0.4608147928041308 339
1694356652673 0.46023795262102385 340
1694356652702 0.4596648393605047 341
1694356652733 0.45913806130457063 342
1694356652764 0.45861132981024555 343
1694356652796 0.45809770792031085 344
1694356652827 0.4575589825344083 345
1694356652852 0.456997631745123 346
1694356652878 0.4564506705486812 347
1694356652903 0.45590591884102666 348
1694356653012 0.4553374043790956 349
1694356653042 0.4548003663073729 350
1694356653078 0.4542920406514396 351
1694356653102 0.45380420971126517 352
1694356653127 0.45328492217194455 353
1694356653152 0.4527499526610832 354
1694356653179 0.45224897073455517 355
1694356653209 0.4517232347992388 356
1694356653237 0.4512119161901448 357
1694356653264 0.4506854074711454 358
1694356653290 0.4501793922595735 359
1694356653315 0.4496585755519253 360
1694356653344 0.44913197309391345 361
1694356653370 0.44859958580951426 362
1694356653759 0.44812569014380715 363
1694356653783 0.4475876042496517 364
1694356653813 0.447115732628956 365
1694356653843 0.446556301008997 366
1694356653869 0.44606320672304794 367
1694356653894 0.44559016412679636 368
1694356653919 0.44509158596788057 369
1694356653944 0.4446077454373779 370
1694356653970 0.4441076254114166 371
1694356653999 0.44361453717549765 372
1694356654030 0.4431393816940736 373
1694356654063 0.442687584670938 374
1694356654086 0.4422220898668919 375
1694356654110 0.44172488751367495 376
1694356654134 0.4412838803803402 377
1694356654158 0.44079983407797413 378
1694356654209 0.4403178609474728 379
1694356654232 0.4398283346461863 380
1694356654257 0.43932419446500537 381
1694356654283 0.4388115316324854 382
1694356654312 0.4383455953883677 383
1694356654343 0.43788330236953193 384
1694356654386 0.4374376008694341 385
1694356654411 0.4369909666869237 386
1694356654438 0.4365277980453177 387
1694356654465 0.43606539335807165 388
1694356654491 0.43563359577512756 389
1694356654518 0.4351835922970179 390
1694356654547 0.43475841116214375 391
1694356654572 0.4343128160168002 392
1694356654601 0.4338778927986217 393
1694356654626 0.43342876412736253 394
1694356654652 0.43298423231455274 395
1694356654677 0.4325270877952861 396
1694356654831 0.43205280364952287 397
1694356654856 0.4315951932255153 398
1694356654881 0.43115379771296947 399
1694356654906 0.4306764263728828 400
1694356654930 0.43021173211097385 401
1694356654954 0.4297340074494944 402
1694356654981 0.4292546204407214 403
1694356655017 0.4288137249501151 404
1694356655052 0.4284069446351257 405
1694356655145 0.42798632414857823 406
1694356655173 0.4275698720390778 407
1694356655204 0.4271106459283934 408
1694356655230 0.42667380542807415 409
1694356655254 0.42625281421758926 410
1694356655281 0.42576826209322743 411
1694356655305 0.4253778670889294 412
1694356655336 0.4249679662532865 413
1694356655361 0.42452765210489435 414
1694356655386 0.4240702541275322 415
1694356655411 0.423663118776266 416
1694356655441 0.4232447517940672 417
1694356655467 0.4228063265159064 418
1694356655491 0.42238316923605784 419
1694356655517 0.4219629646018556 420
1694356655542 0.42153771770841325 421
1694356655569 0.42107989531418905 422
1694356655597 0.42065341212433893 423
1694356655629 0.4202300056511062 424
1694356655678 0.4198261902302992 425
1694356655706 0.4193827463760803 426
1694356655732 0.41898932333001415 427
1694356655760 0.41856537177478054 428
1694356655785 0.41815425466728573 429
1694356655811 0.4177082485274509 430
1694356655842 0.4173234588733592 431
1694356655867 0.4169053739438096 432
1694356655927 0.4164855138522907 433
1694356655956 0.4160907011769827 434
1694356655987 0.41567552425636306 435
1694356656022 0.41527940516431655 436
1694356656048 0.41489055812955444 437
1694356656078 0.4144814667985798 438
1694356656103 0.4140996458356546 439
1694356656128 0.41371363884650175 440
1694356656153 0.4133199553439188 441
1694356656178 0.4129172015428257 442
1694356656203 0.412516066314751 443
1694356656255 0.41209184574176316 444
1694356656279 0.4116855030155464 445
1694356656302 0.4113045427332371 446
1694356656331 0.4109187549250506 447
1694356656361 0.4105309668659058 448
1694356656385 0.4101653901978716 449
1694356656411 0.4097750100052836 450
1694356656439 0.409396824176833 451
1694356656465 0.40902500141713294 452
1694356656490 0.40863957655022765 453
1694356656516 0.4082482412105136 454
1694356656542 0.40789065296797505 455
1694356656566 0.40752641438733794 456
1694356656595 0.40717205782203636 457
1694356656620 0.4068421562562126 458
1694356656649 0.40647394863540776 459
1694356656677 0.40610083219910464 460
1694356656707 0.405735969682569 461
1694356656736 0.40534616629535763 462
1694356656765 0.4049795637384928 463
1694356656804 0.4046028213123869 464
1694356656838 0.4042309387167745 465
1694356656869 0.4038612901410459 466
1694356656895 0.4035008792774365 467
1694356656920 0.40312789453191106 468
1694356656945 0.4028060420376472 469
1694356656974 0.4024470653092048 470
1694356656998 0.40208666334105436 471
1694356657026 0.40171435199053546 472
1694356657050 0.4013538760595598 473
1694356657086 0.4009626628535546 474
1694356657110 0.40062043578103684 475
1694356657137 0.4002622115820015 476
1694356657175 0.3999021431479781 477
1694356657204 0.39956084024774696 478
1694356657297 0.3992143803704061 479
1694356657321 0.39885075574917545 480
1694356657356 0.3984858796147444 481
1694356657379 0.39815271674350705 482
1694356657409 0.3978273093033187 483
1694356657439 0.39744450505568324 484
1694356657466 0.3971008683985879 485
1694356657494 0.3967470365437987 486
1694356657520 0.396423184663112 487
1694356657544 0.3960437910683089 488
1694356657583 0.3957123966824104 489
1694356657610 0.3953347852911988 490
1694356657635 0.39498566625612314 491
1694356657684 0.39465419888481784 492
1694356657709 0.39430409347172507 493
1694356657732 0.39397183518410434 494
1694356657774 0.39362807327035626 495
1694356657800 0.3932832684067351 496
1694356657835 0.39296515354678163 497
1694356657869 0.39262956327340415 498
1694356657898 0.3923265593792767 499
1694356658012 0.3923265593792767 500
