1694356004594 1.9107536336657314 0
1694356004634 1.874007197290785 1
1694356004659 1.8408203752939953 2
1694356004682 1.809180199417067 3
1694356004710 1.7793470440929542 4
1694356004733 1.7509159892191677 5
1694356004758 1.7240237432876706 6
1694356004786 1.6983915940549559 7
1694356004868 1.6736989044148636 8
1694356004893 1.6499840599004219 9
1694356004924 1.6271171328489167 10
1694356004950 1.605186038704913 11
1694356004974 1.5838690908377284 12
1694356004999 1.5635021007710326 13
1694356005023 1.5439076638879499 14
1694356005050 1.5249148009963251 15
1694356005078 1.506215877821325 16
1694356005101 1.4882465434214533 17
1694356005125 1.4708847644810452 18
1694356005150 1.45398286563052 19
1694356005176 1.4378115350501635 20
1694356005201 1.4216600490221543 21
1694356005226 1.4060689908102972 22
1694356005251 1.3909444256121817 23
1694356005278 1.3762139887033449 24
1694356005302 1.3617786839208745 25
1694356005328 1.3475329039185155 26
1694356005353 1.3336225981288763 27
1694356005378 1.3200516090590566 28
1694356005404 1.306796252008381 29
1694356005430 1.2940704006033523 30
1694356005457 1.2814585031362664 31
1694356005484 1.2691324582732832 32
1694356005510 1.2571036848590362 33
1694356005535 1.245387722140443 34
1694356005564 1.2338744010566127 35
1694356005589 1.2225795938655553 36
1694356005617 1.2116348935991097 37
1694356005642 1.2009261004413174 38
1694356005667 1.1903261788314679 39
1694356005693 1.1799756048445917 40
1694356005719 1.169873242359967 41
1694356005745 1.1600725502079985 42
1694356005771 1.1502895701639058 43
1694356005796 1.1406266301012435 44
1694356005823 1.1311312955131183 45
1694356005848 1.1218615164521346 46
1694356005875 1.112825051624061 47
1694356005911 1.1037909795544438 48
1694356005938 1.0950896725395456 49
1694356005968 1.0865733064735856 50
1694356005994 1.078176186327556 51
1694356006020 1.0699312968806842 52
1694356006046 1.061789171388919 53
1694356006071 1.0538399374131515 54
1694356006098 1.0460048727505613 55
1694356006124 1.0382403180704498 56
1694356006149 1.0306451808138093 57
1694356006176 1.0231105139248635 58
1694356006203 1.0157755117283689 59
1694356006229 1.0085687776756849 60
1694356006254 1.0014306960755204 61
1694356006280 0.9944743883363788 62
1694356006306 0.9877416285592215 63
1694356006358 0.9809894728919761 64
1694356006382 0.9744365652919433 65
1694356006407 0.9679393215711996 66
1694356006439 0.9615516254341606 67
1694356006470 0.9552586485845141 68
1694356006495 0.9490165838498811 69
1694356006562 0.9429531248680749 70
1694356006609 0.9369593936441513 71
1694356006799 0.9311283952873635 72
1694356006829 0.9252930113328819 73
1694356006857 0.9195574826154038 74
1694356006882 0.9138148856786247 75
1694356006907 0.9082031678446608 76
1694356006933 0.9027834413994449 77
1694356006958 0.8974099911279383 78
1694356006984 0.8921253374805491 79
1694356007012 0.8869419390283034 80
1694356007036 0.8818342660305158 81
1694356007065 0.8768322868814549 82
1694356007091 0.8718589178480334 83
1694356007116 0.866957286473257 84
1694356007140 0.8621287667602909 85
1694356007168 0.857302486344444 86
1694356007194 0.8526423512841971 87
1694356007219 0.8480076543651015 88
1694356007246 0.8434152444577993 89
1694356007273 0.8388794307536895 90
1694356007302 0.834381646096191 91
1694356007328 0.8300910682455951 92
1694356007353 0.8258957698267266 93
1694356007378 0.8216506428130108 94
1694356007405 0.8174205664206012 95
1694356007447 0.8132702548323032 96
1694356007474 0.8092874265239924 97
1694356007505 0.8052752410256996 98
1694356007532 0.8013510019152633 99
1694356007557 0.7974633112042604 100
1694356007584 0.7936393721331755 101
1694356007609 0.789885693108728 102
1694356007636 0.7861597917679695 103
1694356007662 0.7825251173312737 104
1694356007687 0.7788463559267012 105
1694356007715 0.7753042234410337 106
1694356007743 0.7717439491719389 107
1694356007774 0.768231491074755 108
1694356007802 0.7647048648688053 109
1694356007830 0.7613026142168917 110
1694356007858 0.7578876865779663 111
1694356007885 0.7545493330928492 112
1694356007912 0.7512931652775209 113
1694356007939 0.7480578430917769 114
1694356007968 0.744875673803849 115
1694356007996 0.7417046864332875 116
1694356008024 0.7386473708697437 117
1694356008054 0.7356030647272567 118
1694356008082 0.7325496452950638 119
1694356008109 0.7295805663216127 120
1694356008137 0.726592218578646 121
1694356008169 0.7237001236610101 122
1694356008198 0.7208574760680361 123
1694356008225 0.7180423457010653 124
1694356008252 0.7152008563236603 125
1694356008282 0.7124589147300723 126
1694356008310 0.7096794644543482 127
1694356008338 0.7069576736526485 128
1694356008388 0.7042987143456446 129
1694356008414 0.7016405109529201 130
1694356008440 0.6990319771733577 131
1694356008466 0.6963885112500164 132
1694356008493 0.6938900410997052 133
1694356008518 0.6914255284360455 134
1694356008545 0.6888807693117114 135
1694356008598 0.6864080771429557 136
1694356008684 0.6839650877635816 137
1694356008724 0.6814896970496503 138
1694356008769 0.6790549523288366 139
1694356008796 0.6767246543881997 140
1694356008823 0.6743894432880336 141
1694356008850 0.6720574871644133 142
1694356008878 0.6698047152999941 143
1694356008903 0.6675445892827819 144
1694356008969 0.6652502005271725 145
1694356008995 0.6630536610330858 146
1694356009019 0.660866211265654 147
1694356009049 0.6587123818874366 148
1694356009073 0.6565749625203334 149
1694356009103 0.6544038390468845 150
1694356009128 0.6522950371906638 151
1694356009153 0.650162896923598 152
1694356009179 0.6481542965123281 153
1694356009205 0.6461387043892682 154
1694356009230 0.6441221466311537 155
1694356009256 0.6420854188541205 156
1694356009280 0.6401296378944 157
1694356009308 0.6382298968544504 158
1694356009338 0.6362681806290252 159
1694356009363 0.6343904620673864 160
1694356009387 0.632479491233531 161
1694356009415 0.6305975233850213 162
1694356009441 0.6287542122226574 163
1694356009466 0.6269544428996954 164
1694356009491 0.6251394348183507 165
1694356009517 0.6233388396024562 166
1694356009543 0.6215428694618235 167
1694356009571 0.6198031509024512 168
1694356009597 0.6180127999512265 169
1694356009624 0.6163301856388279 170
1694356009650 0.6146483644679864 171
1694356009675 0.6129100964424015 172
1694356009703 0.611243461476035 173
1694356009727 0.6095998327742862 174
1694356009752 0.6079438342615913 175
1694356009778 0.6062392994834817 176
1694356009804 0.604573325260964 177
1694356009830 0.602969371674057 178
1694356009855 0.6013861298923368 179
1694356009883 0.5998491954749178 180
1694356009919 0.5982973111972888 181
1694356009945 0.596768775527335 182
1694356009969 0.5951992032632251 183
1694356009995 0.5936721455682693 184
1694356010020 0.5921599270049858 185
1694356010046 0.5906695272618081 186
1694356010072 0.5892047718698927 187
1694356010098 0.5877384676687801 188
1694356010124 0.586305751027892 189
1694356010151 0.5848439925583934 190
1694356010178 0.5834529974551285 191
1694356010203 0.5820317785458032 192
1694356010230 0.5806175038778444 193
1694356010256 0.5792159443462496 194
1694356010281 0.5778749970681966 195
1694356010307 0.5765307847423466 196
1694356010334 0.5751846719908054 197
1694356010360 0.5738270401425001 198
1694356010410 0.5724586353943992 199
1694356010434 0.5711456921622102 200
1694356010460 0.5698699235067034 201
1694356010485 0.5685552799681646 202
1694356010512 0.5672982133991059 203
1694356010537 0.5660382345893761 204
1694356010564 0.5648130319929233 205
1694356010590 0.5635337900553851 206
1694356010641 0.5622492900382943 207
1694356010666 0.5609726450736646 208
1694356010691 0.5598031906286093 209
1694356010764 0.5585994489310726 210
1694356010791 0.5573608732618941 211
1694356010844 0.5561692717184447 212
1694356010869 0.5549783413781879 213
1694356010896 0.5537713041349983 214
1694356010924 0.5526164687448208 215
1694356010950 0.5514675381153256 216
1694356010975 0.5503413070118628 217
1694356011002 0.5492035798992019 218
1694356011029 0.548085088777224 219
1694356011053 0.5469906094762793 220
1694356011080 0.5458733080351083 221
1694356011106 0.5447697943764509 222
1694356011132 0.5436331921300456 223
1694356011156 0.5425396355454208 224
1694356011182 0.5414544987199313 225
1694356011207 0.5403977996578279 226
1694356011270 0.539289772623819 227
1694356011294 0.5382510545938594 228
1694356011319 0.5372423023352192 229
1694356011347 0.5362128009491327 230
1694356011372 0.5351702931279547 231
1694356011396 0.5341935780184556 232
1694356011420 0.5331284814641165 233
1694356011448 0.5321072922488629 234
1694356011472 0.531122292120131 235
1694356011496 0.5301544794101607 236
1694356011521 0.5291575000220853 237
1694356011549 0.5281985350525351 238
1694356011575 0.5272206372520349 239
1694356011599 0.5262552678861497 240
1694356011627 0.5253140147500778 241
1694356011653 0.5243472213775953 242
1694356011679 0.5234083155390195 243
1694356011705 0.522441394327026 244
1694356011729 0.5215004938164627 245
1694356011757 0.5206064173542003 246
1694356011783 0.519651351434389 247
1694356011807 0.5187175315168985 248
1694356011832 0.5177725109131401 249
1694356011861 0.5168952986509143 250
1694356011887 0.5159560373515495 251
1694356011924 0.5150552742397627 252
1694356011949 0.5141571762660333 253
1694356011973 0.5132548088481295 254
1694356011997 0.5124099369560278 255
1694356012021 0.5115268495433484 256
1694356012047 0.5106762718574566 257
1694356012072 0.5097835462073136 258
1694356012098 0.5089421247197335 259
1694356012125 0.5081058746389706 260
1694356012151 0.5072502435222166 261
1694356012181 0.5063870603169354 262
1694356012206 0.5055583782321823 263
1694356012231 0.5047111626258438 264
1694356012257 0.5039154720566709 265
1694356012286 0.503112605194529 266
1694356012312 0.5022811310504596 267
1694356012341 0.501465542561816 268
1694356012366 0.5006530390420565 269
1694356012393 0.49981110883163204 270
1694356012444 0.49900470164669164 271
1694356012467 0.49819889629211234 272
1694356012492 0.4974172603978307 273
1694356012516 0.4966702775936679 274
1694356012545 0.49588441249837306 275
1694356012569 0.495126395877519 276
1694356012595 0.49442836850259786 277
1694356012619 0.4936885797615441 278
1694356012670 0.49292386093119117 279
1694356012695 0.4921931014319483 280
1694356012720 0.49144744705522775 281
1694356012745 0.4907154652065971 282
1694356012772 0.48995732944535103 283
1694356012796 0.4892369572068647 284
1694356012825 0.48849215650159494 285
1694356012855 0.4877587110670933 286
1694356012884 0.48701341760818306 287
1694356012938 0.48628599262373035 288
1694356012970 0.48555861194667155 289
1694356013023 0.48485492394267365 290
1694356013047 0.4841518371891941 291
1694356013074 0.4834645303478593 292
1694356013100 0.48276269687332957 293
1694356013124 0.48207211781893206 294
1694356013149 0.4813780328507633 295
1694356013174 0.48068773280538835 296
1694356013200 0.480007409535435 297
1694356013225 0.47931323415024774 298
1694356013249 0.47863246700332884 299
1694356013275 0.47793706500069266 300
1694356013300 0.47726198551735977 301
1694356013324 0.47660570440010497 302
1694356013350 0.4759529610916767 303
1694356013375 0.47528918247341945 304
1694356013400 0.47463310982312196 305
1694356013427 0.4739955943215855 306
1694356013452 0.4733438596058682 307
1694356013476 0.47271265578703575 308
1694356013500 0.4720276932744209 309
1694356013526 0.4714208894404109 310
1694356013552 0.47078972208212344 311
1694356013576 0.47016722757913537 312
1694356013601 0.46952730531137055 313
1694356013634 0.4688997239228773 314
1694356013661 0.46828182079560976 315
1694356013686 0.46768129829561145 316
1694356013711 0.46709543443429735 317
1694356013736 0.46648545828048293 318
1694356013762 0.46588003803207456 319
1694356013786 0.46529755467171974 320
1694356013811 0.4646863119843596 321
1694356013836 0.4641029718501448 322
1694356013864 0.463500964519474 323
1694356013889 0.4629267789944022 324
1694356013925 0.46234177105347857 325
1694356013949 0.46175367321999344 326
1694356013973 0.46115642269194956 327
1694356013998 0.46054120910625956 328
1694356014022 0.4599662415416247 329
1694356014047 0.4593712998142989 330
1694356014074 0.4588036018114689 331
1694356014098 0.4582308922577544 332
1694356014123 0.4576910622265248 333
1694356014151 0.45709468934177355 334
1694356014177 0.4565166800272685 335
1694356014202 0.45596782584668955 336
1694356014227 0.45543512947545495 337
1694356014252 0.45487369440592007 338
1694356014277 0.45427805892454415 339
1694356014303 0.45367050651231283 340
1694356014327 0.453124994956266 341
1694356014352 0.4525592341760684 342
1694356014377 0.45202397880114964 343
1694356014403 0.451484883304946 344
1694356014428 0.45094091292136695 345
1694356014478 0.45040863907467266 346
1694356014502 0.44992543578645794 347
1694356014526 0.4494005391865895 348
1694356014550 0.448882313170651 349
1694356014574 0.4483279964098362 350
1694356014600 0.4477860681882591 351
1694356014624 0.44724872248106046 352
1694356014653 0.44669207497346614 353
1694356014704 0.4461806914323011 354
1694356014728 0.44565992929996456 355
1694356014753 0.4451280399919289 356
1694356014778 0.44460335417768765 357
1694356014805 0.44407936604611686 358
1694356014829 0.4435601828217752 359
1694356014855 0.4430377431375986 360
1694356014881 0.4425028819480461 361
1694356014905 0.4420175681122494 362
1694356014932 0.44148763522109197 363
1694356014958 0.4409971508331416 364
1694356014983 0.4404936348725313 365
1694356015016 0.43999165201138213 366
1694356015081 0.43946181764139003 367
1694356015144 0.43896231857236845 368
1694356015171 0.4384698308446364 369
1694356015196 0.4379743122073891 370
1694356015221 0.4374708301418592 371
1694356015245 0.43696813408394786 372
1694356015270 0.43647206935383437 373
1694356015295 0.43596619144271753 374
1694356015319 0.4354724736210259 375
1694356015345 0.4350221539445782 376
1694356015370 0.4345120424584765 377
1694356015396 0.43401149840557357 378
1694356015422 0.4335318509426585 379
1694356015449 0.43303353542691825 380
1694356015474 0.43258054899654075 381
1694356015501 0.4320901893075863 382
1694356015526 0.43160492554751184 383
1694356015554 0.4311529053057795 384
1694356015578 0.4307237371863173 385
1694356015605 0.4302322101565132 386
1694356015631 0.4297741724529394 387
1694356015659 0.4293066820998556 388
1694356015686 0.42883360379609176 389
1694356015711 0.42839700604787795 390
1694356015736 0.4279768449194068 391
1694356015762 0.427500173933346 392
1694356015788 0.4270511699935747 393
1694356015814 0.42658721642971914 394
1694356015838 0.42612180183534326 395
1694356015864 0.4256735477853474 396
1694356015891 0.4252070008480927 397
1694356015917 0.42473484657336663 398
1694356015944 0.42428108227548833 399
1694356015983 0.4238334850284634 400
1694356016009 0.42342624932597334 401
1694356016033 0.4229596513161635 402
1694356016057 0.42251427300080097 403
1694356016081 0.42209698065889206 404
1694356016106 0.4216696478709452 405
1694356016131 0.4211742556492681 406
1694356016156 0.4207371893096131 407
1694356016187 0.4202894684391113 408
1694356016213 0.41986894898891763 409
1694356016241 0.41942226915366965 410
1694356016266 0.4190112704438643 411
1694356016290 0.41858423064610706 412
1694356016315 0.4181449452040041 413
1694356016340 0.41772713838135955 414
1694356016364 0.4173082062722675 415
1694356016389 0.4168965574604792 416
1694356016414 0.4164878469547352 417
1694356016438 0.41606342988519057 418
1694356016465 0.41560189690522276 419
1694356016516 0.4151584178526747 420
1694356016539 0.4147403686329855 421
1694356016563 0.4143680455634211 422
1694356016588 0.41394607259342814 423
1694356016615 0.41353623402843454 424
1694356016639 0.4131244112284519 425
1694356016664 0.4127285509089029 426
1694356016691 0.4123494909938905 427
1694356016741 0.41191653117190546 428
1694356016765 0.41151847505099237 429
1694356016788 0.4111142431468949 430
1694356016814 0.41070879682721323 431
1694356016838 0.4103020135182285 432
1694356016864 0.40989512325575783 433
1694356016891 0.40944218840436714 434
1694356016919 0.40903102263799657 435
1694356016946 0.40861796239145737 436
1694356016970 0.4082390078098521 437
1694356016996 0.40783588878200594 438
1694356017024 0.40745503409567185 439
1694356017050 0.40707037213597147 440
1694356017076 0.4066669452111051 441
1694356017104 0.4062528657998414 442
1694356017139 0.4058555865797661 443
1694356017234 0.40544263479445103 444
1694356017256 0.40507727700868895 445
1694356017285 0.40468739600765957 446
1694356017311 0.4043045782965464 447
1694356017335 0.4039159884215812 448
1694356017360 0.4034875889486613 449
1694356017384 0.4031095036327804 450
1694356017408 0.40271470949957344 451
1694356017433 0.4023275108984094 452
1694356017459 0.4019602818713306 453
1694356017483 0.40159686677102685 454
1694356017508 0.4012016294225929 455
1694356017533 0.40082909175149284 456
1694356017558 0.4004570177316916 457
1694356017584 0.40007744072749557 458
1694356017610 0.3997231540241349 459
1694356017635 0.39935851685310175 460
1694356017662 0.3989893028780901 461
1694356017689 0.39861921300748515 462
1694356017717 0.3982294335325273 463
1694356017745 0.39788114074182257 464
1694356017770 0.3974953121869582 465
1694356017802 0.3971235598382528 466
1694356017829 0.3967543231157674 467
1694356017855 0.39637496570342085 468
1694356017882 0.39601734243209663 469
1694356017909 0.3956837880626501 470
1694356017941 0.39531350604094123 471
1694356017968 0.39496607553868335 472
1694356017992 0.3946269990095064 473
1694356018017 0.39425722573104227 474
1694356018042 0.39390953383670185 475
1694356018066 0.39358643165469787 476
1694356018091 0.39325767929294503 477
1694356018116 0.39291391400322123 478
1694356018141 0.39254906385001165 479
1694356018176 0.3922029751074783 480
1694356018201 0.3918479701582854 481
1694356018238 0.3915017901161655 482
1694356018262 0.3911724332505447 483
1694356018287 0.39082840751306347 484
1694356018312 0.3904738047880379 485
1694356018343 0.390116380509742 486
1694356018369 0.38976673085755 487
1694356018395 0.3894201744015661 488
1694356018428 0.38908937461573495 489
1694356018454 0.38874671905642283 490
1694356018481 0.3884047021909166 491
1694356018515 0.3880829904914655 492
1694356018553 0.38775357952936007 493
1694356018578 0.3874189017453508 494
1694356018604 0.38707404767418224 495
1694356018627 0.38673806354350254 496
1694356018652 0.38639127849915345 497
1694356018676 0.3861009759123902 498
1694356018701 0.3857855033416802 499
1694356018728 0.38543949626545343 500
1694356018777 0.3851145935028706 501
1694356018800 0.38477333567877575 502
1694356018826 0.3844321365296751 503
1694356018850 0.38408308128447183 504
1694356018878 0.3837067388234431 505
1694356018902 0.383327878228723 506
1694356018925 0.38298364773210014 507
1694356018950 0.382676790711406 508
1694356018974 0.38232616312902623 509
1694356018998 0.3819804286763837 510
1694356019022 0.3816281549750843 511
1694356019050 0.3812820772695055 512
1694356019074 0.38095223229215147 513
1694356019098 0.3806106510212866 514
1694356019123 0.3802819372575142 515
1694356019148 0.3799425596290334 516
1694356019173 0.37963331331927497 517
1694356019199 0.3793279263096508 518
1694356019233 0.3789812386101185 519
1694356019259 0.3786605040539713 520
1694356019347 0.37831547469566595 521
1694356019372 0.37800470611604275 522
1694356019400 0.37767997722945107 523
1694356019424 0.3773727076719341 524
1694356019448 0.3770634829047164 525
1694356019472 0.3767511595615389 526
1694356019497 0.37643557601279365 527
1694356019521 0.37610866198280646 528
1694356019545 0.37579354622844113 529
1694356019569 0.3754910018853957 530
1694356019593 0.3751943987209298 531
1694356019618 0.37489932726175423 532
1694356019643 0.3745925940592256 533
1694356019668 0.3742228595137144 534
1694356019692 0.3739409963743325 535
1694356019720 0.3736353471245213 536
1694356019745 0.3733108736498923 537
1694356019769 0.37300241412018265 538
1694356019793 0.3726990243914843 539
1694356019817 0.3723856858454035 540
1694356019842 0.37208424814528723 541
1694356019866 0.3717876407496144 542
1694356019889 0.3714835382970468 543
1694356019918 0.37114964367604175 544
1694356019942 0.370863837161878 545
1694356019967 0.3705614558605807 546
1694356019992 0.3702368334409697 547
1694356020030 0.3699124995866021 548
1694356020054 0.36960678697422206 549
1694356020079 0.36929008175208444 550
1694356020102 0.36899682499336556 551
1694356020125 0.36870932152779046 552
1694356020149 0.3684022535335978 553
1694356020175 0.3680815813263539 554
1694356020203 0.36776760463444225 555
1694356020229 0.36748276894793075 556
1694356020254 0.3671884518372554 557
1694356020279 0.3668964186668319 558
1694356020303 0.36659656771240684 559
1694356020329 0.3662896572540565 560
1694356020354 0.3659762783573668 561
1694356020379 0.36568467724220355 562
1694356020403 0.36539193534377806 563
1694356020432 0.3651073169819047 564
1694356020456 0.36481262820678273 565
1694356020481 0.3645151055163375 566
1694356020512 0.3642170153928154 567
1694356020539 0.36392195749687584 568
1694356020589 0.3636275744478101 569
1694356020613 0.36333399468296806 570
1694356020636 0.36303224259358 571
1694356020664 0.362735902049554 572
1694356020688 0.3624453336921352 573
1694356020711 0.3621884173503036 574
1694356020734 0.3619077209610818 575
1694356020762 0.3615827434201703 576
1694356020821 0.3613472907630436 577
1694356020846 0.36100628190017114 578
1694356020872 0.3607085627708207 579
1694356020900 0.360382459713177 580
1694356020924 0.36007788327755436 581
1694356020949 0.35980613445354026 582
1694356020972 0.35951853647109583 583
1694356020998 0.35924641593425166 584
1694356021022 0.3589339995891307 585
1694356021050 0.3586056139079453 586
1694356021074 0.35833481719259047 587
1694356021098 0.35802673763212844 588
1694356021124 0.35772691488453795 589
1694356021151 0.35743419321158904 590
1694356021176 0.3571560571817712 591
1694356021200 0.3568905052673723 592
1694356021225 0.3566061862298101 593
1694356021251 0.3563038425142251 594
1694356021275 0.3560503088463327 595
1694356021300 0.35576522840511077 596
1694356021325 0.3554557232559869 597
1694356021360 0.3551789332481511 598
1694356021423 0.3549009775088025 599
1694356021469 0.35461571117713436 600
1694356021496 0.35437262390450547 601
1694356021518 0.3541069927408222 602
1694356021541 0.3538097437193309 603
1694356021566 0.35353690521196596 604
1694356021591 0.3532516037715918 605
1694356021615 0.35296091357825776 606
1694356021639 0.35266927552023203 607
1694356021664 0.3523917836565599 608
1694356021690 0.3521008957395604 609
1694356021715 0.35181422952850055 610
1694356021740 0.3515097729270705 611
1694356021777 0.3512364204162055 612
1694356021803 0.3509494744984411 613
1694356021828 0.3506706906210827 614
1694356021852 0.3503896490814169 615
1694356021877 0.3501084217384343 616
1694356021906 0.34983813687659493 617
1694356021936 0.3495705361353318 618
1694356021969 0.34929625439024165 619
1694356021993 0.34904391037563126 620
1694356022021 0.3487901112363103 621
1694356022047 0.34854717983080163 622
1694356022071 0.34827836306009535 623
1694356022094 0.3480111676343702 624
1694356022118 0.347761025994677 625
1694356022142 0.3474834032231789 626
1694356022166 0.3472515237020451 627
1694356022191 0.3469993206699681 628
1694356022215 0.34674424187675723 629
1694356022241 0.3465032883395108 630
1694356022267 0.34624151707743295 631
1694356022293 0.3459888484326367 632
1694356022320 0.34570988611111475 633
1694356022345 0.3454451314777907 634
1694356022371 0.3451718574739253 635
1694356022395 0.3449059901274439 636
1694356022420 0.34462158044626773 637
1694356022445 0.34435424169985085 638
1694356022471 0.34409666354682356 639
1694356022495 0.34384338915955565 640
1694356022520 0.3435782935074321 641
1694356022549 0.34329440622108165 642
1694356022574 0.34304262167991895 643
1694356022623 0.34278020209542903 644
1694356022647 0.34256072497460005 645
1694356022672 0.3422876442350876 646
1694356022696 0.34201133949204426 647
1694356022720 0.34171561537970535 648
1694356022745 0.3414624093582134 649
1694356022772 0.34120423841799724 650
1694356022796 0.3409572374396932 651
1694356022846 0.34067445117804984 652
1694356022870 0.3404451855212855 653
1694356022895 0.3401886262625836 654
1694356022922 0.3399099669224313 655
1694356022970 0.3396714292054685 656
1694356022995 0.3394083212451425 657
1694356023020 0.3391403600918334 658
1694356023045 0.33890626705951055 659
1694356023072 0.3386288411639206 660
1694356023097 0.33838677054785987 661
1694356023121 0.33809370513433407 662
1694356023146 0.33784563461399675 663
1694356023171 0.3376115536140517 664
1694356023200 0.3373457024176783 665
1694356023225 0.3371062245483106 666
1694356023251 0.3368770183403029 667
1694356023274 0.3366402892677885 668
1694356023298 0.33641700749219333 669
1694356023322 0.33617522956210316 670
1694356023349 0.33593724877871367 671
1694356023374 0.33570415590139213 672
1694356023398 0.335449907383616 673
1694356023422 0.3352462282228536 674
1694356023461 0.33499366674137376 675
1694356023486 0.3347362507674432 676
1694356023567 0.3344931754478421 677
1694356023590 0.33425213980880136 678
1694356023614 0.3339998335794702 679
1694356023640 0.3337260360700059 680
1694356023665 0.33347685351813283 681
1694356023690 0.3332108581742219 682
1694356023716 0.33295763037372583 683
1694356023741 0.33270741064625775 684
1694356023766 0.3324585072059202 685
1694356023795 0.3321956179653068 686
1694356023822 0.3319483456117323 687
1694356023847 0.33169305825788153 688
1694356023874 0.3314460780540432 689
1694356023899 0.331228820388686 690
1694356023926 0.3309937599922348 691
1694356023953 0.3307299161525393 692
1694356023979 0.3304648099320898 693
1694356024005 0.3302300344474229 694
1694356024038 0.32997646628943883 695
1694356024062 0.32974355111079506 696
1694356024085 0.3295015872753132 697
1694356024109 0.32925835143070414 698
1694356024136 0.3290259561720705 699
1694356024162 0.32878351495944386 700
1694356024186 0.32856502445980185 701
1694356024213 0.3283214360401197 702
1694356024237 0.3281062649937518 703
1694356024263 0.3278658636696767 704
1694356024287 0.3276101177351841 705
1694356024311 0.3273935350978254 706
1694356024335 0.3271526903030735 707
1694356024361 0.32693219235507676 708
1694356024386 0.32669427386546807 709
1694356024411 0.3264651580091866 710
1694356024436 0.3262395312520641 711
1694356024460 0.3259922890018546 712
1694356024492 0.3257412510903499 713
1694356024515 0.32551091638555857 714
1694356024538 0.32524996336853496 715
1694356024562 0.32500801388025763 716
1694356024588 0.3247660399125085 717
1694356024614 0.3245103780042413 718
1694356024668 0.32429596720510445 719
1694356024692 0.3240600392569362 720
1694356024717 0.3238258503563921 721
1694356024742 0.32359656075722276 722
1694356024768 0.323366183444732 723
1694356024795 0.32311112863903607 724
1694356024820 0.3228858925609094 725
1694356024842 0.322688936508776 726
1694356024891 0.32243908729960163 727
1694356024916 0.322187750371946 728
1694356024939 0.3219591022716656 729
1694356024964 0.3217295721765118 730
1694356024986 0.3214965167078531 731
1694356025013 0.32126166895195457 732
1694356025037 0.3210201715802443 733
1694356025062 0.32077003457223824 734
1694356025086 0.3205371040812595 735
1694356025112 0.3202987875768089 736
1694356025137 0.3200751849358747 737
1694356025162 0.3198576073695024 738
1694356025186 0.3196306872367362 739
1694356025210 0.3194494151826087 740
1694356025234 0.3192116760015305 741
1694356025260 0.31897302283117873 742
1694356025286 0.31874510151774027 743
1694356025311 0.3185403457187259 744
1694356025336 0.3183187644869498 745
1694356025361 0.3180738926043079 746
1694356025387 0.31785929093558457 747
1694356025410 0.3176488021669694 748
1694356025435 0.31744822586907073 749
1694356025460 0.3172201168320897 750
1694356025483 0.317007730622284 751
1694356025508 0.31677385781821005 752
1694356025533 0.31652193096005204 753
1694356025567 0.3163314678344381 754
1694356025591 0.31611889451150066 755
1694356025666 0.31593066643397194 756
1694356025697 0.3157111506242473 757
1694356025720 0.3154957936307855 758
1694356025746 0.3152738836134655 759
1694356025770 0.31502805685301283 760
1694356025796 0.31481384873046714 761
1694356025819 0.3145740036548469 762
1694356025842 0.31434915644642564 763
1694356025865 0.3141617767899079 764
1694356025889 0.3139231416612682 765
1694356025914 0.3137103517226991 766
1694356025940 0.3134730082461796 767
1694356025965 0.3132601309816804 768
1694356026002 0.31306262722761113 769
1694356026027 0.3128543443743119 770
1694356026052 0.3126507541414312 771
1694356026076 0.3124364318358379 772
1694356026101 0.31220469073809615 773
1694356026125 0.3119975927467483 774
1694356026148 0.31177473522333604 775
1694356026171 0.31158109132735834 776
1694356026196 0.3113789870860897 777
1694356026218 0.3111738161405931 778
1694356026249 0.31094889819233373 779
1694356026275 0.31071158161024176 780
1694356026299 0.31049335303205566 781
1694356026325 0.3102719638310616 782
1694356026352 0.310051611980575 783
1694356026379 0.30981058615215573 784
1694356026405 0.30958933477542233 785
1694356026431 0.3093899699003347 786
1694356026458 0.309180709316672 787
1694356026484 0.30894972358386813 788
1694356026507 0.30874989679359977 789
1694356026533 0.3085513912702611 790
1694356026560 0.3083337180058454 791
1694356026586 0.30815595173478894 792
1694356026611 0.3079343544727453 793
1694356026636 0.30774106634981185 794
1694356026688 0.3075261383602295 795
1694356026712 0.30733056058835423 796
1694356026735 0.30712637381333435 797
1694356026761 0.30691817839276575 798
1694356026789 0.30670684454589653 799
1694356026815 0.3065039532451483 800
1694356026839 0.30631075969255767 801
1694356026863 0.3060956939219691 802
1694356026914 0.3058859445375143 803
1694356026937 0.30564531444296644 804
1694356026961 0.30543843009983196 805
1694356026984 0.3052295548254665 806
1694356027013 0.3050472071150682 807
1694356027037 0.30483699120535823 808
1694356027062 0.304634583280856 809
1694356027086 0.30445569098392866 810
1694356027111 0.3042226479455535 811
1694356027137 0.3040150447345012 812
1694356027161 0.30380588920562984 813
1694356027186 0.3035984007500669 814
1694356027210 0.3034017143654145 815
1694356027234 0.30319510957951595 816
1694356027260 0.30299104851087744 817
1694356027287 0.3027804350164524 818
1694356027315 0.30259010534017944 819
1694356027341 0.30237366122965287 820
1694356027367 0.3021828127264729 821
1694356027395 0.3019764910015765 822
1694356027421 0.30175109502804526 823
1694356027447 0.30156120493118094 824
1694356027472 0.3013579015750386 825
1694356027498 0.3011457369409698 826
1694356027526 0.30095932681644944 827
1694356027551 0.3007751225444688 828
1694356027576 0.30055297173818 829
1694356027602 0.3003690761169824 830
1694356027625 0.30015774878183044 831
1694356027648 0.2999565428454204 832
1694356027673 0.2997485929004119 833
1694356027708 0.29954083994466346 834
1694356027761 0.29937039804541543 835
1694356027788 0.2991598448094043 836
1694356027840 0.29894111180030886 837
1694356027865 0.2987465572039639 838
1694356027890 0.298549422723771 839
1694356027915 0.29836317004545526 840
1694356027945 0.2981760321893378 841
1694356027970 0.29797667596272415 842
1694356027996 0.29777274733915515 843
1694356028020 0.29758019810061115 844
1694356028045 0.2973901152286913 845
1694356028071 0.2972202895557224 846
1694356028104 0.29702402230907216 847
1694356028134 0.2967966204220915 848
1694356028157 0.29661039944397916 849
1694356028189 0.29643590971168016 850
1694356028224 0.296229480443514 851
1694356028248 0.29601905690694685 852
1694356028272 0.29581335157477917 853
1694356028296 0.29562530856746 854
1694356028319 0.2954431233226693 855
1694356028342 0.29526561984359617 856
1694356028366 0.2950678128234581 857
1694356028393 0.29486283647010725 858
1694356028419 0.29467382899022915 859
1694356028447 0.2944676035688875 860
1694356028472 0.29427738729837133 861
1694356028499 0.29404648928432625 862
1694356028525 0.29385111804818964 863
1694356028550 0.2936597599696283 864
1694356028575 0.29346134626355364 865
1694356028603 0.29326307274582963 866
1694356028629 0.29307070735139995 867
1694356028653 0.29290441845739273 868
1694356028679 0.2927181387670591 869
1694356028731 0.29249776123243965 870
1694356028753 0.2923045717020118 871
1694356028777 0.29209647403871886 872
1694356028801 0.2918910793092422 873
1694356028831 0.29170376600281267 874
1694356028854 0.29152147367732384 875
1694356028879 0.29133081906961494 876
1694356028903 0.2911396293217735 877
1694356028953 0.2909747260186765 878
1694356028977 0.29079008464505157 879
1694356029022 0.29060667383186295 880
1694356029048 0.29040814813745713 881
1694356029072 0.2902099009735313 882
1694356029097 0.2900095175796812 883
1694356029122 0.2898336496058032 884
1694356029168 0.28963216173985523 885
1694356029192 0.2894637415520607 886
1694356029216 0.28927968021510436 887
1694356029241 0.2890887575453523 888
1694356029266 0.2888930830699267 889
1694356029288 0.2887153724464762 890
1694356029312 0.28854282646966406 891
1694356029341 0.2883516199005792 892
1694356029365 0.28816021479483167 893
1694356029390 0.2879617577099779 894
1694356029414 0.28778866127137936 895
1694356029441 0.28761910805038154 896
1694356029466 0.28741522117390544 897
1694356029490 0.2872126190105007 898
1694356029515 0.2870078228772491 899
1694356029539 0.28684006325847783 900
1694356029565 0.2866648624993339 901
1694356029589 0.28651237735782475 902
1694356029613 0.2863099342576732 903
1694356029637 0.2861109728574924 904
1694356029662 0.28594876368932604 905
1694356029686 0.28575304855323375 906
1694356029710 0.285564976044442 907
1694356029736 0.28538012820467673 908
1694356029761 0.2851968101512316 909
1694356029786 0.2850123448121476 910
1694356029814 0.2848435688228638 911
1694356029846 0.28466301756460377 912
1694356029874 0.2844851353257853 913
1694356029929 0.28428978884221173 914
1694356029992 0.28408527652551563 915
1694356030028 0.2839000796513946 916
1694356030050 0.2837101938432931 917
1694356030075 0.2835205258713486 918
1694356030099 0.2833231116795318 919
1694356030124 0.28315314045047746 920
1694356030148 0.2829832801792457 921
1694356030173 0.28279735667251943 922
1694356030199 0.2826199172396012 923
1694356030237 0.2824316886134532 924
1694356030261 0.2822408872353988 925
1694356030286 0.2820668202403715 926
1694356030311 0.28186540043927205 927
1694356030335 0.2816781139195095 928
1694356030359 0.28150911587132116 929
1694356030382 0.2813388158929822 930
1694356030405 0.2811638275385171 931
1694356030429 0.2809735657829334 932
1694356030455 0.2807970380827416 933
1694356030490 0.2806054516335847 934
1694356030516 0.28041836969794526 935
1694356030540 0.2802522490329764 936
1694356030567 0.28007966930317146 937
1694356030595 0.2799035641197218 938
1694356030620 0.27973140484202985 939
1694356030644 0.27954360909422205 940
1694356030671 0.27936531293346945 941
1694356030698 0.27918620772176816 942
1694356030723 0.2790051499643775 943
1694356030773 0.2788062504601814 944
1694356030798 0.27862215483765623 945
1694356030824 0.2784461633014854 946
1694356030849 0.27829911406242236 947
1694356030873 0.27813017487643327 948
1694356030898 0.27793257870664306 949
1694356030921 0.2777594916298634 950
1694356030945 0.2775636572926724 951
1694356030994 0.2773749093122913 952
1694356031018 0.27720358247802573 953
1694356031042 0.2770279715002207 954
1694356031066 0.2768350775992794 955
1694356031093 0.27664041308415727 956
1694356031120 0.27646749374963914 957
1694356031143 0.27629158231249745 958
1694356031167 0.27610504104850764 959
1694356031192 0.2759247207264628 960
1694356031217 0.2757549740143171 961
1694356031242 0.2755860237560298 962
1694356031267 0.27539477097354914 963
1694356031290 0.27522351513110654 964
1694356031315 0.27504139192001176 965
1694356031339 0.2748728238241635 966
1694356031362 0.27471495645276095 967
1694356031385 0.2745476410293799 968
1694356031410 0.2743728172964605 969
1694356031434 0.27420305569063425 970
1694356031459 0.2740382792229731 971
1694356031488 0.27387488790120107 972
1694356031512 0.27370467135369264 973
1694356031535 0.2735362959946885 974
1694356031561 0.2733547208798283 975
1694356031584 0.2731855314518945 976
1694356031611 0.2730241202688719 977
1694356031634 0.27287697143432904 978
1694356031659 0.2727114268305536 979
1694356031684 0.2725478361295418 980
1694356031708 0.2723815862004111 981
1694356031733 0.27222408610747156 982
1694356031757 0.2720798463514661 983
1694356031781 0.2719379139615707 984
1694356031805 0.2717848011848789 985
1694356031830 0.2716039145575053 986
1694356031854 0.271419056379877 987
1694356031879 0.2712464908715303 988
1694356031903 0.2710788223178024 989
1694356031940 0.2708954239260089 990
1694356031962 0.27076282685318304 991
1694356031996 0.270599245605411 992
1694356032022 0.2704005494838475 993
1694356032053 0.27023640350936107 994
1694356032128 0.27007074177737 995
1694356032151 0.2699124957003214 996
1694356032175 0.26973408368719776 997
1694356032202 0.269568003658913 998
1694356032229 0.26940620453371794 999
1694356032254 0.26922590759808673 1000
1694356032278 0.26906308398202633 1001
1694356032303 0.26889120683727136 1002
1694356032329 0.26872757092160665 1003
1694356032354 0.2685736780515196 1004
1694356032379 0.26837571895561596 1005
1694356032404 0.2682255500048173 1006
1694356032427 0.26809175370849386 1007
1694356032453 0.26793736383314426 1008
1694356032479 0.26778911021023577 1009
1694356032504 0.26761489188958154 1010
1694356032527 0.2674435959951488 1011
1694356032552 0.26726328193257554 1012
1694356032577 0.2671097937299646 1013
1694356032602 0.26694407930051883 1014
1694356032625 0.2667709547231134 1015
1694356032649 0.26663287198942376 1016
1694356032675 0.2664764409958262 1017
1694356032701 0.26630231417549904 1018
1694356032727 0.2661399468160033 1019
1694356032752 0.2659830009444553 1020
1694356032803 0.2658430068731862 1021
1694356032831 0.26567997737590987 1022
1694356032855 0.26551255419620445 1023
1694356032882 0.26534314510282275 1024
1694356032906 0.2652017453040236 1025
1694356032929 0.2650393630505873 1026
1694356032955 0.2648692276092909 1027
1694356032979 0.2647263442427752 1028
1694356033029 0.2645519605408578 1029
1694356033051 0.2643905123712499 1030
1694356033073 0.26423519257258266 1031
1694356033097 0.26408592680323867 1032
1694356033121 0.26392132374854294 1033
1694356033147 0.2637578183040325 1034
1694356033172 0.2635684051013049 1035
1694356033195 0.26342081887591307 1036
1694356033220 0.263251766017204 1037
1694356033244 0.26307477338072977 1038
1694356033267 0.26289949167456883 1039
1694356033293 0.26273281541250365 1040
1694356033317 0.2625665500985262 1041
1694356033340 0.2624149754862912 1042
1694356033365 0.2622438911033661 1043
1694356033389 0.2620819945122187 1044
1694356033416 0.26191115877276694 1045
1694356033440 0.26174617205311285 1046
1694356033464 0.2615676046920813 1047
1694356033488 0.26138501692278737 1048
1694356033514 0.26124474718217183 1049
1694356033539 0.2610813508280124 1050
1694356033562 0.2609121412663343 1051
1694356033586 0.26073483391685787 1052
1694356033610 0.2605704780966182 1053
1694356033635 0.26042623023622763 1054
1694356033659 0.26025979418963585 1055
1694356033684 0.26010322285385895 1056
1694356033708 0.2599548930059153 1057
1694356033734 0.2598078803107819 1058
1694356033759 0.25965754453895434 1059
1694356033784 0.25951578869839975 1060
1694356033809 0.25936030037227215 1061
1694356033834 0.2591947493413971 1062
1694356033862 0.25904379398513666 1063
1694356033889 0.25887979455314514 1064
1694356033915 0.2587271622209575 1065
1694356033938 0.25856890056678217 1066
1694356033962 0.25840318936657525 1067
1694356033987 0.25823849963088435 1068
1694356034012 0.25808700343660557 1069
1694356034047 0.257946595906962 1070
1694356034072 0.25779144368375717 1071
1694356034097 0.25765047590587803 1072
1694356034184 0.25748743127483964 1073
1694356034232 0.25733396497919353 1074
1694356034256 0.25718094789997603 1075
1694356034280 0.257025483579651 1076
1694356034304 0.2568773288306312 1077
1694356034328 0.25671114050904076 1078
1694356034352 0.2565644208445959 1079
1694356034376 0.25640972873544116 1080
1694356034400 0.2562429767214998 1081
1694356034424 0.25607794846805426 1082
1694356034448 0.2559308355659071 1083
1694356034474 0.2557696494219066 1084
1694356034497 0.25562924081951843 1085
1694356034522 0.25546997518021597 1086
1694356034546 0.25530485660449065 1087
1694356034571 0.25516404770695894 1088
1694356034595 0.255033143526921 1089
1694356034620 0.2548781078602019 1090
1694356034644 0.2547212791430732 1091
1694356034668 0.25457804776753773 1092
1694356034693 0.2544396563560682 1093
1694356034718 0.25430429619081424 1094
1694356034742 0.25414713906449177 1095
1694356034770 0.2539930750210472 1096
1694356034796 0.2538367813082994 1097
1694356034846 0.2536922806320853 1098
1694356034869 0.2535639912921045 1099
1694356034892 0.2534135145083188 1100
1694356034915 0.2532832372583714 1101
1694356034938 0.25312487682074064 1102
1694356034962 0.25296380858216594 1103
1694356034985 0.2528152740479731 1104
1694356035011 0.2526579516267778 1105
1694356035037 0.25250492617423076 1106
1694356035081 0.25235883925948516 1107
1694356035105 0.2522031023269609 1108
1694356035130 0.2520468259507095 1109
1694356035155 0.25190866241163923 1110
1694356035181 0.25175589948550847 1111
1694356035205 0.2516009586053783 1112
1694356035229 0.25148518405181924 1113
1694356035253 0.25134322132265335 1114
1694356035280 0.2511899225611481 1115
1694356035303 0.25104412830352496 1116
1694356035327 0.25088282173405996 1117
1694356035352 0.2507449716234683 1118
1694356035375 0.2506120602022218 1119
1694356035400 0.25046232233708454 1120
1694356035422 0.2503199354262582 1121
1694356035447 0.25016891688826887 1122
1694356035471 0.2500006013061527 1123
1694356035494 0.249860915211414 1124
1694356035518 0.24970688674517277 1125
1694356035543 0.24954542824787537 1126
1694356035566 0.24942342622478994 1127
1694356035590 0.24928753028109418 1128
1694356035615 0.2491178932493452 1129
1694356035640 0.24896433922467795 1130
1694356035665 0.24881800514648206 1131
1694356035691 0.24866414437001813 1132
1694356035717 0.2485287598820542 1133
1694356035741 0.2483775412631977 1134
1694356035768 0.2482137876554346 1135
1694356035798 0.24806969495621484 1136
1694356035823 0.24792670714156878 1137
1694356035848 0.24778804876235933 1138
1694356035874 0.247643758717473 1139
1694356035899 0.24749845816745117 1140
1694356035925 0.24734237958349078 1141
1694356035949 0.24720319689667367 1142
1694356035971 0.24707687951327645 1143
1694356035995 0.24693413931293454 1144
1694356036019 0.24679620472447925 1145
1694356036042 0.2466581090391915 1146
1694356036066 0.2465343489049212 1147
1694356036090 0.24638149261282985 1148
1694356036113 0.24626299089272702 1149
1694356036139 0.24611386116207895 1150
1694356036164 0.2459691296195978 1151
1694356036188 0.24581716050828945 1152
1694356036217 0.24567590996046587 1153
1694356036245 0.24553514144844296 1154
1694356036302 0.2454025978792505 1155
1694356036328 0.24525267037992118 1156
1694356036372 0.24512078036239274 1157
1694356036396 0.24497999359695596 1158
1694356036419 0.24485518717721103 1159
1694356036442 0.24471205635637902 1160
1694356036467 0.24456911097393305 1161
1694356036491 0.24441314486714064 1162
1694356036514 0.2442691659180853 1163
1694356036537 0.24413422076121166 1164
1694356036562 0.24399354873419957 1165
1694356036585 0.2438568408614933 1166
1694356036609 0.24373425087679285 1167
1694356036633 0.24357105022751854 1168
1694356036657 0.24341882236104415 1169
1694356036683 0.24329394614680352 1170
1694356036707 0.2431576659678287 1171
1694356036733 0.24300986059250707 1172
1694356036757 0.2428783069517038 1173
1694356036782 0.242734199308247 1174
1694356036806 0.24259756119043702 1175
1694356036832 0.242451424852406 1176
1694356036883 0.24230562483921803 1177
1694356036908 0.2421680982366141 1178
1694356036933 0.24201034022489173 1179
1694356036956 0.2418658265415988 1180
1694356036982 0.24171200323458564 1181
1694356037005 0.24156425144246813 1182
1694356037029 0.2414262242583693 1183
1694356037054 0.24127597270782253 1184
1694356037105 0.24113511343664318 1185
1694356037129 0.24099315462751159 1186
1694356037154 0.24084202257110923 1187
1694356037178 0.24071582385707008 1188
1694356037207 0.2405872387087581 1189
1694356037231 0.24043532222435512 1190
1694356037255 0.24029819580244832 1191
1694356037280 0.2401785009691682 1192
1694356037305 0.24004709667600807 1193
1694356037330 0.2398941041681353 1194
1694356037355 0.2397674967704106 1195
1694356037378 0.23963530931940988 1196
1694356037402 0.2395103569236609 1197
1694356037426 0.2393717929155931 1198
1694356037451 0.2392264013289563 1199
1694356037475 0.23909227143654968 1200
1694356037499 0.23895537359148297 1201
1694356037523 0.23883636432789657 1202
1694356037546 0.23871247515755484 1203
1694356037570 0.23856453660715324 1204
1694356037595 0.23842098878344253 1205
1694356037621 0.23827635313803935 1206
1694356037645 0.23814813754439287 1207
1694356037669 0.23801464114742993 1208
1694356037690 0.23790362342815297 1209
1694356037717 0.2377621811638426 1210
1694356037742 0.23761339676878204 1211
1694356037765 0.2374747700508215 1212
1694356037789 0.23733924569253298 1213
1694356037811 0.2372053554302177 1214
1694356037835 0.23706353491325108 1215
1694356037860 0.236941561169322 1216
1694356037885 0.23682048513141052 1217
1694356037908 0.23667366612384733 1218
1694356037935 0.23653996610550376 1219
1694356037959 0.2364053101082317 1220
1694356037984 0.23626650006110061 1221
1694356038006 0.2361341827905262 1222
1694356038030 0.2360118693204272 1223
1694356038063 0.23586310296546684 1224
1694356038087 0.23572092755019752 1225
1694356038112 0.23558929999349748 1226
1694356038136 0.23545410690404295 1227
1694356038159 0.23531490679433975 1228
1694356038185 0.2351811894187093 1229
1694356038208 0.23504101899004579 1230
1694356038236 0.23492912605129074 1231
1694356038262 0.23479250976522445 1232
1694356038285 0.23464589407392855 1233
1694356038309 0.23452547825335476 1234
1694356038333 0.2343809508746934 1235
1694356038357 0.23424107934805047 1236
1694356038438 0.2341027003722661 1237
1694356038463 0.23395992225198076 1238
1694356038507 0.23382863042166507 1239
1694356038530 0.2336954196199512 1240
1694356038555 0.23356253738185004 1241
1694356038578 0.23343750222225898 1242
1694356038602 0.23328699314007786 1243
1694356038627 0.2331573342106958 1244
1694356038651 0.23302425579397792 1245
1694356038677 0.23287680889335308 1246
1694356038700 0.23274749980463239 1247
1694356038722 0.23261791391531828 1248
1694356038746 0.23249474274763116 1249
1694356038771 0.23235031727932917 1250
1694356038797 0.23221887796566226 1251
1694356038820 0.23209194800360428 1252
1694356038844 0.23196689923384198 1253
1694356038867 0.2318401941810237 1254
1694356038892 0.23171261998273987 1255
1694356038939 0.23158192467271835 1256
1694356038963 0.23145617955427872 1257
1694356038987 0.2313442731871777 1258
1694356039013 0.23120837535536912 1259
1694356039041 0.23109520789428778 1260
1694356039066 0.23096040306472318 1261
1694356039093 0.23083064814738063 1262
1694356039146 0.2307105783549299 1263
1694356039168 0.23059166264694186 1264
1694356039191 0.23047554086274805 1265
1694356039216 0.23035953461205672 1266
1694356039241 0.23023747458713664 1267
1694356039266 0.2301007420882304 1268
1694356039289 0.22996959234335923 1269
1694356039313 0.22984080474604004 1270
1694356039341 0.22969682957735835 1271
1694356039365 0.22957286578695976 1272
1694356039388 0.2294346176379427 1273
1694356039414 0.22930858742242374 1274
1694356039438 0.2291834545553362 1275
1694356039462 0.22905849949704507 1276
1694356039498 0.228940681138028 1277
1694356039520 0.22879686568040603 1278
1694356039545 0.22868295933200078 1279
1694356039567 0.22856077539272096 1280
1694356039591 0.22843507996299836 1281
1694356039613 0.22831626830369908 1282
1694356039639 0.22817775863129952 1283
1694356039665 0.22804791331338686 1284
1694356039689 0.22792858917487924 1285
1694356039712 0.22778568118797024 1286
1694356039737 0.227670731812416 1287
1694356039765 0.22753962992673665 1288
1694356039789 0.22741247016710994 1289
1694356039813 0.2272887692514327 1290
1694356039837 0.22714659008075866 1291
1694356039861 0.22702585074871404 1292
1694356039886 0.22691466142919203 1293
1694356039910 0.2267992430895697 1294
1694356039935 0.22667444759127622 1295
1694356039960 0.22653985405156338 1296
1694356039984 0.22640556227801206 1297
1694356040008 0.22627320729360545 1298
1694356040033 0.22615052338737368 1299
1694356040057 0.22601497923140879 1300
1694356040082 0.22590432386216283 1301
1694356040107 0.22577061819150177 1302
1694356040131 0.22563930503718696 1303
1694356040167 0.22550532809444496 1304
1694356040196 0.22537106709480417 1305
1694356040220 0.22523350683026527 1306
1694356040245 0.22511083083416855 1307
1694356040274 0.22498487702589948 1308
1694356040297 0.22484941033015546 1309
1694356040322 0.22471217744280353 1310
1694356040347 0.2245681886454589 1311
1694356040372 0.22444186548708003 1312
1694356040398 0.22431783983402734 1313
1694356040424 0.22420298101318606 1314
1694356040448 0.22407279584396056 1315
1694356040470 0.2239509274347547 1316
1694356040493 0.22382709263738695 1317
1694356040523 0.223707715283983 1318
1694356040549 0.2235928693894672 1319
1694356040579 0.2234619725090115 1320
1694356040636 0.2233428558704082 1321
1694356040697 0.22321105629420207 1322
1694356040731 0.22309960480699081 1323
1694356040758 0.22298926212663978 1324
1694356040783 0.22286019470985857 1325
1694356040808 0.22273807299759185 1326
1694356040832 0.22263046002805748 1327
1694356040855 0.22248458947864047 1328
1694356040879 0.2223565875829078 1329
1694356040904 0.22222951344537914 1330
1694356040929 0.22210486142073346 1331
1694356040982 0.22197827769595882 1332
1694356041005 0.22185056182586993 1333
1694356041029 0.2217283938989921 1334
1694356041052 0.22161234903552707 1335
1694356041080 0.22149004988895854 1336
1694356041103 0.22136713613600809 1337
1694356041127 0.22124301198215857 1338
1694356041199 0.2211214591892588 1339
1694356041222 0.22098745140499068 1340
1694356041246 0.22088702730728108 1341
1694356041275 0.22076390361661288 1342
1694356041302 0.2206438025694952 1343
1694356041326 0.2205225861659215 1344
1694356041352 0.22041348895404045 1345
1694356041376 0.2203055567719878 1346
1694356041402 0.2201873134262059 1347
1694356041431 0.22005234557224795 1348
1694356041455 0.21991192297602255 1349
1694356041481 0.2197827401794788 1350
1694356041506 0.21966080302208746 1351
1694356041534 0.219527195318597 1352
1694356041561 0.2194176567536182 1353
1694356041587 0.21929187329211927 1354
1694356041612 0.21917724415596465 1355
1694356041638 0.21907833706433377 1356
1694356041663 0.21896387396855077 1357
1694356041689 0.2188460030862035 1358
1694356041714 0.21872905524319042 1359
1694356041740 0.21860661675458432 1360
1694356041766 0.2184734241608259 1361
1694356041793 0.21834524523555857 1362
1694356041817 0.2182163050097615 1363
1694356041842 0.21809523788332655 1364
1694356041869 0.2179740902827448 1365
1694356041893 0.21785267751957813 1366
1694356041916 0.21773727912741006 1367
1694356041953 0.21761503639458443 1368
1694356041979 0.21750977039818706 1369
1694356042002 0.21739239160499202 1370
1694356042026 0.2172686025641206 1371
1694356042048 0.21715876403885134 1372
1694356042083 0.2170337432981807 1373
1694356042106 0.21690782432008732 1374
1694356042130 0.216794291354747 1375
1694356042154 0.21667186692126228 1376
1694356042179 0.21655179452953838 1377
1694356042214 0.21642405301990972 1378
1694356042239 0.21629608035184314 1379
1694356042265 0.2161729189793983 1380
1694356042290 0.21605486896206624 1381
1694356042318 0.21593998365825737 1382
1694356042345 0.21582314777532727 1383
1694356042368 0.21570686821591628 1384
1694356042394 0.21558779414704357 1385
1694356042419 0.21546353658162215 1386
1694356042445 0.21533254025100798 1387
1694356042468 0.21521280769186493 1388
1694356042493 0.21510058802812768 1389
1694356042518 0.21497845598789966 1390
1694356042546 0.21486939600347485 1391
1694356042569 0.2147557080102983 1392
1694356042595 0.21464284113803683 1393
1694356042619 0.21453199633173872 1394
1694356042646 0.2144176217100464 1395
1694356042682 0.2143022539591962 1396
1694356042708 0.2141777536348134 1397
1694356042803 0.21407060532959604 1398
1694356042853 0.21395853958763927 1399
1694356042879 0.21385719497733682 1400
1694356042903 0.2137408049015126 1401
1694356042927 0.21364479221131774 1402
1694356042954 0.21352913653907893 1403
1694356043004 0.21341355478583396 1404
1694356043027 0.21330658396461635 1405
1694356043050 0.21320869424775468 1406
1694356043073 0.21309692946550376 1407
1694356043097 0.21298012649682063 1408
1694356043121 0.21285482471250455 1409
1694356043147 0.21275195103185082 1410
1694356043169 0.21265402477193782 1411
1694356043218 0.2125359399038787 1412
1694356043241 0.21241605933276006 1413
1694356043265 0.212299469522853 1414
1694356043290 0.21218504127274762 1415
1694356043316 0.21207997042190263 1416
1694356043341 0.2119474285701651 1417
1694356043367 0.2118291852679569 1418
1694356043390 0.21171602633032474 1419
1694356043417 0.21159349918125306 1420
1694356043441 0.211483152315854 1421
1694356043469 0.21137963086207118 1422
1694356043494 0.21125803216810346 1423
1694356043521 0.2111390212968155 1424
1694356043547 0.21101015352689095 1425
1694356043709 0.21090437050177352 1426
1694356043732 0.21078822966794958 1427
1694356043756 0.21065557023427808 1428
1694356043779 0.2105361397265792 1429
1694356043803 0.21042526926265498 1430
1694356043827 0.21030877493796224 1431
1694356043851 0.21018870809486737 1432
1694356043874 0.21006096004544317 1433
1694356043899 0.2099395718883298 1434
1694356043923 0.20983128177863225 1435
1694356043948 0.20969735731723887 1436
1694356043973 0.2095885652980854 1437
1694356043999 0.20947835005598803 1438
1694356044021 0.20937906362014747 1439
1694356044045 0.2092760795835829 1440
1694356044067 0.20915346618911854 1441
1694356044092 0.20905523296406545 1442
1694356044115 0.20894177046120405 1443
1694356044138 0.2088330062634352 1444
1694356044161 0.2087304742033572 1445
1694356044185 0.20862125969323883 1446
1694356044214 0.20848438373962272 1447
1694356044236 0.2083746145003438 1448
1694356044259 0.20825997225249243 1449
1694356044285 0.20815956115513454 1450
1694356044310 0.20804087025564172 1451
1694356044334 0.20791410260092874 1452
1694356044358 0.20781276851302072 1453
1694356044383 0.20769827854861692 1454
1694356044408 0.2075814949279082 1455
1694356044431 0.20747243673653462 1456
1694356044456 0.2073588728727846 1457
1694356044482 0.2072545161059477 1458
1694356044513 0.20714213629346148 1459
1694356044540 0.20703426485818277 1460
1694356044573 0.20692930582137173 1461
1694356044601 0.20682492208785377 1462
1694356044632 0.20670248347453143 1463
1694356044662 0.20659881602467375 1464
1694356044691 0.20648878316890085 1465
1694356044724 0.2063704357435512 1466
1694356044753 0.20626720982730903 1467
1694356044781 0.20615804121114173 1468
1694356044815 0.2060409187921345 1469
1694356044838 0.20593581036320124 1470
1694356044916 0.20582624652919707 1471
1694356044939 0.20572252923502893 1472
1694356044963 0.2056156188755487 1473
1694356044989 0.20549854506648238 1474
1694356045039 0.2053833901340973 1475
1694356045062 0.20528147869350782 1476
1694356045085 0.20518281313093467 1477
1694356045108 0.2050633763340814 1478
1694356045131 0.2049523169142141 1479
1694356045153 0.20485288309570482 1480
1694356045179 0.20473819037950886 1481
1694356045202 0.2046506931945824 1482
1694356045250 0.20453932490661275 1483
1694356045279 0.204432421791478 1484
1694356045303 0.2043230471138432 1485
1694356045327 0.20423287178562827 1486
1694356045351 0.20413180615901083 1487
1694356045375 0.20402202115047796 1488
1694356045399 0.2039043446553794 1489
1694356045423 0.2037869324873235 1490
1694356045448 0.20369670358669445 1491
1694356045473 0.20358071029455738 1492
1694356045500 0.20346911617271873 1493
1694356045524 0.20336232491784964 1494
1694356045547 0.20324527481324922 1495
1694356045571 0.20314573107269476 1496
1694356045597 0.20304320236603626 1497
1694356045622 0.2029335029439507 1498
1694356045647 0.2028270574849383 1499
1694356045980 0.20304320236603626 1500
