1694357846873 1.9107536336657314 0
1694357846906 1.8740071972907848 1
1694357847059 1.8408203752939953 2
1694357847084 1.8091801994170673 3
1694357847109 1.7793470440929546 4
1694357847132 1.7509159892191677 5
1694357847156 1.7240237432876708 6
1694357847181 1.6983915940549559 7
1694357847206 1.6736989044148634 8
1694357847230 1.6499840599004219 9
1694357847254 1.6271171328489167 10
1694357847278 1.605186038704913 11
1694357847305 1.5838690908377284 12
1694357847329 1.5635021007710326 13
1694357847358 1.5439076638879499 14
1694357847384 1.5249148009963251 15
1694357847408 1.506215877821325 16
1694357847433 1.4882465434214533 17
1694357847463 1.4708847644810452 18
1694357847488 1.4539828656305198 19
1694357847513 1.4378115350501632 20
1694357847540 1.4216600490221543 21
1694357847567 1.406068990810297 22
1694357847596 1.3909444256121817 23
1694357847622 1.3762139887033449 24
1694357847647 1.3617786839208745 25
1694357847673 1.3475329039185155 26
1694357847698 1.3336225981288763 27
1694357847723 1.3200516090590566 28
1694357847756 1.306796252008381 29
1694357847784 1.2940704006033523 30
1694357847809 1.2814585031362664 31
1694357847835 1.2691324582732832 32
1694357847861 1.2571036848590362 33
1694357847886 1.245387722140443 34
1694357847912 1.2338744010566127 35
1694357847937 1.222579593865555 36
1694357847968 1.21163489359911 37
1694357848018 1.2009261004413174 38
1694357848042 1.1903261788314679 39
1694357848070 1.1799756048445915 40
1694357848096 1.1698732423599671 41
1694357848124 1.1600725502079987 42
1694357848149 1.1502895701639058 43
1694357848174 1.1406266301012438 44
1694357848201 1.1311312955131185 45
1694357848226 1.1218615164521346 46
1694357848252 1.112825051624061 47
1694357848279 1.1037909795544436 48
1694357848308 1.0950896725395456 49
1694357848332 1.0865733064735856 50
1694357848356 1.078176186327556 51
1694357848381 1.0699312968806842 52
1694357848406 1.061789171388919 53
1694357848433 1.0538399374131517 54
1694357848464 1.0460048727505613 55
1694357848489 1.0382403180704498 56
1694357848514 1.030645180813809 57
1694357848540 1.0231105139248635 58
1694357848566 1.015775511728369 59
1694357848593 1.0085687776756849 60
1694357848618 1.0014306960755204 61
1694357848644 0.9944743883363788 62
1694357848675 0.9877416285592215 63
1694357848702 0.9809894728919761 64
1694357848728 0.9744365652919433 65
1694357848755 0.9679393215711996 66
1694357848781 0.9615516254341605 67
1694357848808 0.9552586485845141 68
1694357848835 0.9490165838498811 69
1694357848863 0.9429531248680751 70
1694357848890 0.936959393644151 71
1694357848918 0.9311283952873635 72
1694357848945 0.9252930113328818 73
1694357849001 0.9195574826154038 74
1694357849026 0.9138148856786245 75
1694357849050 0.9082031678446608 76
1694357849179 0.9027834413994449 77
1694357849204 0.8974099911279383 78
1694357849230 0.8921253374805491 79
1694357849306 0.8869419390283036 80
1694357849331 0.8818342660305158 81
1694357849369 0.8768322868814546 82
1694357849415 0.8718589178480334 83
1694357849439 0.866957286473257 84
1694357849476 0.8621287667602908 85
1694357849505 0.857302486344444 86
1694357849531 0.8526423512841972 87
1694357849566 0.8480076543651017 88
1694357849594 0.8434152444577991 89
1694357849621 0.8388794307536898 90
1694357849653 0.834381646096191 91
1694357849682 0.8300910682455951 92
1694357849711 0.8258957698267266 93
1694357849738 0.8216506428130108 94
1694357849765 0.8174205664206012 95
1694357849791 0.8132702548323032 96
1694357849816 0.8092874265239924 97
1694357849841 0.8052752410256996 98
1694357849876 0.8013510019152633 99
1694357849903 0.7974633112042604 100
1694357849928 0.7936393721331754 101
1694357849959 0.789885693108728 102
1694357849986 0.7861597917679695 103
1694357850012 0.7825251173312737 104
1694357850064 0.7788463559267012 105
1694357850091 0.7753042234410338 106
1694357850118 0.7717439491719389 107
1694357850147 0.768231491074755 108
1694357850173 0.7647048648688053 109
1694357850198 0.7613026142168917 110
1694357850224 0.7578876865779663 111
1694357850253 0.7545493330928494 112
1694357850279 0.7512931652775209 113
1694357850303 0.7480578430917767 114
1694357850330 0.744875673803849 115
1694357850356 0.7417046864332875 116
1694357850380 0.7386473708697437 117
1694357850406 0.7356030647272567 118
1694357850430 0.7325496452950637 119
1694357850460 0.7295805663216127 120
1694357850486 0.726592218578646 121
1694357850516 0.7237001236610102 122
1694357850543 0.7208574760680361 123
1694357850569 0.7180423457010653 124
1694357850597 0.7152008563236603 125
1694357850623 0.7124589147300725 126
1694357850652 0.7096794644543479 127
1694357850680 0.7069576736526485 128
1694357850707 0.7042987143456446 129
1694357850735 0.7016405109529201 130
1694357850761 0.6990319771733576 131
1694357850792 0.6963885112500164 132
1694357850821 0.6938900410997051 133
1694357850848 0.6914255284360454 134
1694357850875 0.6888807693117115 135
1694357850913 0.6864080771429556 136
1694357850942 0.6839650877635816 137
1694357850974 0.6814896970496503 138
1694357851001 0.6790549523288366 139
1694357851052 0.6767246543881997 140
1694357851076 0.6743894432880336 141
1694357851104 0.6720574871644134 142
1694357851129 0.6698047152999941 143
1694357851216 0.6675445892827818 144
1694357851252 0.6652502005271724 145
1694357851281 0.6630536610330858 146
1694357851310 0.660866211265654 147
1694357851347 0.6587123818874366 148
1694357851373 0.6565749625203334 149
1694357851399 0.6544038390468845 150
1694357851436 0.652295037190664 151
1694357851466 0.650162896923598 152
1694357851491 0.6481542965123283 153
1694357851517 0.6461387043892682 154
1694357851541 0.6441221466311537 155
1694357851566 0.6420854188541205 156
1694357851591 0.6401296378944 157
1694357851618 0.6382298968544504 158
1694357851642 0.6362681806290252 159
1694357851667 0.6343904620673864 160
1694357851693 0.632479491233531 161
1694357851721 0.6305975233850214 162
1694357851747 0.6287542122226574 163
1694357851776 0.6269544428996954 164
1694357851803 0.6251394348183507 165
1694357851833 0.6233388396024562 166
1694357851857 0.6215428694618234 167
1694357851883 0.6198031509024512 168
1694357851909 0.6180127999512265 169
1694357851934 0.6163301856388279 170
1694357851965 0.6146483644679864 171
1694357851991 0.6129100964424014 172
1694357852017 0.611243461476035 173
1694357852044 0.6095998327742862 174
1694357852092 0.6079438342615913 175
1694357852118 0.6062392994834815 176
1694357852143 0.6045733252609641 177
1694357852169 0.602969371674057 178
1694357852193 0.6013861298923368 179
1694357852218 0.5998491954749178 180
1694357852243 0.5982973111972888 181
1694357852268 0.596768775527335 182
1694357852296 0.5951992032632252 183
1694357852321 0.5936721455682694 184
1694357852353 0.5921599270049857 185
1694357852377 0.5906695272618081 186
1694357852401 0.5892047718698928 187
1694357852425 0.5877384676687802 188
1694357852451 0.5863057510278918 189
1694357852483 0.5848439925583934 190
1694357852509 0.5834529974551285 191
1694357852534 0.5820317785458033 192
1694357852560 0.5806175038778443 193
1694357852585 0.5792159443462496 194
1694357852612 0.5778749970681966 195
1694357852637 0.5765307847423465 196
1694357852662 0.5751846719908054 197
1694357852688 0.5738270401425001 198
1694357852714 0.5724586353943992 199
1694357852739 0.5711456921622102 200
1694357852765 0.5698699235067034 201
1694357852791 0.5685552799681646 202
1694357852818 0.5672982133991059 203
1694357852844 0.5660382345893761 204
1694357852869 0.5648130319929233 205
1694357852899 0.5635337900553851 206
1694357852925 0.5622492900382944 207
1694357852956 0.5609726450736646 208
1694357852981 0.5598031906286093 209
1694357853006 0.5585994489310725 210
1694357853031 0.5573608732618941 211
1694357853081 0.5561692717184447 212
1694357853106 0.5549783413781879 213
1694357853131 0.5537713041349983 214
1694357853157 0.5526164687448208 215
1694357853183 0.5514675381153256 216
1694357853208 0.5503413070118628 217
1694357853239 0.5492035798992019 218
1694357853270 0.548085088777224 219
1694357853332 0.5469906094762793 220
1694357853367 0.5458733080351083 221
1694357853402 0.5447697943764508 222
1694357853429 0.5436331921300455 223
1694357853459 0.5425396355454208 224
1694357853484 0.5414544987199313 225
1694357853512 0.5403977996578279 226
1694357853538 0.539289772623819 227
1694357853562 0.5382510545938594 228
1694357853587 0.5372423023352192 229
1694357853612 0.5362128009491326 230
1694357853637 0.5351702931279547 231
1694357853662 0.5341935780184556 232
1694357853687 0.5331284814641165 233
1694357853713 0.5321072922488628 234
1694357853740 0.531122292120131 235
1694357853766 0.5301544794101607 236
1694357853792 0.5291575000220853 237
1694357853817 0.5281985350525351 238
1694357853844 0.5272206372520349 239
1694357853870 0.5262552678861497 240
1694357853895 0.5253140147500778 241
1694357853919 0.5243472213775952 242
1694357853951 0.5234083155390195 243
1694357853983 0.5224413943270261 244
1694357854008 0.5215004938164627 245
1694357854035 0.5206064173542002 246
1694357854061 0.5196513514343891 247
1694357854099 0.5187175315168985 248
1694357854132 0.5177725109131401 249
1694357854157 0.5168952986509143 250
1694357854183 0.5159560373515495 251
1694357854209 0.5150552742397627 252
1694357854232 0.5141571762660334 253
1694357854257 0.5132548088481295 254
1694357854281 0.5124099369560279 255
1694357854306 0.5115268495433483 256
1694357854331 0.5106762718574565 257
1694357854356 0.5097835462073136 258
1694357854382 0.5089421247197335 259
1694357854407 0.5081058746389704 260
1694357854434 0.5072502435222165 261
1694357854467 0.5063870603169354 262
1694357854492 0.5055583782321823 263
1694357854517 0.5047111626258439 264
1694357854543 0.5039154720566709 265
1694357854568 0.503112605194529 266
1694357854593 0.5022811310504595 267
1694357854619 0.5014655425618161 268
1694357854644 0.5006530390420565 269
1694357854669 0.49981110883163204 270
1694357854694 0.49900470164669153 271
1694357854719 0.49819889629211234 272
1694357854743 0.49741726039783074 273
1694357854769 0.4966702775936679 274
1694357854794 0.49588441249837306 275
1694357854819 0.495126395877519 276
1694357854844 0.49442836850259786 277
1694357854869 0.4936885797615441 278
1694357854905 0.49292386093119117 279
1694357854930 0.4921931014319483 280
1694357854963 0.49144744705522775 281
1694357854990 0.4907154652065971 282
1694357855018 0.489957329445351 283
1694357855043 0.4892369572068647 284
1694357855103 0.48849215650159494 285
1694357855248 0.4877587110670931 286
1694357855273 0.48701341760818306 287
1694357855298 0.48628599262373035 288
1694357855325 0.4855586119466716 289
1694357855349 0.4848549239426736 290
1694357855373 0.4841518371891941 291
1694357855472 0.4834645303478593 292
1694357855496 0.48276269687332957 293
1694357855523 0.48207211781893206 294
1694357855552 0.4813780328507633 295
1694357855576 0.48068773280538835 296
1694357855601 0.480007409535435 297
1694357855626 0.4793132341502477 298
1694357855650 0.47863246700332884 299
1694357855685 0.47793706500069266 300
1694357855708 0.4772619855173598 301
1694357855732 0.47660570440010497 302
1694357855757 0.4759529610916767 303
1694357855782 0.4752891824734196 304
1694357855808 0.4746331098231219 305
1694357855833 0.4739955943215855 306
1694357855858 0.4733438596058683 307
1694357855882 0.47271265578703575 308
1694357855908 0.4720276932744209 309
1694357855934 0.47142088944041083 310
1694357855965 0.47078972208212344 311
1694357855990 0.4701672275791354 312
1694357856029 0.46952730531137055 313
1694357856066 0.4688997239228772 314
1694357856090 0.46828182079560965 315
1694357856145 0.46768129829561156 316
1694357856169 0.46709543443429735 317
1694357856192 0.46648545828048293 318
1694357856218 0.4658800380320747 319
1694357856244 0.4652975546717197 320
1694357856269 0.4646863119843596 321
1694357856294 0.4641029718501447 322
1694357856319 0.4635009645194739 323
1694357856345 0.46292677899440215 324
1694357856369 0.46234177105347857 325
1694357856393 0.4617536732199934 326
1694357856420 0.46115642269194956 327
1694357856450 0.4605412091062597 328
1694357856474 0.4599662415416247 329
1694357856499 0.4593712998142989 330
1694357856525 0.4588036018114689 331
1694357856550 0.4582308922577544 332
1694357856575 0.4576910622265248 333
1694357856602 0.4570946893417735 334
1694357856627 0.4565166800272685 335
1694357856651 0.4559678258466895 336
1694357856677 0.45543512947545495 337
1694357856702 0.45487369440592 338
1694357856727 0.45427805892454404 339
1694357856755 0.45367050651231283 340
1694357856779 0.45312499495626596 341
1694357856806 0.4525592341760685 342
1694357856835 0.45202397880114964 343
1694357856860 0.451484883304946 344
1694357856885 0.45094091292136695 345
1694357856911 0.4504086390746727 346
1694357856936 0.44992543578645794 347
1694357856966 0.4494005391865896 348
1694357856991 0.448882313170651 349
1694357857017 0.4483279964098362 350
1694357857044 0.4477860681882591 351
1694357857069 0.44724872248106046 352
1694357857120 0.44669207497346614 353
1694357857144 0.446180691432301 354
1694357857168 0.44565992929996456 355
1694357857192 0.4451280399919289 356
1694357857220 0.4446033541776876 357
1694357857246 0.44407936604611686 358
1694357857270 0.4435601828217752 359
1694357857295 0.4430377431375985 360
1694357857319 0.442502881948046 361
1694357857343 0.4420175681122494 362
1694357857369 0.44148763522109197 363
1694357857394 0.4409971508331416 364
1694357857421 0.4404936348725312 365
1694357857444 0.43999165201138213 366
1694357857484 0.43946181764139003 367
1694357857579 0.43896231857236845 368
1694357857612 0.4384698308446364 369
1694357857639 0.4379743122073891 370
1694357857722 0.4374708301418591 371
1694357857746 0.4369681340839479 372
1694357857774 0.43647206935383437 373
1694357857800 0.43596619144271753 374
1694357857826 0.4354724736210259 375
1694357857850 0.43502215394457827 376
1694357857876 0.43451204245847636 377
1694357857903 0.4340114984055736 378
1694357857928 0.43353185094265845 379
1694357857959 0.43303353542691825 380
1694357857983 0.43258054899654086 381
1694357858010 0.43209018930758636 382
1694357858037 0.43160492554751184 383
1694357858062 0.4311529053057795 384
1694357858086 0.4307237371863173 385
1694357858112 0.4302322101565132 386
1694357858139 0.4297741724529394 387
1694357858192 0.4293066820998556 388
1694357858216 0.4288336037960917 389
1694357858240 0.42839700604787795 390
1694357858265 0.4279768449194068 391
1694357858299 0.427500173933346 392
1694357858327 0.4270511699935747 393
1694357858353 0.42658721642971925 394
1694357858379 0.42612180183534326 395
1694357858405 0.4256735477853474 396
1694357858432 0.4252070008480927 397
1694357858465 0.42473484657336663 398
1694357858491 0.42428108227548833 399
1694357858517 0.4238334850284634 400
1694357858541 0.42342624932597334 401
1694357858568 0.4229596513161635 402
1694357858593 0.42251427300080086 403
1694357858617 0.42209698065889206 404
1694357858642 0.42166964787094513 405
1694357858667 0.4211742556492681 406
1694357858692 0.4207371893096131 407
1694357858722 0.4202894684391113 408
1694357858746 0.4198689489889177 409
1694357858774 0.4194222691536696 410
1694357858798 0.4190112704438643 411
1694357858823 0.41858423064610706 412
1694357858847 0.4181449452040041 413
1694357858871 0.41772713838135955 414
1694357858896 0.4173082062722675 415
1694357858932 0.4168965574604793 416
1694357858958 0.4164878469547352 417
1694357858987 0.41606342988519057 418
1694357859012 0.4156018969052228 419
1694357859039 0.4151584178526747 420
1694357859063 0.4147403686329855 421
1694357859087 0.4143680455634211 422
1694357859114 0.41394607259342814 423
1694357859163 0.41353623402843454 424
1694357859187 0.4131244112284519 425
1694357859211 0.4127285509089028 426
1694357859234 0.4123494909938905 427
1694357859263 0.41191653117190546 428
1694357859289 0.41151847505099237 429
1694357859313 0.41111424314689476 430
1694357859337 0.41070879682721323 431
1694357859362 0.4103020135182285 432
1694357859388 0.40989512325575783 433
1694357859414 0.40944218840436714 434
1694357859440 0.4090310226379965 435
1694357859470 0.4086179623914574 436
1694357859494 0.408239007809852 437
1694357859518 0.40783588878200594 438
1694357859542 0.40745503409567185 439
1694357859569 0.40707037213597147 440
1694357859600 0.406666945211105 441
1694357859690 0.4062528657998414 442
1694357859713 0.4058555865797662 443
1694357859741 0.40544263479445103 444
1694357859768 0.40507727700868895 445
1694357859793 0.4046873960076595 446
1694357859817 0.4043045782965464 447
1694357859843 0.4039159884215812 448
1694357859867 0.4034875889486613 449
1694357859894 0.4031095036327803 450
1694357859918 0.40271470949957344 451
1694357859944 0.40232751089840946 452
1694357859977 0.40196028187133054 453
1694357860002 0.40159686677102685 454
1694357860028 0.4012016294225929 455
1694357860052 0.40082909175149284 456
1694357860079 0.4004570177316915 457
1694357860104 0.40007744072749557 458
1694357860129 0.3997231540241349 459
1694357860153 0.3993585168531017 460
1694357860180 0.39898930287809 461
1694357860229 0.39861921300748515 462
1694357860255 0.3982294335325273 463
1694357860279 0.3978811407418226 464
1694357860307 0.3974953121869582 465
1694357860331 0.39712355983825276 466
1694357860356 0.3967543231157674 467
1694357860380 0.39637496570342085 468
1694357860406 0.39601734243209663 469
1694357860430 0.39568378806265 470
1694357860460 0.39531350604094134 471
1694357860483 0.39496607553868335 472
1694357860508 0.39462699900950626 473
1694357860533 0.39425722573104216 474
1694357860557 0.39390953383670185 475
1694357860581 0.39358643165469775 476
1694357860607 0.39325767929294503 477
1694357860631 0.3929139140032212 478
1694357860678 0.39254906385001176 479
1694357860703 0.3922029751074783 480
1694357860732 0.3918479701582854 481
1694357860757 0.3915017901161655 482
1694357860782 0.3911724332505447 483
1694357860806 0.3908284075130633 484
1694357860834 0.39047380478803795 485
1694357860861 0.390116380509742 486
1694357860885 0.38976673085755 487
1694357860910 0.3894201744015661 488
1694357860933 0.38908937461573495 489
1694357860963 0.38874671905642283 490
1694357860990 0.3884047021909166 491
1694357861015 0.3880829904914655 492
1694357861039 0.38775357952935996 493
1694357861063 0.3874189017453508 494
1694357861088 0.38707404767418224 495
1694357861112 0.38673806354350254 496
1694357861136 0.38639127849915345 497
1694357861161 0.3861009759123902 498
1694357861211 0.3857855033416802 499
1694357861317 0.3857855033416802 500
