1696075021522 1.8794944419678503 0
1696075021577 1.8098269489789383 1
1696075021598 1.7471260278948955 2
1696075021620 1.6951980425992768 3
1696075021642 1.641790569582841 4
1696075021666 1.5981645467564447 5
1696075021688 1.5530154771756577 6
1696075021712 1.5144303838970916 7
1696075021737 1.4763204165811297 8
1696075021759 1.4421503865876941 9
1696075021814 1.4034550380140478 10
1696075021833 1.3666763790112784 11
1696075021853 1.3328030238326543 12
1696075021873 1.3005192191835988 13
1696075021897 1.268164136668882 14
1696075021916 1.237120567333757 15
1696075021941 1.2134675601919045 16
1696075021964 1.1859886452630708 17
1696075021988 1.1624294544385505 18
1696075022011 1.138927066729612 19
1696075022034 1.1187265433148998 20
1696075022055 1.0942023791110589 21
1696075022115 1.0717829282743585 22
1696075022134 1.0477154120325682 23
1696075022168 1.0254708625864053 24
1696075022195 1.0037479348344174 25
1696075022215 0.982585694150769 26
1696075022241 0.9643141992336897 27
1696075022263 0.9473094762490633 28
1696075022289 0.9276195395946949 29
1696075022312 0.9078947465993142 30
1696075022388 0.889821793350056 31
1696075022418 0.8750857929861885 32
1696075022520 0.8593862549862552 33
1696075022584 0.8424817812589004 34
1696075022604 0.8261922976588747 35
1696075022626 0.8097410087027679 36
1696075022653 0.7961986738519734 37
1696075022673 0.7799592896988969 38
1696075022696 0.7668155680128084 39
1696075022718 0.7519973702608649 40
1696075022741 0.7368725167212054 41
1696075022753 0.7226567197013206 42
1696075022776 0.7113170950476029 43
1696075022799 0.697632622081293 44
1696075022822 0.6848544116337578 45
1696075022847 0.6723493893005178 46
1696075022868 0.6597485893314372 47
1696075022890 0.6479249733960571 48
1696075022915 0.6377374820613897 49
1696075022938 0.6262163587522958 50
1696075022963 0.6152307302794279 51
1696075022992 0.6039378592558542 52
1696075023013 0.5922559576294035 53
1696075023036 0.5822317419546568 54
1696075023060 0.5719928085847619 55
1696075023084 0.5615919518524134 56
1696075023104 0.5508796141078247 57
1696075023127 0.5410481150307209 58
1696075023151 0.5312874575003932 59
1696075023176 0.522652136709201 60
1696075023198 0.5127471514153898 61
1696075023221 0.5030429490601748 62
1696075023244 0.494140321043715 63
1696075023270 0.48512510100520295 64
1696075023293 0.47721356365367157 65
1696075023335 0.46826514932225827 66
1696075023363 0.460101978060655 67
1696075023387 0.45265000902646324 68
1696075023413 0.4443885041519011 69
1696075023440 0.4375448628311344 70
1696075023486 0.4303611041617205 71
1696075023508 0.4223993539105961 72
1696075023567 0.4151624495281523 73
1696075023592 0.40837320962133405 74
1696075023616 0.4008221226706862 75
1696075023649 0.3944303728970889 76
1696075023673 0.38716000219053265 77
1696075023702 0.38019127165678784 78
1696075023730 0.37383309185775904 79
1696075023756 0.3676025518846028 80
1696075023788 0.36167568322909005 81
1696075023850 0.35567242389515613 82
1696075023875 0.3498900570031967 83
1696075023901 0.34351912557808284 84
1696075023930 0.3372468738644309 85
1696075023957 0.3315903739884993 86
1696075023987 0.32594912559594263 87
1696075024023 0.32030602243554845 88
1696075024063 0.3155873932030221 89
1696075024087 0.3100257612237681 90
1696075024115 0.3057874587944753 91
1696075024154 0.30082021968670636 92
1696075024180 0.2953698994380837 93
1696075024205 0.29002981308734616 94
1696075024230 0.28479577956971297 95
1696075024253 0.280294907309566 96
1696075024282 0.2755113826539527 97
1696075024307 0.271152455395629 98
1696075024337 0.26643826438131635 99
1696075024396 0.261645769187253 100
1696075024421 0.2572334669243592 101
1696075024447 0.2533149207987242 102
1696075024474 0.2494563479262966 103
1696075024501 0.24520812461592936 104
1696075024530 0.24136531058280525 105
1696075024559 0.2372621447061021 106
1696075024583 0.23314492124179895 107
1696075024606 0.22941120679206237 108
1696075024632 0.2262193381413542 109
1696075024656 0.22265145005797654 110
1696075024683 0.21886654795108101 111
1696075024835 0.21606899221077944 112
1696075024860 0.21268916724034578 113
1696075024886 0.20911473056032803 114
1696075024911 0.20590287030864635 115
1696075024935 0.20224035869787935 116
1696075024961 0.19887171844070628 117
1696075024985 0.19533999999460508 118
1696075025008 0.19240889099465752 119
1696075025038 0.18915142140350907 120
1696075025061 0.18579964367364335 121
1696075025086 0.18267935670541258 122
1696075025111 0.18000628121000803 123
1696075025135 0.1769208842120205 124
1696075025158 0.17390795956454586 125
1696075025247 0.17121557303861418 126
1696075025311 0.1683600533628138 127
1696075025336 0.16555148805104297 128
1696075025472 0.16315820515579832 129
1696075025495 0.16083251748472605 130
1696075025517 0.15809152430859807 131
1696075025540 0.1556654454066784 132
1696075025564 0.15306569806811945 133
1696075025670 0.1505315523702406 134
1696075025693 0.14815529857920612 135
1696075025718 0.14568237785835264 136
1696075025742 0.1431181938385184 137
1696075025794 0.14069760392714323 138
1696075025815 0.13831180115218508 139
1696075025837 0.13588359590614843 140
1696075025895 0.133634668518275 141
1696075025917 0.13165118209009535 142
1696075025944 0.12945582854923746 143
1696075025972 0.12724950675092878 144
1696075025994 0.12531032974480655 145
1696075026016 0.12311716585470285 146
1696075026040 0.12115326320746744 147
1696075026066 0.11953511150069768 148
1696075026102 0.11771048542766045 149
1696075026123 0.11565226192747383 150
1696075026147 0.11381266205643066 151
1696075026169 0.1119534978536513 152
1696075026193 0.11022273264074375 153
1696075026216 0.10846024184027123 154
1696075026239 0.10692457951058339 155
1696075026263 0.1053601483127186 156
1696075026287 0.10358471248890964 157
1696075026310 0.10184018330301776 158
1696075026334 0.1003382068476426 159
1696075026358 0.09874828045855545 160
1696075026389 0.09708773835121272 161
1696075026449 0.09565033317274392 162
1696075026474 0.09398628514610176 163
1696075026494 0.09257820164637515 164
1696075026515 0.09111495765589472 165
1696075026537 0.08953191526023342 166
1696075026559 0.08802741744748774 167
1696075026626 0.08663735050206003 168
1696075026649 0.08521387896813136 169
1696075026672 0.08400527422381031 170
1696075026700 0.0826775356141822 171
1696075026721 0.08147728155689335 172
1696075026743 0.08006800944937179 173
1696075026766 0.07880983279218627 174
1696075026788 0.0775709230190354 175
1696075026810 0.07622869336800991 176
1696075026833 0.07520281190785745 177
1696075026855 0.07390129802430064 178
1696075026881 0.07278743972043086 179
1696075026907 0.07157550471701152 180
1696075026930 0.07038160094870599 181
1696075026953 0.06919808978911672 182
1696075026983 0.06824401045677453 183
1696075027084 0.06706712814320671 184
1696075027106 0.06595038612683768 185
1696075027134 0.06496132836621042 186
1696075027156 0.06384085781598248 187
1696075027181 0.06280968894809812 188
1696075027202 0.06197661854994415 189
1696075027226 0.061100009238778945 190
1696075027252 0.060256893197508675 191
1696075027277 0.0592608605940604 192
1696075027299 0.05838287928278534 193
1696075027326 0.057470936124026234 194
1696075027350 0.056505449672391225 195
1696075027373 0.055587966441851655 196
1696075027407 0.05475495031388735 197
1696075027429 0.05383832565689338 198
1696075027455 0.05298222277807278 199
1696075027480 0.0521549788682001 200
1696075027503 0.051335619802151615 201
1696075027525 0.05051928660062841 202
1696075027550 0.049766584393330815 203
1696075027574 0.049050162455883936 204
1696075027598 0.04844864612172945 205
1696075027620 0.04768221478810307 206
1696075027933 0.04694252104635937 207
1696075027954 0.046271877640788585 208
1696075027976 0.04552470294707972 209
1696075027999 0.04483432567584989 210
1696075028022 0.044096068621018274 211
1696075028048 0.043415149349055555 212
1696075028072 0.04267236792216373 213
1696075028096 0.042091054187754016 214
1696075028119 0.04139875131027504 215
1696075028142 0.0408198268403543 216
1696075028177 0.04016311620720536 217
1696075028199 0.03948049056438782 218
1696075028223 0.03883453706553109 219
1696075028246 0.038210992718675695 220
1696075028363 0.03760998170358271 221
1696075028389 0.03701423195302439 222
1696075028411 0.03642098842901318 223
1696075028436 0.035938667891620625 224
1696075028466 0.035415230003478404 225
1696075028521 0.03485040321990118 226
1696075028541 0.03428887928241961 227
1696075028565 0.03381855927425585 228
1696075028587 0.0332631424725676 229
1696075028614 0.032773637916504644 230
1696075028638 0.03234816021554404 231
1696075028687 0.031801005526944794 232
1696075028707 0.03126082156040475 233
1696075028728 0.030761915262039273 234
1696075028752 0.030305777451650567 235
1696075028775 0.0298768740867585 236
1696075028799 0.02940717573731109 237
1696075028820 0.028951343285189182 238
1696075028843 0.028575689181112116 239
1696075028867 0.028109626717184096 240
1696075028889 0.02766948403254835 241
1696075028910 0.027216390735947203 242
1696075028933 0.026759874805296076 243
1696075028954 0.026317848005517765 244
1696075028977 0.025896795911818735 245
1696075029002 0.02547037197581957 246
1696075029026 0.025077321487840035 247
1696075029047 0.024679660368183337 248
1696075029068 0.024265804241997993 249
1696075029089 0.023905437331822176 250
1696075029126 0.023550059453631027 251
1696075029150 0.02321926927967479 252
1696075029172 0.022847227977362005 253
1696075029194 0.022478057458781182 254
1696075029218 0.022122426413158543 255
1696075029250 0.021863984422199702 256
1696075029326 0.021510275697761386 257
1696075029365 0.021147741275287072 258
1696075029390 0.02085639265374661 259
1696075029411 0.020539250296009472 260
1696075029434 0.02024955986116001 261
1696075029457 0.01994016498445264 262
1696075029480 0.019632946118871935 263
1696075029513 0.01935453384825717 264
1696075029538 0.01910930615988381 265
1696075029562 0.018812858930334967 266
1696075029584 0.018499700904253367 267
1696075029607 0.018212011540850146 268
1696075029632 0.01797467294668537 269
1696075029657 0.017701186349645813 270
1696075029681 0.01742361252114253 271
1696075029704 0.01721208621045131 272
1696075029726 0.016959888733074278 273
1696075029751 0.016713650815803567 274
1696075029773 0.01646387816520549 275
1696075029805 0.016252345563600726 276
1696075029895 0.015999442858064525 277
1696075029916 0.015741301355133897 278
1696075029944 0.015526734227016885 279
1696075030002 0.015294792248366839 280
1696075030022 0.01504316094832436 281
1696075030050 0.014811310380924153 282
1696075030071 0.014582028926308587 283
1696075030097 0.014372427034955282 284
1696075030120 0.014185128466822123 285
1696075030143 0.013988510155846711 286
1696075030164 0.013757204303829007 287
1696075030189 0.013538190397194665 288
1696075030225 0.013329182266426017 289
1696075030246 0.013110832829146135 290
1696075030269 0.012930579866714432 291
1696075030292 0.012738860859746001 292
1696075030316 0.012574551221844745 293
1696075030340 0.012382675948970287 294
1696075030364 0.01219881661142293 295
1696075030387 0.012038560970860408 296
1696075030441 0.011869459384732214 297
1696075030473 0.011715301250549783 298
1696075030497 0.011553182698869985 299
1696075030561 0.011381622338955483 300
1696075030592 0.011207616753974855 301
1696075030740 0.011053684341239852 302
1696075030768 0.01088688839975515 303
1696075030793 0.010737746375005734 304
1696075030819 0.01060639356127589 305
1696075030844 0.010485804997877421 306
1696075031041 0.010316822794341868 307
1696075031072 0.010171340384402967 308
1696075031100 0.010009579405583344 309
1696075031125 0.0098576261319236 310
1696075031155 0.009702627948679548 311
1696075031178 0.009545011881596484 312
1696075031204 0.009403231085127228 313
1696075031233 0.009255094040306966 314
1696075031256 0.009103920999444709 315
1696075031280 0.008964722592121516 316
1696075031307 0.00885579413499195 317
1696075031340 0.008735065313332837 318
1696075031368 0.008607872416602708 319
1696075031390 0.008467708861727496 320
1696075031418 0.008362125198833595 321
1696075031442 0.008235277064892273 322
1696075031471 0.008126070129113743 323
1696075031499 0.008010459893951582 324
1696075031587 0.007891112142728637 325
1696075031622 0.007766159178375094 326
1696075031648 0.007654631415924264 327
1696075031671 0.007564842103251535 328
1696075031695 0.00747318609828979 329
1696075031716 0.007363896711055231 330
1696075031736 0.007252438528173856 331
1696075031758 0.007144803227876941 332
1696075031779 0.007044808730108364 333
1696075031803 0.006954374402282847 334
1696075031826 0.006866198657704461 335
1696075031849 0.006765890423602817 336
1696075031869 0.0066616500051861465 337
1696075031893 0.006580659379873145 338
1696075031969 0.006489991997408112 339
1696075032042 0.006392862889835408 340
1696075032062 0.006300330319955078 341
1696075032084 0.006232206591099092 342
1696075032110 0.006143801578114376 343
1696075032135 0.0060757483142745965 344
1696075032161 0.005995426193612555 345
1696075032184 0.005915270177525249 346
1696075032205 0.005825117364623862 347
1696075032228 0.005748921832275673 348
1696075032251 0.005666930241734965 349
1696075032275 0.0055942940150479495 350
1696075032301 0.005516770137217648 351
1696075032347 0.0054467802945412 352
1696075032368 0.005363113679565895 353
1696075032389 0.005284170131723703 354
1696075032408 0.005200790354476699 355
1696075032429 0.005124600522955541 356
1696075032449 0.005044666187662429 357
1696075032471 0.004977483761003028 358
1696075032491 0.0048990574980425135 359
1696075032513 0.004827395324029858 360
1696075032536 0.004761494225373588 361
1696075032556 0.004687156599087839 362
1696075032616 0.004624350477916378 363
1696075032637 0.004565145677529661 364
1696075032659 0.004493374963452256 365
1696075032686 0.0044255090925508144 366
1696075032708 0.0043718606015544954 367
1696075032728 0.004313926545822076 368
1696075032753 0.004255168791444979 369
1696075032774 0.0041947900163396565 370
1696075032796 0.004132116010112276 371
1696075032816 0.004073805707878826 372
1696075032837 0.004016925541835546 373
1696075032859 0.003962848872751517 374
1696075032882 0.003905028621326036 375
1696075032903 0.00385562396391515 376
1696075032925 0.0037974544885011 377
1696075032947 0.003755021718647115 378
1696075032968 0.003710284255292514 379
1696075032991 0.003660809170037237 380
1696075033011 0.003608565255181614 381
1696075033032 0.0035619695750697716 382
1696075033056 0.0035129642547968203 383
1696075033077 0.003463338268387394 384
1696075033097 0.003413632647071734 385
1696075033118 0.0033664767465135252 386
1696075033139 0.003316127549249465 387
1696075033164 0.003280064566048467 388
1696075033203 0.0032300402589327047 389
1696075033225 0.003181047186508809 390
1696075033245 0.0031435041626862647 391
1696075033265 0.003095390759049595 392
1696075033309 0.0030537226236566728 393
1696075033329 0.0030081650159779322 394
1696075033349 0.0029696676203103413 395
1696075033370 0.0029258141840740027 396
1696075033389 0.002885492251055885 397
1696075033412 0.0028553922061056707 398
1696075033435 0.002824869198970398 399
1696075033456 0.0027933910697319425 400
1696075033477 0.0027583687843652925 401
1696075033498 0.002720836549574606 402
1696075033522 0.0026847899028873065 403
1696075033544 0.0026446444490227008 404
1696075033565 0.0026071773493308234 405
1696075033586 0.0025684462448584055 406
1696075033610 0.002535992460962261 407
1696075033632 0.0025005098173703478 408
1696075033655 0.0024703440635587327 409
1696075033674 0.0024331575813552582 410
1696075033693 0.002397983620550349 411
1696075033737 0.0023643687650008517 412
1696075033759 0.0023313757713595926 413
1696075033944 0.0022990960793746735 414
1696075033969 0.0022703811353863516 415
1696075033988 0.002237021959374936 416
1696075034010 0.0022081501195522556 417
1696075034123 0.002180340115852798 418
1696075034148 0.0021532798470461968 419
1696075034169 0.0021280767465930123 420
1696075034192 0.002100918927686588 421
1696075034212 0.0020715470856493504 422
1696075034233 0.002043988246882198 423
1696075034256 0.002015995240488793 424
1696075034278 0.0019881716788089673 425
1696075034304 0.0019611376736960034 426
1696075034327 0.0019395097000986855 427
1696075034351 0.001914680917863191 428
1696075034374 0.0018907763575088438 429
1696075034394 0.0018633361198882408 430
1696075034416 0.001836965845539651 431
1696075034437 0.0018138933361066965 432
1696075034457 0.0017900190865943566 433
1696075034476 0.001764192860808704 434
1696075034495 0.0017391094573477718 435
1696075034516 0.001716347597882173 436
1696075034538 0.0016939945280767595 437
1696075034559 0.0016723372996654707 438
1696075034580 0.001649829757810754 439
1696075034601 0.0016283872070869143 440
1696075034661 0.0016067962429011085 441
1696075034682 0.0015862833708183634 442
1696075034742 0.001566864878396534 443
1696075034762 0.0015457342641277008 444
1696075034784 0.0015279143233679923 445
1696075034807 0.0015095156255674356 446
1696075034832 0.0014901232535064215 447
1696075034853 0.0014741655689292123 448
1696075034876 0.0014532822804180707 449
1696075034899 0.001436275610701535 450
1696075034920 0.0014171363672935298 451
1696075034941 0.0013976139242326323 452
1696075034961 0.0013801016817421396 453
1696075034982 0.0013647064746695572 454
1696075035003 0.0013453127541914144 455
1696075035023 0.0013269568149668343 456
1696075035044 0.0013136493819891726 457
1696075035069 0.0013012417939865938 458
1696075035087 0.0012830988392205636 459
1696075035112 0.0012673492095568244 460
1696075035134 0.0012521007888839897 461
1696075035158 0.0012378335074649958 462
1696075035180 0.0012213163343946635 463
1696075035214 0.0012076860180715036 464
1696075035236 0.0011925177434338498 465
1696075035255 0.0011765617938682533 466
1696075035277 0.0011625557931900115 467
1696075035296 0.0011462775952848783 468
1696075035323 0.0011311728583399017 469
1696075035350 0.0011174775914838864 470
1696075035371 0.0011045176494224535 471
1696075035392 0.0010923055803397134 472
1696075035413 0.0010779858524290365 473
1696075035441 0.0010638226456752761 474
1696075035461 0.001051811619617439 475
1696075035482 0.0010400303808347556 476
1696075035502 0.001027169572663721 477
1696075035523 0.0010137551759187092 478
1696075035542 0.0010002855171817007 479
1696075035565 0.0009874301318699504 480
1696075035584 0.0009747268671006941 481
1696075035608 0.0009625254087610435 482
1696075035629 0.0009522681231017413 483
1696075035649 0.0009394948297180703 484
1696075035675 0.0009303786851289792 485
1696075035696 0.0009189296293638115 486
1696075035717 0.0009095097527678972 487
1696075035738 0.0008974245514411345 488
1696075035782 0.000885957701491358 489
1696075035802 0.0008757554173293552 490
1696075035824 0.0008643608900934501 491
1696075035843 0.000853287037670146 492
1696075035870 0.000842854324645417 493
1696075035897 0.0008329375428251637 494
1696075035918 0.0008226324239668462 495
1696075036067 0.0008118485818887286 496
1696075036123 0.0008018502197391933 497
1696075036234 0.000791939408380093 498
1696075036255 0.0007823373634124957 499
1696075036276 0.0007736860440250924 500
1696075036297 0.0007644323095061415 501
1696075036319 0.0007550381477386681 502
1696075036338 0.0007454246269666441 503
1696075036361 0.0007364882553510659 504
1696075036381 0.0007278891287865347 505
1696075036426 0.0007188638077736086 506
1696075036446 0.0007100788404633438 507
1696075036467 0.000701020140572645 508
1696075036488 0.0006921660256553091 509
1696075036510 0.0006840903288452297 510
1696075036531 0.0006756826043657105 511
1696075036554 0.0006684971610360379 512
1696075036574 0.0006599242909090991 513
1696075036595 0.0006522382090321673 514
1696075036616 0.0006451372082930425 515
1696075036635 0.0006373026866496063 516
1696075036654 0.0006291497180072464 517
1696075036710 0.0006227224421796727 518
1696075036731 0.0006152089708593674 519
1696075036750 0.0006078970045838665 520
1696075036773 0.0006008026399005328 521
1696075036796 0.0005940580473382473 522
1696075036816 0.000587212850380165 523
1696075036837 0.0005799351151797567 524
1696075036858 0.000572954980155915 525
1696075036879 0.0005671841893262627 526
1696075036898 0.0005602122738104408 527
1696075036916 0.0005532574034557779 528
1696075036937 0.0005468235504157415 529
1696075036957 0.0005402895221745387 530
1696075036986 0.0005338113949794845 531
1696075037014 0.0005287350434623605 532
1696075037032 0.000522124504168752 533
1696075037052 0.0005162633398098264 534
1696075037071 0.0005100990200922631 535
1696075037094 0.0005038561754948112 536
1696075037114 0.0004974185649571933 537
1696075037133 0.0004924268635063603 538
1696075037153 0.00048621990113928806 539
1696075037172 0.000480074070043936 540
1696075037191 0.0004739111723022969 541
1696075037212 0.0004679571934200369 542
1696075037234 0.00046307556601988387 543
1696075037257 0.0004584354677165319 544
1696075037275 0.00045299375199348344 545
1696075037298 0.00044737942599077133 546
1696075037323 0.0004426614612479672 547
1696075037342 0.0004370810788862758 548
1696075037361 0.00043261214959207844 549
1696075037380 0.0004274264946133944 550
1696075037398 0.0004224307310415641 551
1696075037418 0.000417517772141403 552
1696075037450 0.0004125383572670083 553
1696075037472 0.00040784061373635685 554
1696075037494 0.0004037167196790093 555
1696075037517 0.0003995879160452966 556
1696075037539 0.00039480076208011305 557
1696075037571 0.00039042746018075585 558
1696075037598 0.000386425980670729 559
1696075037628 0.0003823870548420804 560
1696075037654 0.0003781525034530614 561
1696075037681 0.00037366283802976215 562
1696075037708 0.00036975263905900525 563
1696075037729 0.0003653885456306003 564
1696075037756 0.00036114957259593264 565
1696075037778 0.00035695776901287506 566
1696075037806 0.0003535634940356269 567
1696075037832 0.0003504404205959497 568
1696075037911 0.0003468229492332629 569
1696075037934 0.00034252479654351645 570
1696075038022 0.0003386442589201406 571
1696075038043 0.00033460192174201975 572
1696075038076 0.0003309830706771774 573
1696075038099 0.0003269757056322384 574
1696075038124 0.0003228363373108879 575
1696075038186 0.0003191828674349131 576
1696075038211 0.0003154185880566822 577
1696075038234 0.00031134373532865225 578
1696075038362 0.000307822208314653 579
1696075038395 0.0003046265022807978 580
1696075038449 0.00030101359873535447 581
1696075038483 0.0002975466500313651 582
1696075038527 0.0002938958547898399 583
1696075038554 0.00029034511143070615 584
1696075038583 0.0002869005373717577 585
1696075038610 0.00028448757598907375 586
1696075038631 0.00028114514010010134 587
1696075038652 0.0002777439888346127 588
1696075038676 0.00027483979603992693 589
1696075038699 0.00027199153104480895 590
1696075038795 0.000269639634810599 591
1696075038818 0.0002669849614945596 592
1696075038842 0.0002641053739214213 593
1696075038863 0.00026126862973225895 594
1696075038884 0.00025822553732301996 595
1696075038906 0.00025502978425355813 596
1696075038927 0.00025248079435193874 597
1696075038949 0.00024967687992913845 598
1696075038971 0.0002467030413635771 599
1696075038997 0.00024420872278355766 600
1696075039018 0.00024147877839698898 601
1696075039039 0.0002385865650489055 602
1696075039061 0.00023593633772158923 603
1696075039089 0.00023359669973656538 604
1696075039115 0.0002309315081809699 605
1696075039139 0.00022819031855896135 606
1696075039163 0.00022573659805441036 607
1696075039185 0.00022332716140118953 608
1696075039210 0.00022119128139497801 609
1696075039232 0.00021848384747192215 610
1696075039253 0.00021596442215745176 611
1696075039278 0.00021353297498103032 612
1696075039303 0.000211319239464382 613
1696075039326 0.0002089263379279275 614
1696075039355 0.0002065328327441308 615
1696075039377 0.00020407204858466458 616
1696075039399 0.0002016165028322578 617
1696075039421 0.0001994861830129815 618
1696075039442 0.00019743666783955576 619
1696075039464 0.00019513405555423444 620
1696075039487 0.00019294242699973986 621
1696075039507 0.00019065128405115867 622
1696075039530 0.00018811785021932375 623
1696075039556 0.000186283258470216 624
1696075039688 0.0003269757056322384 625
