1694243481509 1.8715625439289734 0
1694243481536 1.8041974103055625 1
1694243481561 1.7466732532534 2
1694243481593 1.6936392338554307 3
1694243481624 1.6449075815787415 4
1694243481652 1.6000568863548612 5
1694243481679 1.5584597134232199 6
1694243481713 1.5197653436305096 7
1694243481737 1.483200488681944 8
1694243481762 1.448577879989377 9
1694243481786 1.4159821767433558 10
1694243481829 1.3852072643801625 11
1694243481857 1.3557702030386336 12
1694243481882 1.328063955309807 13
1694243481908 1.3016949995874048 14
1694243481938 1.2765595356407087 15
1694243482005 1.2522275876735809 16
1694243482031 1.2291730354169514 17
1694243482057 1.2070050761083584 18
1694243482099 1.1857796582134716 19
1694243482124 1.1658715424688946 20
1694243482151 1.1460972832466882 21
1694243482176 1.1271303864305386 22
1694243482201 1.1090938177219098 23
1694243482233 1.0916128172906578 24
1694243482263 1.074743851527178 25
1694243482289 1.0582586547212747 26
1694243482314 1.0424624961327935 27
1694243482340 1.0270096157934399 28
1694243482384 1.0122006109100516 29
1694243482409 0.9981144051707864 30
1694243482436 0.9843013574031575 31
1694243482467 0.9710034997359539 32
1694243482521 0.9581403437254523 33
1694243482569 0.9458391587448702 34
1694243482596 0.9339787276186676 35
1694243482621 0.9222318720789058 36
1694243482653 0.9111252407985916 37
1694243482683 0.9002599943924556 38
1694243482719 0.8897049385800764 39
1694243482744 0.8795333458457578 40
1694243482770 0.8695243585163931 41
1694243482801 0.8600100450226997 42
1694243482829 0.8506504596286095 43
1694243482855 0.8414496036362132 44
1694243482880 0.8326187343197295 45
1694243482929 0.8239538196209774 46
1694243482960 0.8156075851692001 47
1694243482985 0.8073827957318469 48
1694243483015 0.7995511019946584 49
1694243483047 0.7919264985358515 50
1694243483076 0.7845052737887396 51
1694243483142 0.7772219268789355 52
1694243483181 0.7701343756110506 53
1694243483211 0.7633186967832777 54
1694243483237 0.7566871267166557 55
1694243483269 0.750232533269758 56
1694243483295 0.743829536103878 57
1694243483321 0.7375708839909314 58
1694243483348 0.7314552248625149 59
1694243483374 0.7255801813666566 60
1694243483406 0.7197653624753109 61
1694243483444 0.7141159827512057 62
1694243483477 0.7088008020363833 63
1694243483507 0.7032942280491064 64
1694243483534 0.6979761330129818 65
1694243483565 0.6929260024676048 66
1694243483593 0.6879234164197243 67
1694243483621 0.6830454427941143 68
1694243483649 0.6783036709347467 69
1694243483681 0.6736123470531761 70
1694243483704 0.6690984327620325 71
1694243483734 0.6645696264502402 72
1694243483760 0.6602078405380019 73
1694243483785 0.6559370233597079 74
1694243483822 0.6516739246380358 75
1694243483849 0.6474775149594437 76
1694243483878 0.6433794685307341 77
1694243483903 0.6394078885409515 78
1694243483930 0.6355505372337477 79
1694243483973 0.6318108817831115 80
1694243484000 0.6281141118016876 81
1694243484025 0.624465150549839 82
1694243484056 0.6209198487306489 83
1694243484082 0.617378357274064 84
1694243484107 0.6139679322756577 85
1694243484141 0.6105507227991241 86
1694243484172 0.6073407650247439 87
1694243484199 0.6041457020485769 88
1694243484225 0.6009904898416397 89
1694243484260 0.5978933543619271 90
1694243484290 0.5948053338840004 91
1694243484316 0.5918655572602962 92
1694243484341 0.5889500113631823 93
1694243484367 0.5860483594447808 94
1694243484394 0.5831558376711083 95
1694243484424 0.5802748070935191 96
1694243484451 0.5775185673697321 97
1694243484481 0.5748616184160057 98
1694243484541 0.5722209992703072 99
1694243484568 0.5696142260176403 100
1694243484619 0.5669968936948533 101
1694243484645 0.5644367676784178 102
1694243484674 0.5619685911120278 103
1694243484703 0.5594992193770808 104
1694243484728 0.5570291410290354 105
1694243484755 0.554678373510277 106
1694243484784 0.5523317486282562 107
1694243484809 0.5499392436838004 108
1694243484837 0.5476563033971428 109
1694243484862 0.54551503100639 110
1694243484891 0.5433575589469953 111
1694243484916 0.5411970771119664 112
1694243484942 0.5390854499393981 113
1694243484973 0.5370457874386939 114
1694243485003 0.5350651675886504 115
1694243485038 0.5330916925009435 116
1694243485064 0.5311438846975243 117
1694243485089 0.52922940315405 118
1694243485114 0.5272145211570815 119
1694243485142 0.5252123781386755 120
1694243485180 0.5233493129160006 121
1694243485232 0.5215062997208094 122
1694243485260 0.5197195263708665 123
1694243485314 0.5179475545204939 124
1694243485339 0.5160848569180204 125
1694243485364 0.5143040644313819 126
1694243485392 0.5126062578171185 127
1694243485421 0.5108962717988131 128
1694243485454 0.5092394959592055 129
1694243485479 0.5075517540514962 130
1694243485506 0.5059413879711279 131
1694243485530 0.5043729129882363 132
1694243485555 0.5027624402537627 133
1694243485589 0.5011819160561793 134
1694243485615 0.4996553607754813 135
1694243485641 0.49814455408680863 136
1694243485668 0.4965503426999579 137
1694243485694 0.49501012012142664 138
1694243485729 0.4934501637893966 139
1694243485755 0.49198381964349625 140
1694243485779 0.49054855119966945 141
1694243485804 0.48905645680359805 142
1694243485834 0.48761250469934164 143
1694243485858 0.4862506012374633 144
1694243485884 0.4848697750356538 145
1694243485909 0.48351607663658663 146
1694243485955 0.48207534086442866 147
1694243485984 0.48073351124151753 148
1694243486009 0.47941163984438107 149
1694243486033 0.47803671278407206 150
1694243486063 0.4767055944553923 151
1694243486088 0.47531057882112343 152
1694243486129 0.47391743721926793 153
1694243486154 0.47269033115819786 154
1694243486190 0.4713977684441465 155
1694243486221 0.4700903288652855 156
1694243486246 0.4688379506311723 157
1694243486272 0.4676564770793572 158
1694243486305 0.466503794503449 159
1694243486329 0.46533260841911794 160
1694243486354 0.4640272637557095 161
1694243486378 0.4628011910138447 162
1694243486404 0.461586183560984 163
1694243486430 0.460384219802975 164
1694243486466 0.4592060212068723 165
1694243486494 0.4580132495058752 166
1694243486522 0.4568666560039354 167
1694243486546 0.45573638436439023 168
1694243486599 0.45456103695169336 169
1694243486647 0.4534157132149949 170
1694243486672 0.45232922539835024 171
1694243486700 0.45120638818896536 172
1694243486736 0.4501638939190605 173
1694243486761 0.4491282974492752 174
1694243486786 0.44805844394035255 175
1694243486812 0.4469978539184194 176
1694243486840 0.44590206361842377 177
1694243486869 0.44490874608703385 178
1694243486893 0.44384762205971046 179
1694243486917 0.44279916184235985 180
1694243486949 0.4417757148264769 181
1694243486973 0.4407479743332993 182
1694243487002 0.4396674288234774 183
1694243487028 0.4386608553514031 184
1694243487057 0.43760321310104555 185
1694243487083 0.4366541062068052 186
1694243487107 0.4356797761881632 187
1694243487135 0.4347734755006421 188
1694243487180 0.43384105243639537 189
1694243487207 0.43288367022532503 190
1694243487236 0.43188006792136835 191
1694243487263 0.43088327879707156 192
1694243487288 0.4299620309307826 193
1694243487318 0.42901597785426904 194
1694243487352 0.42809114783228086 195
1694243487408 0.4271673004606225 196
1694243487465 0.42624852859920515 197
1694243487494 0.42533307228994327 198
1694243487518 0.4244480285281567 199
1694243487542 0.423537340580632 200
1694243487567 0.42270789235232875 201
1694243487593 0.4218504153448559 202
1694243487623 0.4209500356833484 203
1694243487649 0.42000429394140454 204
1694243487674 0.41915448214717266 205
1694243487713 0.41831115445444694 206
1694243487742 0.41743939806207025 207
1694243487767 0.4165462966214921 208
1694243487792 0.4157192298240102 209
1694243487818 0.4148475950107653 210
1694243487845 0.41401592931836034 211
1694243487869 0.4131930943601268 212
1694243487900 0.412331365031062 213
1694243487926 0.41155229785343406 214
1694243487956 0.41070408004472536 215
1694243487984 0.4098510849544089 216
1694243488011 0.4090653798727665 217
1694243488040 0.4083358155250443 218
1694243488068 0.40754614137945877 219
1694243488095 0.40674818255353157 220
1694243488119 0.40596346184858756 221
1694243488144 0.4051858873692783 222
1694243488181 0.4044243498925331 223
1694243488209 0.40363884830931857 224
1694243488245 0.4028560093045961 225
1694243488271 0.4021090450324471 226
1694243488303 0.40138108475804657 227
1694243488331 0.4005996542537127 228
1694243488358 0.39986277036079443 229
1694243488383 0.3991817343018837 230
1694243488414 0.39846538717744706 231
1694243488442 0.3977903734264757 232
1694243488474 0.39695821442257023 233
1694243488511 0.39630241259830923 234
1694243488540 0.3956141810785752 235
1694243488566 0.39488335649045053 236
1694243488615 0.39414038472662133 237
1694243488653 0.3933962514975135 238
1694243488701 0.3927000377344511 239
1694243488726 0.391964456694803 240
1694243488750 0.3912215253250087 241
1694243488784 0.3905033564999844 242
1694243488808 0.3898240925314503 243
1694243488836 0.389048811441936 244
1694243488861 0.3883046653000531 245
1694243488886 0.3876344278460935 246
1694243488915 0.3868866506322979 247
1694243488938 0.3862354713094147 248
1694243488967 0.3855486895949259 249
1694243488992 0.3848826664322253 250
1694243489019 0.3841907880769952 251
1694243489049 0.38354552909820233 252
1694243489074 0.38286601898798384 253
1694243489102 0.3822328954384581 254
1694243489127 0.3816172076586269 255
1694243489154 0.3809191663343025 256
1694243489183 0.38026309877153935 257
1694243489209 0.3795663548221071 258
1694243489234 0.3789228589917668 259
1694243489261 0.37830701411421847 260
1694243489287 0.3776815221741766 261
1694243489334 0.3770068072841999 262
1694243489359 0.3763439092971212 263
1694243489384 0.37569169182413215 264
1694243489408 0.3750394640994289 265
1694243489433 0.37443831084104895 266
1694243489472 0.3738406314301529 267
1694243489500 0.3731829378072161 268
1694243489587 0.3725685222097407 269
1694243489611 0.3720068130333323 270
1694243489638 0.37137589754730094 271
1694243489665 0.370717579741973 272
1694243489693 0.37009702584130755 273
1694243489720 0.3695065294808553 274
1694243489744 0.36897721407171435 275
1694243489770 0.3683636804052152 276
1694243489794 0.3677417567261355 277
1694243489825 0.36708541896280245 278
1694243489867 0.3665072813199367 279
1694243489892 0.3659122509602936 280
1694243489920 0.3653483095572139 281
1694243489945 0.36479031809902407 282
1694243489978 0.3642241394577703 283
1694243490001 0.36371864237790547 284
1694243490024 0.36313642383651795 285
1694243490050 0.3625455488525879 286
1694243490078 0.3619082272115295 287
1694243490103 0.36124813155569957 288
1694243490128 0.36061475749144145 289
1694243490152 0.36004665883587184 290
1694243490189 0.3594811300547765 291
1694243490218 0.3588873267438348 292
1694243490244 0.3583075374031102 293
1694243490271 0.35768809065348284 294
1694243490296 0.3571082060249404 295
1694243490321 0.3565466210320888 296
1694243490356 0.3560544495542253 297
1694243490383 0.35546458520266533 298
1694243490416 0.354930369458512 299
1694243490440 0.35439566940702216 300
1694243490471 0.35380916361446746 301
1694243490502 0.35325417991395125 302
1694243490528 0.3527273274155488 303
1694243490553 0.3522093768027419 304
1694243490578 0.35163164394057844 305
1694243490605 0.3511226393658309 306
1694243490652 0.35060202713725813 307
1694243490679 0.35010760155162757 308
1694243490728 0.3495593922469988 309
1694243490757 0.3490669861271523 310
1694243490782 0.3485701578682362 311
1694243490806 0.34803947284023024 312
1694243490832 0.3475320036649294 313
1694243490862 0.3470272013171985 314
1694243490886 0.34653906963728554 315
1694243490911 0.34596425773067563 316
1694243490958 0.34546667780352586 317
1694243490988 0.3448913179085273 318
1694243491012 0.34436147140055406 319
1694243491038 0.34382360468973927 320
1694243491062 0.343319351618227 321
1694243491091 0.34284227380642057 322
1694243491115 0.3423975660080722 323
1694243491139 0.3419648267412941 324
1694243491165 0.3414781639658213 325
1694243491193 0.340905815129959 326
1694243491221 0.34030586240322985 327
1694243491246 0.3397637873052435 328
1694243491274 0.33921540355678836 329
1694243491300 0.33876312953177967 330
1694243491326 0.33821042075581614 331
1694243491355 0.3377201929937728 332
1694243491380 0.33726801795192346 333
1694243491405 0.33676504266212076 334
1694243491431 0.33623003154366365 335
1694243491468 0.335728046169632 336
1694243491494 0.33522953554710083 337
1694243491523 0.3347244604803179 338
1694243491548 0.3342100683886401 339
1694243491616 0.3337424095439024 340
1694243491660 0.33332653989643296 341
1694243491691 0.3328543987620902 342
1694243491716 0.33241200087672784 343
1694243491741 0.33197221628913265 344
1694243491767 0.3314585383717089 345
1694243491793 0.330945380214302 346
1694243491822 0.33045022960403 347
1694243491847 0.3299420669816447 348
1694243491873 0.3294776272257319 349
1694243491898 0.3289936470904906 350
1694243491924 0.3284779327784616 351
1694243491959 0.32797458495037507 352
1694243491984 0.32753768059809024 353
1694243492017 0.32708939434495427 354
1694243492042 0.32664825695017347 355
1694243492065 0.32619860694872604 356
1694243492092 0.3257281564842785 357
1694243492117 0.3252734539798531 358
1694243492142 0.3247451627895572 359
1694243492167 0.32426199777882997 360
1694243492192 0.3237762580945094 361
1694243492230 0.3233204892696462 362
1694243492258 0.3228499099446948 363
1694243492282 0.32239803296735453 364
1694243492305 0.3219120433419424 365
1694243492330 0.32147403682061715 366
1694243492364 0.32104763791984 367
1694243492391 0.32059404161698857 368
1694243492416 0.32019791495303895 369
1694243492442 0.3197388430852618 370
1694243492473 0.31928373614240074 371
1694243492503 0.3188611139806131 372
1694243492542 0.3184367663914416 373
1694243492564 0.31809023982071555 374
1694243492588 0.31761108104317165 375
1694243492613 0.317242260627364 376
1694243492640 0.3167824575252666 377
1694243492688 0.3163325678943672 378
1694243492711 0.315865625769976 379
1694243492765 0.3154260901102497 380
1694243492788 0.31506230968474863 381
1694243492812 0.3146240864288188 382
1694243492839 0.3141831234252575 383
1694243492872 0.3137510949243832 384
1694243492896 0.3133034738295707 385
1694243492920 0.31291348852103074 386
1694243492950 0.31247654048693313 387
1694243492979 0.3120546836660107 388
1694243493004 0.3116174155745874 389
1694243493028 0.31116924075514274 390
1694243493052 0.31078788224496157 391
1694243493091 0.310337708189871 392
1694243493141 0.3099200292637057 393
1694243493164 0.30953967108013897 394
1694243493188 0.3090948400022317 395
1694243493214 0.3086697300789055 396
1694243493242 0.3082128713196322 397
1694243493267 0.3077983329523998 398
1694243493291 0.3073481027926753 399
1694243493317 0.3069510494716446 400
1694243493341 0.30657140618638506 401
1694243493370 0.3061170920447503 402
1694243493399 0.3057389921776541 403
1694243493425 0.3053601839971328 404
1694243493450 0.30492114783191604 405
1694243493481 0.30446560934600714 406
1694243493507 0.3040274907105483 407
1694243493537 0.30359280791247306 408
1694243493563 0.30318870642719026 409
1694243493619 0.302842608271932 410
1694243493642 0.3024110936255826 411
1694243493707 0.30203476513856153 412
1694243493735 0.30164790405479464 413
1694243493786 0.30122930137904363 414
1694243493814 0.3008103315225325 415
1694243493839 0.3004142727643533 416
1694243493870 0.30000214128618596 417
1694243493895 0.2996037586269645 418
1694243493923 0.2992500308298237 419
1694243493947 0.2988547748665472 420
1694243493977 0.2984657708255063 421
1694243494004 0.298077531368288 422
1694243494034 0.2976883480108451 423
1694243494057 0.2972821167671225 424
1694243494081 0.29690554007412046 425
1694243494105 0.2964831637470456 426
1694243494129 0.29614193751454526 427
1694243494169 0.29571930892329035 428
1694243494192 0.29536085454493904 429
1694243494216 0.2949429122523195 430
1694243494249 0.29456107852977476 431
1694243494278 0.29414758795008583 432
1694243494302 0.29372837198613044 433
1694243494327 0.29331817620373085 434
1694243494359 0.29292677759374464 435
1694243494386 0.2925450044740586 436
1694243494415 0.2921511209994719 437
1694243494441 0.29171569263415115 438
1694243494473 0.29136831081511005 439
1694243494498 0.2909347171131063 440
1694243494523 0.29054225796134925 441
1694243494552 0.2901738271003666 442
1694243494576 0.2897803035897894 443
1694243494598 0.28941165006926606 444
1694243494621 0.28901537342151823 445
1694243494646 0.2886453347914064 446
1694243494670 0.2882255652054463 447
1694243494725 0.2878510373813267 448
1694243494748 0.28748001084729985 449
1694243494795 0.2871332038529993 450
1694243494827 0.28677677717839145 451
1694243494851 0.286382900067787 452
1694243494874 0.28599005147846096 453
1694243494900 0.28564563802385234 454
1694243494925 0.2852157955573351 455
1694243494950 0.2848404485147568 456
1694243494981 0.2844594927968083 457
1694243495006 0.2841164346825085 458
1694243495031 0.2837409708042832 459
1694243495056 0.2833583637185019 460
1694243495084 0.2830028042389785 461
1694243495112 0.2826405852877986 462
1694243495137 0.2822700262934201 463
1694243495162 0.28188899685436686 464
1694243495191 0.28151474208552413 465
1694243495215 0.28115323287971533 466
1694243495245 0.28079778159592567 467
1694243495272 0.28042347427484077 468
1694243495297 0.28005324008309734 469
1694243495330 0.27966180878208924 470
1694243495354 0.2792864846503355 471
1694243495377 0.2789765316730475 472
1694243495402 0.27864850172134586 473
1694243495431 0.2782769067111466 474
1694243495458 0.2779295195915454 475
1694243495482 0.2776291700349942 476
1694243495507 0.27726837180506647 477
1694243495531 0.27693947099729826 478
1694243495560 0.27662126874791226 479
1694243495584 0.27627526450755685 480
1694243495608 0.27590275182150825 481
1694243495632 0.27553543490370563 482
1694243495658 0.2751695147365511 483
1694243495687 0.27486377606584395 484
1694243495712 0.27451063850281715 485
1694243495737 0.27417581274710445 486
1694243495829 0.2738216859320526 487
1694243495890 0.27345884299550055 488
1694243495918 0.27310895466304597 489
1694243495942 0.2727435260445077 490
1694243495974 0.2724199815862262 491
1694243496000 0.2720821030995665 492
1694243496026 0.2717136988508776 493
1694243496054 0.2713601640699522 494
1694243496079 0.2710368878419887 495
1694243496105 0.2706885254038988 496
1694243496130 0.270350985985893 497
1694243496160 0.2700602394791522 498
1694243496185 0.26973961521423545 499
1694243496212 0.26938934005926674 500
1694243496238 0.2690928988235156 501
1694243496277 0.2687580264668942 502
1694243496300 0.26838456729730714 503
1694243496336 0.268061882410564 504
1694243496361 0.2677009775602121 505
1694243496385 0.26734488756853714 506
1694243496415 0.26702374721190814 507
1694243496442 0.26671519576681907 508
1694243496476 0.2663585934853724 509
1694243496503 0.2660459268038417 510
1694243496531 0.26567625856341454 511
1694243496555 0.2653470468750998 512
1694243496584 0.2650357033249477 513
1694243496610 0.264697193663904 514
1694243496634 0.2644060480003786 515
1694243496660 0.264068607565588 516
1694243496686 0.26375996843214194 517
1694243496714 0.26345270553470806 518
1694243496762 0.2631014743634461 519
1694243496787 0.2627861370005371 520
1694243496835 0.26245779192164803 521
1694243496865 0.2621368689893743 522
1694243496888 0.2618179313197995 523
1694243496915 0.26150728961020864 524
1694243496940 0.26119652062334786 525
1694243496973 0.26088317565564284 526
1694243496998 0.26056417877185917 527
1694243497021 0.2602500231570742 528
1694243497046 0.25990203852776894 529
1694243497073 0.2595985090067014 530
1694243497099 0.25932010730193 531
1694243497124 0.25898637963147714 532
1694243497149 0.2586524054603687 533
1694243497175 0.2583155131320898 534
1694243497204 0.258015784725659 535
1694243497229 0.2577498522521537 536
1694243497255 0.25742427832364473 537
1694243497281 0.257138124262142 538
1694243497308 0.2568339105621892 539
1694243497332 0.25652486597100305 540
1694243497355 0.25624702267873223 541
1694243497399 0.2559297719593778 542
1694243497422 0.2556452623282636 543
1694243497455 0.2553082708604327 544
1694243497480 0.25499689409824555 545
1694243497506 0.25470494206665345 546
1694243497531 0.2544063396168171 547
1694243497560 0.2541312048920266 548
1694243497601 0.25382444488110784 549
1694243497623 0.25356837971209706 550
1694243497646 0.2532873043866846 551
1694243497670 0.25297642397809195 552
1694243497695 0.252710132771045 553
1694243497725 0.252391805601645 554
1694243497751 0.25210126804922073 555
1694243497775 0.2518680782443686 556
1694243497800 0.25157214071634015 557
1694243497825 0.2512677995709094 558
1694243497853 0.25097947712538055 559
1694243497940 0.25067659530389685 560
1694243497972 0.2503763756275683 561
1694243498005 0.25008592326381973 562
1694243498030 0.24978862661800816 563
1694243498056 0.24950649960490343 564
1694243498080 0.2492335657191406 565
1694243498103 0.24900467943657884 566
1694243498127 0.24874290995215587 567
1694243498158 0.248437781489677 568
1694243498183 0.24814863304361415 569
1694243498206 0.24786313161996845 570
1694243498229 0.24760480984697308 571
1694243499190 0.2473082449961425 572
1694243499214 0.24700961380120648 573
1694243499249 0.2467006896765538 574
1694243499272 0.24642230073410595 575
1694243499301 0.24614294646430257 576
1694243499324 0.2458520178312985 577
1694243499347 0.24557785221189013 578
1694243499392 0.24530146975534847 579
1694243499421 0.2449812081950256 580
1694243499445 0.2446934471094487 581
1694243499468 0.24441609555441773 582
1694243499492 0.24413427145719446 583
1694243499518 0.24387454799478747 584
1694243499546 0.2435635746600415 585
1694243499581 0.24325260924884914 586
1694243499605 0.24297066974498072 587
1694243499629 0.24266392385489235 588
1694243499654 0.24240232904890596 589
1694243499706 0.2421054866212126 590
1694243499729 0.2418556816566442 591
1694243499755 0.24159428811705808 592
1694243499810 0.2413364979274527 593
1694243499837 0.2410539416797165 594
1694243499859 0.24076826662337117 595
1694243499891 0.2404944646140311 596
1694243499938 0.24021481369743353 597
1694243499970 0.2399374931090858 598
1694243499994 0.23969235164779173 599
1694243500017 0.2394341214517162 600
1694243500041 0.2391584582292913 601
1694243500065 0.23890013720461906 602
1694243500092 0.23862184561309724 603
1694243500117 0.23836137730717208 604
1694243500141 0.23807162708912047 605
1694243500165 0.23780236468790708 606
1694243500191 0.23752102906209158 607
1694243500214 0.23723992838147173 608
1694243500244 0.23694831862070412 609
1694243500268 0.23666640797279948 610
1694243500291 0.23640786298027955 611
1694243500314 0.23612553066782246 612
1694243500340 0.23584008637420253 613
1694243500370 0.2355835560723904 614
1694243500406 0.23534503419091066 615
1694243500431 0.23508667070649517 616
1694243500465 0.23483162030759788 617
1694243500491 0.2345546604552571 618
1694243500515 0.23429395919834037 619
1694243500539 0.23402968254949028 620
1694243500566 0.23375104317384948 621
1694243500594 0.23349746525333323 622
1694243500619 0.23323567612862475 623
1694243500646 0.23294753315272573 624
1694243500673 0.23265536895003328 625
1694243500702 0.23241085005344528 626
1694243500727 0.23214837858722376 627
1694243500753 0.23188883452231016 628
1694243500778 0.23164844957820543 629
1694243500801 0.23137511174552217 630
1694243500826 0.23109964127506466 631
1694243500852 0.23082747100080042 632
1694243500875 0.23056513734422499 633
1694243500956 0.2303381339494125 634
1694243500999 0.23005535549377074 635
1694243501033 0.2297889071541978 636
1694243501057 0.22952003009122562 637
1694243501079 0.22927271155022855 638
1694243501104 0.22901427835605395 639
1694243501131 0.22875467552821666 640
1694243501156 0.22850226790382724 641
1694243501183 0.22822996942622337 642
1694243501207 0.22794412675210277 643
1694243501231 0.22767352596037044 644
1694243501267 0.22739698879662054 645
1694243501291 0.2271168857432541 646
1694243501318 0.22686059428042282 647
1694243501341 0.22658479629787254 648
1694243501364 0.226353472181342 649
1694243501402 0.2260899808730082 650
1694243501427 0.22583011299290795 651
1694243501453 0.22551733605410118 652
1694243501479 0.22527620346182062 653
1694243501505 0.2250146147824539 654
1694243501541 0.22471878971271814 655
1694243501565 0.22447568429091905 656
1694243501591 0.22419375608832837 657
1694243501617 0.2239399855062012 658
1694243501641 0.22365882656229183 659
1694243501670 0.22341806574581 660
1694243501694 0.22317677604696617 661
1694243501744 0.22292674055839323 662
1694243501776 0.22269543239925374 663
1694243501799 0.2224344452823913 664
1694243501845 0.22219846550495007 665
1694243501871 0.22193229791887564 666
1694243501903 0.22168326716899528 667
1694243501927 0.22144586958986187 668
1694243501950 0.22121972618173197 669
1694243501974 0.2210064926821239 670
1694243502002 0.22074641387201882 671
1694243502028 0.22049823113191877 672
1694243502051 0.22025755328412142 673
1694243502099 0.22000464047236387 674
1694243502122 0.2197438361720816 675
1694243502149 0.21952304052004631 676
1694243502172 0.21927892664449036 677
1694243502198 0.21902188911992893 678
1694243502222 0.21880224663406708 679
1694243502247 0.21855246565850453 680
1694243502275 0.2183151161739842 681
1694243502298 0.21810373826027127 682
1694243502323 0.2178328570819577 683
1694243502349 0.217589853714425 684
1694243502372 0.21736042691064456 685
1694243502402 0.21710416057986523 686
1694243502432 0.21688860460196016 687
1694243502459 0.2166512115805604 688
1694243502482 0.21642844108397308 689
1694243502505 0.21620652555132788 690
1694243502529 0.21597662512182134 691
1694243502558 0.2157284175953807 692
1694243502581 0.215470220196731 693
1694243502613 0.21525624648669844 694
1694243502638 0.21498153572948037 695
1694243502663 0.21475387881310237 696
1694243502689 0.21452809454313893 697
1694243502712 0.21428187089569573 698
1694243502736 0.21406928619773827 699
1694243502761 0.21384036852033753 700
1694243502785 0.21359334582574746 701
1694243502815 0.21334635017415488 702
1694243502841 0.2131235654465521 703
1694243502866 0.21286291709230376 704
1694243502897 0.21261571505609786 705
1694243502924 0.2124102337794206 706
1694243502947 0.21216041498839613 707
1694243502973 0.21190293485862036 708
1694243503063 0.21171037848894353 709
1694243503088 0.21147047742209799 710
1694243503116 0.21125271351377783 711
1694243503153 0.2110267072195008 712
1694243503177 0.21077439528294611 713
1694243503200 0.21052527749555006 714
1694243503224 0.21029962298226906 715
1694243503247 0.2100731083574639 716
1694243503281 0.20983088655410212 717
1694243503308 0.20961238742819904 718
1694243503331 0.20939842600374878 719
1694243503356 0.2091549753102309 720
1694243503386 0.20893909151938436 721
1694243503424 0.20871201405610199 722
1694243503448 0.20848647193174974 723
1694243503474 0.20825107307573473 724
1694243503501 0.20802234662655164 725
1694243503532 0.20779582212238254 726
1694243503554 0.20755597517344912 727
1694243503578 0.20730999542652573 728
1694243503602 0.20706576179409106 729
1694243503631 0.20683580492577458 730
1694243503658 0.20661671611908916 731
1694243503690 0.20640348978806805 732
1694243503713 0.2061743627066773 733
1694243503769 0.20593837509785762 734
1694243503795 0.205736622570654 735
1694243503818 0.2055016532464856 736
1694243503871 0.20531716880856285 737
1694243503900 0.20510919510623715 738
1694243503922 0.20486848989210957 739
1694243503945 0.20465095468058306 740
1694243503972 0.20440102148732023 741
1694243503996 0.2041798785563736 742
1694243504025 0.2039589548452827 743
1694243504048 0.20375786217073108 744
1694243504074 0.20353493819955318 745
1694243504098 0.20331222736760374 746
1694243504122 0.2030747893263942 747
1694243504149 0.20287011945638062 748
1694243504176 0.2026548249637869 749
1694243504211 0.2024454842991745 750
1694243504235 0.20222157080225603 751
1694243504259 0.2020090851899874 752
1694243504284 0.20178021840576757 753
1694243504311 0.20156385886440498 754
1694243504333 0.2013740998347752 755
1694243504356 0.20116851881575346 756
1694243504385 0.20097654934840617 757
1694243504411 0.20076197190547246 758
1694243504440 0.2005509493833886 759
1694243504468 0.2003062832707443 760
1694243504493 0.20007524724565973 761
1694243504517 0.19985769372616793 762
1694243504548 0.19964890169377933 763
1694243504576 0.19944109345160108 764
1694243504601 0.1992138101223717 765
1694243504629 0.19897894542727185 766
1694243504654 0.1987550046214113 767
1694243504680 0.1985389003198466 768
1694243504711 0.19834312159163137 769
1694243504746 0.19813764214964533 770
1694243504769 0.19792683224005683 771
1694243504792 0.19772146688552575 772
1694243504820 0.19748467611073245 773
1694243504844 0.19726138552824665 774
1694243504867 0.19704460997808537 775
1694243504897 0.19685928745248138 776
1694243504926 0.19664344933809946 777
1694243504949 0.19642515533430707 778
1694243504974 0.1962190294642965 779
1694243505000 0.1959974263903706 780
1694243505022 0.1957813382944718 781
1694243505049 0.19557080920802639 782
1694243505077 0.19536967138689987 783
1694243505105 0.1951529265142136 784
1694243505130 0.19493236398940192 785
1694243505181 0.19472716318726396 786
1694243505207 0.1945385473639383 787
1694243505250 0.19433554984149568 788
1694243505298 0.19415324393931752 789
1694243505325 0.19395840990168706 790
1694243505350 0.1937466368659421 791
1694243505377 0.1935988170866646 792
1694243505406 0.1933994763297456 793
1694243505439 0.1932074446890925 794
1694243505467 0.1930194740136532 795
1694243505491 0.19282180138101318 796
1694243505515 0.1926057497627296 797
1694243505539 0.19239930506600858 798
1694243505563 0.1921923294120002 799
1694243505592 0.19202093663607248 800
1694243505616 0.19179374940768998 801
1694243505641 0.19157942488796736 802
1694243505666 0.1913879782350221 803
1694243505691 0.1911606705986677 804
1694243505723 0.1909797583990224 805
1694243505756 0.1907718146922286 806
1694243506091 0.19056714019481222 807
1694243506120 0.1903650409880219 808
1694243506146 0.1901730883995942 809
1694243506170 0.18998630472794908 810
1694243506195 0.18978110250391494 811
1694243506224 0.18957100936615331 812
1694243506248 0.18938577417263527 813
1694243506271 0.1892044232975889 814
1694243506298 0.18902057133134875 815
1694243506322 0.18879662891209292 816
1694243506360 0.18861993428255538 817
1694243506389 0.18840938418536438 818
1694243506418 0.18823692395809138 819
1694243506443 0.18804126720917966 820
1694243506472 0.18786200467534017 821
1694243506496 0.18766039594134118 822
1694243506521 0.18747836475909788 823
1694243506546 0.1873046048384693 824
1694243506569 0.18708361977235535 825
1694243506594 0.1868760580520188 826
1694243506623 0.18669048842519417 827
1694243506648 0.18649397398020526 828
1694243506672 0.18628445366579882 829
1694243506696 0.18610021355131487 830
1694243506720 0.1858832531697985 831
1694243506742 0.18568642193612958 832
1694243506771 0.18550344841224986 833
1694243506797 0.18529869096363177 834
1694243506821 0.18509671190955046 835
1694243506845 0.1848951539424869 836
1694243506882 0.18471752291298862 837
1694243506914 0.18452492234308504 838
1694243506942 0.1843262779208312 839
1694243506966 0.18414884688562547 840
1694243506992 0.18395505499290365 841
1694243507017 0.18376457042961938 842
1694243507046 0.18355806091353116 843
1694243507070 0.18335288931203755 844
1694243507095 0.18316854623922046 845
1694243507118 0.18299969434662477 846
1694243507144 0.18283123831551554 847
1694243507170 0.18261854889586698 848
1694243507194 0.1824361584627174 849
1694243507218 0.18225125606437645 850
1694243507294 0.1820483613110137 851
1694243507329 0.18186919219232792 852
1694243507373 0.18166498001494066 853
1694243507414 0.18148075694480997 854
1694243507436 0.1812998786041762 855
1694243507461 0.1811327514250477 856
1694243507486 0.1809968418027801 857
1694243507510 0.18081763934327355 858
1694243507533 0.18062511782212692 859
1694243507557 0.18043562810249003 860
1694243507581 0.18027229816465132 861
1694243507611 0.18006809044157904 862
1694243507635 0.17987318640925923 863
1694243507667 0.17971347665511825 864
1694243507693 0.17953014934424671 865
1694243507718 0.1793515634802084 866
1694243507742 0.1791814212331885 867
1694243507770 0.17900377347089297 868
1694243507793 0.17883409344509818 869
1694243507841 0.17865349308107553 870
1694243507872 0.17846318593858487 871
1694243507902 0.17830206039184318 872
1694243507964 0.17812751772527732 873
1694243507991 0.17791984496742733 874
1694243508014 0.1777416287793989 875
1694243508041 0.17757138272629644 876
1694243508071 0.17739843740903186 877
1694243508095 0.17721918955643126 878
1694243508121 0.17705613055800806 879
1694243508149 0.1768644207393463 880
1694243508174 0.17667562433382608 881
1694243508200 0.1765033217574047 882
1694243508229 0.1763112516139963 883
1694243508254 0.176141206287883 884
1694243508279 0.17596497682985685 885
1694243508304 0.17579698256541748 886
1694243508328 0.17561678337459424 887
1694243508356 0.17542987781037553 888
1694243508381 0.17522539592176234 889
1694243508411 0.17504170081682568 890
1694243508436 0.1748660044253213 891
1694243508459 0.17469174319238406 892
1694243508497 0.17450431916681305 893
1694243508521 0.17432953711608198 894
1694243508546 0.17418978072345045 895
1694243508570 0.17401585296146616 896
1694243508593 0.17384378148539298 897
1694243508618 0.17367592690033976 898
1694243508647 0.17351011963635712 899
1694243508670 0.17333219048111112 900
1694243508694 0.17315003596188214 901
1694243508719 0.1729834694546278 902
1694243508744 0.1727956653029117 903
1694243508775 0.17263335318988343 904
1694243508800 0.1724717523010082 905
1694243508824 0.172305710942905 906
1694243508849 0.17212446027896539 907
1694243508873 0.1719505303082567 908
1694243508905 0.171758910638248 909
1694243508932 0.1715601282403979 910
1694243508956 0.17139455912145396 911
1694243508979 0.17121153997560576 912
1694243509010 0.1710581969891502 913
1694243509039 0.17089249086399438 914
1694243509067 0.17072037481581376 915
1694243509091 0.17053156551009285 916
1694243509114 0.17036255001165276 917
1694243509141 0.17020831973725842 918
1694243509166 0.17004913873972655 919
1694243509191 0.16987756141294608 920
1694243509218 0.16972212319744398 921
1694243509242 0.16956923723598347 922
1694243509269 0.1693911199174202 923
1694243509294 0.16923539151348266 924
1694243509319 0.1690751208187858 925
1694243509343 0.1689255804653643 926
1694243509423 0.1687449598625603 927
1694243509476 0.16859197172500748 928
1694243509510 0.1684482855595861 929
1694243509533 0.16829182693511574 930
1694243509579 0.16812825183154992 931
1694243509601 0.16795632560486976 932
1694243509803 0.17121153997560576 933
