1694359422053 1.9112559708306016 0
1694359422088 1.8749211141451962 1
1694359422115 1.8420563924212046 2
1694359422141 1.8104302335875366 3
1694359422165 1.7807909723099322 4
1694359422190 1.7523693454119453 5
1694359422214 1.7256789309932483 6
1694359422246 1.7002696761228009 7
1694359422281 1.6755330487629243 8
1694359422306 1.6520756706731254 9
1694359422332 1.62929157105139 10
1694359422383 1.6075080341345855 11
1694359422452 1.5863146803010502 12
1694359422541 1.565990996771489 13
1694359422566 1.5463117985547978 14
1694359422593 1.5274009805526911 15
1694359422618 1.5087165595684287 16
1694359422642 1.4908607470585264 17
1694359422668 1.4735261253239045 18
1694359422693 1.4565848639000682 19
1694359422718 1.4405003527272324 20
1694359422749 1.4244690709162708 21
1694359422775 1.4089654058178318 22
1694359422805 1.3938859672965622 23
1694359422831 1.3790751474994862 24
1694359422858 1.364702393145773 25
1694359422884 1.3505486792144346 26
1694359422909 1.33662319411213 27
1694359422934 1.3230397452074951 28
1694359422960 1.3099312423843747 29
1694359422985 1.2972204328005554 30
1694359423011 1.2846402468952056 31
1694359423037 1.272290509675846 32
1694359423064 1.2603801393942367 33
1694359423096 1.2486699404780877 34
1694359423126 1.237214589884323 35
1694359423192 1.2259230816822837 36
1694359423229 1.2149289440079016 37
1694359423269 1.2042898355630152 38
1694359423297 1.1937752305110658 39
1694359423329 1.1833800736601565 40
1694359423360 1.1731959330819481 41
1694359423390 1.1634330402767594 42
1694359423426 1.153603549990022 43
1694359423464 1.1440271502814061 44
1694359423513 1.1346302145200973 45
1694359423547 1.1253626972579254 46
1694359423582 1.1163356366020276 47
1694359423612 1.1073460967606459 48
1694359423644 1.0986956845800642 49
1694359423678 1.0901929249927578 50
1694359423712 1.081899613805843 51
1694359423781 1.0736837106364572 52
1694359423829 1.0656240754984876 53
1694359423871 1.0577601491515782 54
1694359423905 1.0500078982901229 55
1694359423938 1.0422953723828579 56
1694359423965 1.0347983948969228 57
1694359423992 1.0273136257954323 58
1694359424019 1.0199992935902626 59
1694359424047 1.0128580827274436 60
1694359424083 1.0057898373571295 61
1694359424125 0.9988779247605227 62
1694359424167 0.9921373822529641 63
1694359424194 0.9853346129458661 64
1694359424221 0.9788019473556858 65
1694359424254 0.9723358387153778 66
1694359424282 0.9659981039660447 67
1694359424309 0.9598126508969407 68
1694359424336 0.9537381903550085 69
1694359424374 0.947699675746616 70
1694359424432 0.9417380870511188 71
1694359424473 0.9357912876929956 72
1694359424512 0.9300171780927167 73
1694359424621 0.9242615469747085 74
1694359424649 0.9186106838544417 75
1694359424675 0.912995703663095 76
1694359424703 0.9076192738170239 77
1694359424729 0.9022719175852614 78
1694359424758 0.8969984070210648 79
1694359424786 0.891832994982057 80
1694359424817 0.886750807241524 81
1694359424847 0.8817336850953323 82
1694359424890 0.8767487157345409 83
1694359424920 0.8719152013705104 84
1694359424947 0.8670866270438045 85
1694359424977 0.8622621853665897 86
1694359425005 0.8576276090928977 87
1694359425033 0.8530637179395251 88
1694359425060 0.8485400404949354 89
1694359425089 0.8440285496655682 90
1694359425126 0.8396225898511278 91
1694359425165 0.8353314226732471 92
1694359425204 0.8311089869650063 93
1694359425243 0.8268689724434503 94
1694359425274 0.8226805539300934 95
1694359425307 0.8185501604076555 96
1694359425332 0.8146285795827596 97
1694359425358 0.8107224423052756 98
1694359425385 0.8067542038378359 99
1694359425412 0.8028752058238998 100
1694359425439 0.799022545529773 101
1694359425469 0.7952939324620671 102
1694359425501 0.7915306130605368 103
1694359425530 0.7878732231737853 104
1694359425572 0.7842382921348013 105
1694359425607 0.7807343658304232 106
1694359425642 0.777233779571029 107
1694359425677 0.7736581249297599 108
1694359425713 0.7701606009516033 109
1694359425748 0.7667609167130938 110
1694359425779 0.7633508932172709 111
1694359425849 0.7600510589339327 112
1694359425892 0.7568531233444967 113
1694359425931 0.7536200176824699 114
1694359425963 0.7504124382718063 115
1694359426001 0.7473337738634885 116
1694359426031 0.7442834496019186 117
1694359426064 0.7411767466462389 118
1694359426098 0.7381648847647838 119
1694359426130 0.7352009644431339 120
1694359426189 0.7322262399404029 121
1694359426227 0.7293624113497013 122
1694359426262 0.7264583545316341 123
1694359426307 0.7235956755330187 124
1694359426341 0.7207688382904404 125
1694359426376 0.717961342586622 126
1694359426411 0.7152436811533368 127
1694359426472 0.7125007816796027 128
1694359426504 0.7098449726279864 129
1694359426541 0.707123982946933 130
1694359426577 0.7044975852274138 131
1694359426703 0.7019220222101108 132
1694359426746 0.6994692036142657 133
1694359426781 0.6969150422911226 134
1694359426813 0.6944422178426596 135
1694359426843 0.6919668200599238 136
1694359426875 0.689527180178457 137
1694359426905 0.6870524320862772 138
1694359426935 0.6846650012560627 139
1694359426965 0.682275752316789 140
1694359426991 0.6799266362424146 141
1694359427018 0.6776454370330645 142
1694359427046 0.6753625713326081 143
1694359427073 0.6731398303975977 144
1694359427100 0.6709290886391949 145
1694359427127 0.6688034194643652 146
1694359427230 0.6665719575528996 147
1694359427261 0.6643957307316107 148
1694359427289 0.662287099782642 149
1694359427318 0.6601633569159744 150
1694359427346 0.6580937736518694 151
1694359427373 0.6560681738653613 152
1694359427401 0.6540939409467351 153
1694359427428 0.6520526942572249 154
1694359427457 0.6500386087402855 155
1694359427486 0.6480602383838056 156
1694359427515 0.646106449590132 157
1694359427543 0.6442097554193374 158
1694359427576 0.6422849679085009 159
1694359427604 0.6403848467772943 160
1694359427635 0.6384494477247251 161
1694359427686 0.6365760892744142 162
1694359427711 0.6347001687465285 163
1694359427747 0.6328998491099482 164
1694359427779 0.6311201140873586 165
1694359427810 0.6293398032137478 166
1694359427868 0.6275971798696554 167
1694359427895 0.6258514099339292 168
1694359427926 0.6240755896748768 169
1694359427972 0.6224013801893987 170
1694359428006 0.6207222727749102 171
1694359428041 0.6190475751630486 172
1694359428072 0.617387877917698 173
1694359428103 0.615710443057812 174
1694359428138 0.6140498341843573 175
1694359428168 0.612420627255488 176
1694359428202 0.610755476447719 177
1694359428231 0.6091308009445936 178
1694359428258 0.6075354866770442 179
1694359428288 0.6059750384545838 180
1694359428315 0.6044278559475652 181
1694359428365 0.602886229295652 182
1694359428409 0.6013594708408717 183
1694359428457 0.5998471013510985 184
1694359428597 0.5983763356889926 185
1694359428637 0.5968529243943451 186
1694359428665 0.5953725929270506 187
1694359428786 0.5939286974172128 188
1694359428826 0.5924354874478625 189
1694359428863 0.5910149026005124 190
1694359428902 0.5895384854500432 191
1694359428931 0.5881343713812031 192
1694359428957 0.5867425213673622 193
1694359428986 0.5853260347320791 194
1694359429011 0.5839251054327644 195
1694359429037 0.5825971516403678 196
1694359429068 0.5812611622936026 197
1694359429095 0.5799365182128259 198
1694359429128 0.5786244752519233 199
1694359429195 0.577304646487871 200
1694359429308 0.576008397774052 201
1694359429339 0.5746532741883098 202
1694359429432 0.5733723143404679 203
1694359429489 0.5720661789172963 204
1694359429721 0.5708094829103985 205
1694359429755 0.5695910890743053 206
1694359429803 0.5683539314143063 207
1694359429832 0.5671148670416746 208
1694359429898 0.5659068780209169 209
1694359429927 0.5647055629206401 210
1694359429958 0.5635100725348278 211
1694359429989 0.5623114964917549 212
1694359430022 0.5611528872481564 213
1694359430053 0.559969931301887 214
1694359430090 0.5588173328710199 215
1694359430122 0.5576865712604022 216
1694359430157 0.5565532071516801 217
1694359430186 0.5554003748159918 218
1694359430212 0.5542775267746635 219
1694359430241 0.5531751655341871 220
1694359430273 0.5520983434743888 221
1694359430299 0.5509551570222407 222
1694359430335 0.5498688900596286 223
1694359430364 0.5487982125466154 224
1694359430393 0.547746339094922 225
1694359430434 0.5466571994033567 226
1694359430465 0.5455365280211433 227
1694359430526 0.5445206470995766 228
1694359430552 0.5434705882951936 229
1694359430582 0.5424239241166303 230
1694359430613 0.5414236188363393 231
1694359430642 0.5404580974053403 232
1694359430718 0.5394422537975575 233
1694359430903 0.5384672039145212 234
1694359430935 0.5374693699427041 235
1694359430960 0.536498727759355 236
1694359430987 0.5355019797969491 237
1694359431013 0.534526731215508 238
1694359431043 0.533527161833211 239
1694359431068 0.5325912114986733 240
1694359431094 0.5316279658276717 241
1694359431123 0.5307056508966684 242
1694359431151 0.529774763037218 243
1694359431182 0.5288412700927514 244
1694359431220 0.5278960383942332 245
1694359431252 0.5269403661725783 246
1694359431282 0.5260484848436727 247
1694359431310 0.5251237854541525 248
1694359431336 0.5242335255507294 249
1694359431365 0.5233121360327385 250
1694359431390 0.5224021622854949 251
1694359431416 0.5214966587468342 252
1694359431442 0.5206498740529405 253
1694359431467 0.519756101587746 254
1694359431492 0.5188908285197478 255
1694359431517 0.5180071379046508 256
1694359431559 0.5171494577630789 257
1694359431595 0.5163013823396211 258
1694359431694 0.5154612495299776 259
1694359431761 0.5146201758503737 260
1694359431794 0.5137865509050284 261
1694359431832 0.5129745322844227 262
1694359431864 0.5121576494776309 263
1694359431909 0.5113389790733098 264
1694359431960 0.5105183682209089 265
1694359431985 0.5097174134875715 266
1694359432010 0.5089138259146291 267
1694359432035 0.5080949532830713 268
1694359432063 0.5072738640833651 269
1694359432089 0.5065009796665693 270
1694359432114 0.5056973597853706 271
1694359432140 0.5049185668444083 272
1694359432169 0.5041479903359491 273
1694359432209 0.5033866657123641 274
1694359432236 0.5025859053636743 275
1694359432260 0.5018512388943899 276
1694359432303 0.5010933343878247 277
1694359432333 0.5003048132493696 278
1694359432360 0.4995595937514664 279
1694359432488 0.4988138999340486 280
1694359432526 0.49809465551145327 281
1694359432581 0.4973525345785103 282
1694359432605 0.4965946029565147 283
1694359432632 0.4958949741936955 284
1694359432702 0.49517277013666094 285
1694359432769 0.4944424337314037 286
1694359432797 0.49369876749317404 287
1694359432821 0.4929301090260985 288
1694359432848 0.49220080033401403 289
1694359432986 0.4914879953527305 290
1694359433097 0.49078459432476423 291
1694359433144 0.4900830027180312 292
1694359433173 0.48940816538599285 293
1694359433197 0.4887150990908479 294
1694359433228 0.4880295228854901 295
1694359433257 0.487371603979221 296
1694359433294 0.4866990371953818 297
1694359433323 0.4860206453898192 298
1694359433352 0.48534881568701754 299
1694359433410 0.4846687344996419 300
1694359433478 0.48401363724637503 301
1694359433510 0.48336600133219465 302
1694359433535 0.48270070721753194 303
1694359433562 0.48204112805642496 304
1694359433586 0.48138529120227286 305
1694359433613 0.4807209628058872 306
1694359433638 0.48007806715992424 307
1694359433664 0.4794533958322319 308
1694359433689 0.47880397916867207 309
1694359433713 0.4781587350415479 310
1694359433739 0.4775391523957989 311
1694359433784 0.4769220757021474 312
1694359433809 0.47626820134926073 313
1694359433835 0.4756472005039645 314
1694359433859 0.4750033100529048 315
1694359433888 0.4743738501085424 316
1694359433913 0.47375621568022225 317
1694359433938 0.4731482998275567 318
1694359433998 0.47252373338951165 319
1694359434025 0.47192883369666605 320
1694359434050 0.4713431477882293 321
1694359434080 0.47076367321342044 322
1694359434107 0.4701665428873053 323
1694359434134 0.4695464845481406 324
1694359434160 0.46895702083156127 325
1694359434188 0.4683483184313722 326
1694359434215 0.4677798570255472 327
1694359434241 0.46721606112492853 328
1694359434271 0.46661083970424505 329
1694359434295 0.4660537232833843 330
1694359434320 0.4654546509918577 331
1694359434356 0.4648570227428851 332
1694359434385 0.4642678622109258 333
1694359434411 0.46366159967709786 334
1694359434437 0.4630980110489204 335
1694359434464 0.46250575497142854 336
1694359434489 0.4619779894053384 337
1694359434517 0.4614162720378001 338
1694359434542 0.46081479280413074 339
1694359434595 0.4602379526210239 340
1694359434619 0.45966483936050473 341
1694359434642 0.45913806130457063 342
1694359434668 0.45861132981024555 343
1694359434699 0.45809770792031085 344
1694359434723 0.4575589825344083 345
1694359434748 0.456997631745123 346
1694359434772 0.45645067054868127 347
1694359434798 0.45590591884102655 348
1694359434824 0.4553374043790956 349
1694359434849 0.4548003663073728 350
1694359434875 0.4542920406514396 351
1694359434901 0.4538042097112651 352
1694359434927 0.45328492217194455 353
1694359434953 0.4527499526610831 354
1694359435060 0.45224897073455517 355
1694359435089 0.45172323479923876 356
1694359435114 0.4512119161901447 357
1694359435140 0.4506854074711454 358
1694359435170 0.45017939225957354 359
1694359435198 0.4496585755519253 360
1694359435232 0.44913197309391345 361
1694359435263 0.44859958580951426 362
1694359435287 0.44812569014380715 363
1694359435314 0.4475876042496517 364
1694359435339 0.447115732628956 365
1694359435366 0.4465563010089969 366
1694359435391 0.44606320672304794 367
1694359435417 0.44559016412679636 368
1694359435443 0.44509158596788057 369
1694359435469 0.4446077454373779 370
1694359435494 0.4441076254114166 371
1694359435524 0.44361453717549765 372
1694359435550 0.4431393816940736 373
1694359435575 0.442687584670938 374
1694359435601 0.4422220898668917 375
1694359435640 0.4417248875136749 376
1694359435667 0.4412838803803402 377
1694359435692 0.44079983407797413 378
1694359435720 0.4403178609474727 379
1694359435745 0.4398283346461862 380
1694359435770 0.43932419446500537 381
1694359435797 0.43881153163248543 382
1694359435823 0.4383455953883677 383
1694359435848 0.43788330236953193 384
1694359435884 0.4374376008694341 385
1694359435917 0.4369909666869237 386
1694359436064 0.4365277980453177 387
1694359436097 0.43606539335807165 388
1694359436129 0.43563359577512756 389
1694359436155 0.43518359229701786 390
1694359436181 0.43475841116214375 391
1694359436208 0.4343128160168002 392
1694359436233 0.4338778927986217 393
1694359436257 0.4334287641273625 394
1694359436282 0.43298423231455274 395
1694359436308 0.4325270877952861 396
1694359436333 0.43205280364952287 397
1694359436358 0.43159519322551537 398
1694359436384 0.43115379771296936 399
1694359436412 0.4306764263728828 400
1694359436438 0.43021173211097385 401
1694359436468 0.4297340074494945 402
1694359436497 0.4292546204407214 403
1694359436527 0.4288137249501151 404
1694359436560 0.4284069446351258 405
1694359436588 0.42798632414857823 406
1694359436640 0.42756987203907787 407
1694359436664 0.4271106459283934 408
1694359436689 0.42667380542807415 409
1694359436713 0.42625281421758926 410
1694359436744 0.42576826209322743 411
1694359436768 0.4253778670889294 412
1694359436797 0.4249679662532865 413
1694359436823 0.4245276521048944 414
1694359436852 0.4240702541275322 415
1694359436876 0.423663118776266 416
1694359436905 0.4232447517940672 417
1694359436931 0.4228063265159064 418
1694359436962 0.42238316923605784 419
1694359436992 0.4219629646018557 420
1694359437022 0.4215377177084133 421
1694359437066 0.42107989531418916 422
1694359437171 0.42065341212433893 423
1694359437201 0.4202300056511063 424
1694359437225 0.41982619023029916 425
1694359437258 0.41938274637608036 426
1694359437283 0.41898932333001415 427
1694359437313 0.41856537177478054 428
1694359437344 0.4181542546672857 429
1694359437376 0.4177082485274509 430
1694359437423 0.4173234588733592 431
1694359437455 0.41690537394380967 432
1694359437483 0.4164855138522907 433
1694359437509 0.4160907011769826 434
1694359437537 0.41567552425636295 435
1694359437563 0.41527940516431655 436
1694359437590 0.4148905581295544 437
1694359437617 0.4144814667985798 438
1694359437643 0.4140996458356546 439
1694359437670 0.41371363884650186 440
1694359437702 0.4133199553439188 441
1694359437730 0.4129172015428257 442
1694359437759 0.4125160663147511 443
1694359437789 0.41209184574176316 444
1694359437826 0.41168550301554646 445
1694359437859 0.4113045427332371 446
1694359437889 0.4109187549250507 447
1694359437936 0.4105309668659058 448
1694359437976 0.4101653901978716 449
1694359438005 0.4097750100052836 450
1694359438067 0.409396824176833 451
1694359438090 0.40902500141713294 452
1694359438114 0.40863957655022765 453
1694359438144 0.4082482412105136 454
1694359438168 0.40789065296797505 455
1694359438192 0.40752641438733794 456
1694359438218 0.40717205782203636 457
1694359438243 0.40684215625621273 458
1694359438276 0.40647394863540776 459
1694359438310 0.4061008321991046 460
1694359438364 0.405735969682569 461
1694359438404 0.40534616629535763 462
1694359438438 0.4049795637384928 463
1694359438468 0.4046028213123869 464
1694359438506 0.4042309387167745 465
1694359438540 0.4038612901410458 466
1694359438570 0.4035008792774366 467
1694359438680 0.40312789453191095 468
1694359438719 0.4028060420376472 469
1694359438743 0.4024470653092048 470
1694359438771 0.4020866633410544 471
1694359438801 0.40171435199053546 472
1694359438827 0.4013538760595598 473
1694359438851 0.4009626628535546 474
1694359438875 0.4006204357810369 475
1694359438900 0.4002622115820015 476
1694359438925 0.3999021431479781 477
1694359438949 0.3995608402477469 478
1694359438974 0.3992143803704061 479
1694359438998 0.39885075574917545 480
1694359439023 0.3984858796147444 481
1694359439048 0.39815271674350694 482
1694359439073 0.3978273093033187 483
1694359439098 0.39744450505568335 484
1694359439126 0.3971008683985878 485
1694359439162 0.3967470365437987 486
1694359439302 0.396423184663112 487
1694359439326 0.3960437910683089 488
1694359439349 0.39571239668241054 489
1694359439375 0.3953347852911988 490
1694359439401 0.39498566625612314 491
1694359439425 0.39465419888481784 492
1694359439451 0.39430409347172507 493
1694359439475 0.3939718351841043 494
1694359439500 0.39362807327035626 495
1694359439525 0.3932832684067351 496
1694359439549 0.39296515354678174 497
1694359439573 0.39262956327340415 498
1694359439597 0.3923265593792768 499
1694359439709 0.3923265593792768 500
