1694417090423 1.9107536336657314 0
1694417090463 1.874007197290785 1
1694417090497 1.8408203752939958 2
1694417090529 1.8091801994170673 3
1694417090563 1.7793470440929546 4
1694417090593 1.750915989219168 5
1694417090624 1.7240237432876706 6
1694417090652 1.6983915940549559 7
1694417090679 1.6736989044148636 8
1694417090710 1.6499840599004219 9
1694417090742 1.6271171328489167 10
1694417090813 1.6051860387049128 11
1694417090844 1.5838690908377284 12
1694417090876 1.5635021007710326 13
1694417090908 1.5439076638879499 14
1694417090941 1.5249148009963247 15
1694417090972 1.506215877821325 16
1694417091000 1.4882465434214533 17
1694417091029 1.4708847644810457 18
1694417091062 1.4539828656305198 19
1694417091092 1.4378115350501632 20
1694417091123 1.4216600490221545 21
1694417091155 1.406068990810297 22
1694417091190 1.3909444256121817 23
1694417091222 1.3762139887033449 24
1694417091249 1.3617786839208745 25
1694417091278 1.3475329039185158 26
1694417091308 1.3336225981288765 27
1694417091339 1.3200516090590566 28
1694417091372 1.3067962520083807 29
1694417091407 1.2940704006033523 30
1694417091480 1.2814585031362666 31
1694417091514 1.2691324582732832 32
1694417091546 1.2571036848590362 33
1694417091578 1.2453877221404428 34
1694417091611 1.2338744010566127 35
1694417091644 1.2225795938655553 36
1694417091673 1.21163489359911 37
1694417091703 1.2009261004413174 38
1694417091735 1.1903261788314679 39
1694417091765 1.1799756048445917 40
1694417091795 1.169873242359967 41
1694417091835 1.1600725502079987 42
1694417091863 1.1502895701639058 43
1694417091892 1.1406266301012435 44
1694417091925 1.1311312955131185 45
1694417091956 1.1218615164521344 46
1694417091988 1.112825051624061 47
1694417092019 1.1037909795544438 48
1694417092050 1.0950896725395454 49
1694417092090 1.0865733064735854 50
1694417092121 1.078176186327556 51
1694417092151 1.0699312968806842 52
1694417092270 1.0617891713889187 53
1694417092304 1.0538399374131517 54
1694417092340 1.0460048727505613 55
1694417092370 1.0382403180704498 56
1694417092401 1.0306451808138093 57
1694417092429 1.0231105139248635 58
1694417092460 1.015775511728369 59
1694417092497 1.0085687776756849 60
1694417092528 1.0014306960755204 61
1694417092559 0.9944743883363788 62
1694417092607 0.9877416285592215 63
1694417092640 0.9809894728919762 64
1694417092669 0.9744365652919433 65
1694417092697 0.9679393215711996 66
1694417092729 0.9615516254341605 67
1694417092763 0.9552586485845141 68
1694417092793 0.9490165838498811 69
1694417092830 0.9429531248680749 70
1694417092860 0.9369593936441513 71
1694417092892 0.9311283952873635 72
1694417092926 0.9252930113328819 73
1694417092956 0.9195574826154036 74
1694417092987 0.9138148856786245 75
1694417093015 0.9082031678446607 76
1694417093045 0.9027834413994449 77
1694417093078 0.8974099911279381 78
1694417093113 0.8921253374805491 79
1694417093147 0.8869419390283034 80
1694417093178 0.8818342660305158 81
1694417093212 0.8768322868814546 82
1694417093245 0.8718589178480334 83
1694417093278 0.866957286473257 84
1694417093314 0.8621287667602909 85
1694417093357 0.857302486344444 86
1694417093388 0.8526423512841971 87
1694417093418 0.8480076543651017 88
1694417093448 0.8434152444577991 89
1694417093533 0.8388794307536895 90
1694417093564 0.834381646096191 91
1694417093661 0.8300910682455951 92
1694417093697 0.8258957698267266 93
1694417093729 0.8216506428130108 94
1694417093760 0.8174205664206012 95
1694417093790 0.8132702548323032 96
1694417093823 0.8092874265239924 97
1694417093860 0.8052752410256996 98
1694417093892 0.8013510019152635 99
1694417093925 0.7974633112042605 100
1694417093956 0.7936393721331754 101
1694417093989 0.7898856931087278 102
1694417094021 0.7861597917679695 103
1694417094053 0.7825251173312737 104
1694417094088 0.7788463559267012 105
1694417094118 0.7753042234410338 106
1694417094147 0.7717439491719389 107
1694417094179 0.768231491074755 108
1694417094220 0.7647048648688053 109
1694417094249 0.7613026142168917 110
1694417094291 0.7578876865779663 111
1694417094326 0.7545493330928492 112
1694417094421 0.7512931652775209 113
1694417094452 0.7480578430917767 114
1694417094505 0.744875673803849 115
1694417094534 0.7417046864332875 116
1694417094568 0.7386473708697437 117
1694417094599 0.7356030647272567 118
1694417094628 0.7325496452950637 119
1694417094658 0.7295805663216127 120
1694417094691 0.726592218578646 121
1694417094742 0.7237001236610102 122
1694417094774 0.7208574760680361 123
1694417094808 0.7180423457010653 124
1694417094845 0.7152008563236603 125
1694417094875 0.7124589147300723 126
1694417094908 0.7096794644543479 127
1694417094941 0.7069576736526486 128
1694417094973 0.7042987143456445 129
1694417095004 0.7016405109529201 130
1694417095038 0.6990319771733576 131
1694417095068 0.6963885112500166 132
1694417095102 0.6938900410997052 133
1694417095131 0.6914255284360454 134
1694417095161 0.6888807693117114 135
1694417095195 0.6864080771429557 136
1694417095229 0.6839650877635816 137
1694417095264 0.6814896970496503 138
1694417095300 0.6790549523288366 139
1694417095335 0.6767246543881997 140
1694417095375 0.6743894432880336 141
1694417095409 0.6720574871644133 142
1694417095445 0.6698047152999941 143
1694417095478 0.6675445892827819 144
1694417095580 0.6652502005271724 145
1694417095622 0.6630536610330858 146
1694417095654 0.6608662112656541 147
1694417095684 0.6587123818874366 148
1694417095713 0.6565749625203334 149
1694417095744 0.6544038390468845 150
1694417095778 0.6522950371906638 151
1694417095812 0.650162896923598 152
1694417095849 0.6481542965123283 153
1694417095879 0.6461387043892682 154
1694417095910 0.6441221466311537 155
1694417095943 0.6420854188541205 156
1694417095975 0.6401296378944 157
1694417096009 0.6382298968544504 158
1694417096046 0.6362681806290253 159
1694417096093 0.6343904620673864 160
1694417096143 0.632479491233531 161
1694417096184 0.6305975233850213 162
1694417096222 0.6287542122226575 163
1694417096256 0.6269544428996954 164
1694417096287 0.6251394348183507 165
1694417096320 0.6233388396024564 166
1694417096353 0.6215428694618235 167
1694417096389 0.6198031509024514 168
1694417096511 0.6180127999512264 169
1694417096546 0.6163301856388279 170
1694417096584 0.6146483644679864 171
1694417096630 0.6129100964424014 172
1694417096664 0.6112434614760349 173
1694417096695 0.6095998327742863 174
1694417096727 0.6079438342615913 175
1694417096762 0.6062392994834817 176
1694417096797 0.604573325260964 177
1694417096828 0.6029693716740568 178
1694417096864 0.6013861298923368 179
1694417096895 0.5998491954749178 180
1694417096927 0.5982973111972888 181
1694417096959 0.596768775527335 182
1694417097020 0.5951992032632251 183
1694417097057 0.5936721455682693 184
1694417097092 0.5921599270049858 185
1694417097139 0.5906695272618081 186
1694417097173 0.5892047718698927 187
1694417097209 0.5877384676687801 188
1694417097245 0.5863057510278918 189
1694417097278 0.5848439925583934 190
1694417097312 0.5834529974551285 191
1694417097345 0.5820317785458032 192
1694417097440 0.5806175038778444 193
1694417097479 0.5792159443462496 194
1694417097523 0.5778749970681966 195
1694417098006 0.5765307847423466 196
1694417098049 0.5751846719908054 197
1694417098097 0.5738270401425001 198
1694417098130 0.5724586353943993 199
1694417098323 0.5711456921622103 200
1694417098582 0.5698699235067034 201
1694417098665 0.5685552799681647 202
1694417098780 0.5672982133991059 203
1694417098840 0.5660382345893761 204
1694417098876 0.5648130319929233 205
1694417098922 0.5635337900553848 206
1694417098993 0.5622492900382944 207
1694417099028 0.5609726450736646 208
1694417099072 0.5598031906286093 209
1694417099106 0.5585994489310725 210
1694417099144 0.5573608732618941 211
1694417099181 0.5561692717184447 212
1694417099213 0.554978341378188 213
1694417099254 0.5537713041349983 214
1694417099289 0.5526164687448208 215
1694417099362 0.5514675381153255 216
1694417099395 0.5503413070118628 217
1694417099490 0.5492035798992019 218
1694417099539 0.5480850887772241 219
1694417099610 0.5469906094762793 220
1694417099745 0.5458733080351083 221
1694417099798 0.5447697943764509 222
1694417099837 0.5436331921300456 223
1694417099868 0.5425396355454208 224
1694417099985 0.5414544987199313 225
1694417100039 0.5403977996578279 226
1694417100074 0.539289772623819 227
1694417100127 0.5382510545938594 228
1694417100179 0.5372423023352192 229
1694417100227 0.5362128009491326 230
1694417100414 0.5351702931279547 231
1694417100457 0.5341935780184556 232
1694417100508 0.5331284814641165 233
1694417100545 0.5321072922488629 234
1694417100594 0.5311222921201308 235
1694417100628 0.5301544794101607 236
1694417100763 0.5291575000220853 237
1694417100798 0.5281985350525351 238
1694417100840 0.5272206372520349 239
1694417100872 0.5262552678861496 240
1694417100909 0.5253140147500778 241
1694417100945 0.5243472213775952 242
1694417100984 0.5234083155390195 243
1694417101023 0.522441394327026 244
1694417101061 0.5215004938164627 245
1694417101100 0.5206064173542003 246
1694417101131 0.5196513514343891 247
1694417101174 0.5187175315168986 248
1694417101210 0.5177725109131401 249
1694417101251 0.5168952986509143 250
1694417101288 0.5159560373515494 251
1694417101323 0.5150552742397627 252
1694417101361 0.5141571762660334 253
1694417101399 0.5132548088481295 254
1694417101459 0.512409936956028 255
1694417101512 0.5115268495433484 256
1694417101586 0.5106762718574565 257
1694417101656 0.5097835462073136 258
1694417101727 0.5089421247197335 259
1694417101760 0.5081058746389706 260
1694417101794 0.5072502435222165 261
1694417101821 0.5063870603169354 262
1694417101854 0.5055583782321823 263
1694417101884 0.5047111626258438 264
1694417101917 0.5039154720566709 265
1694417101947 0.503112605194529 266
1694417101975 0.5022811310504595 267
1694417102006 0.501465542561816 268
1694417102032 0.5006530390420565 269
1694417102062 0.49981110883163204 270
1694417102093 0.49900470164669164 271
1694417102123 0.49819889629211234 272
1694417102152 0.4974172603978307 273
1694417102184 0.4966702775936679 274
1694417102214 0.49588441249837306 275
1694417102246 0.495126395877519 276
1694417102276 0.49442836850259786 277
1694417102317 0.4936885797615441 278
1694417102348 0.4929238609311911 279
1694417102380 0.4921931014319483 280
1694417102411 0.49144744705522775 281
1694417102437 0.4907154652065971 282
1694417102463 0.48995732944535103 283
1694417102494 0.4892369572068647 284
1694417102524 0.4884921565015949 285
1694417102553 0.4877587110670933 286
1694417102582 0.48701341760818306 287
1694417102623 0.48628599262373035 288
1694417102653 0.48555861194667155 289
1694417102681 0.48485492394267365 290
1694417102711 0.4841518371891941 291
1694417102742 0.4834645303478593 292
1694417102785 0.48276269687332946 293
1694417102895 0.48207211781893206 294
1694417102931 0.4813780328507633 295
1694417102959 0.48068773280538835 296
1694417102988 0.480007409535435 297
1694417103014 0.47931323415024774 298
1694417103044 0.47863246700332873 299
1694417103075 0.47793706500069266 300
1694417103130 0.47726198551735993 301
1694417103161 0.47660570440010497 302
1694417103192 0.4759529610916767 303
1694417103227 0.47528918247341945 304
1694417103264 0.4746331098231219 305
1694417103295 0.4739955943215856 306
1694417103325 0.4733438596058682 307
1694417103356 0.47271265578703575 308
1694417103392 0.4720276932744209 309
1694417103422 0.4714208894404109 310
1694417103455 0.47078972208212344 311
1694417103486 0.47016722757913537 312
1694417103512 0.46952730531137055 313
1694417103541 0.4688997239228772 314
1694417103571 0.46828182079560976 315
1694417103601 0.46768129829561156 316
1694417103633 0.4670954344342973 317
1694417103691 0.4664854582804828 318
1694417103723 0.46588003803207456 319
1694417103793 0.4652975546717197 320
1694417103823 0.4646863119843596 321
1694417103864 0.4641029718501447 322
1694417103894 0.463500964519474 323
1694417103925 0.46292677899440215 324
1694417103959 0.4623417710534786 325
1694417103990 0.4617536732199934 326
1694417104014 0.46115642269194956 327
1694417104043 0.46054120910625956 328
1694417104074 0.4599662415416246 329
1694417104107 0.4593712998142989 330
1694417104138 0.4588036018114689 331
1694417104167 0.4582308922577544 332
1694417104196 0.45769106222652484 333
1694417104227 0.45709468934177355 334
1694417104256 0.4565166800272684 335
1694417104281 0.4559678258466895 336
1694417104311 0.45543512947545495 337
1694417104342 0.45487369440592 338
1694417104376 0.45427805892454415 339
1694417104408 0.45367050651231283 340
1694417104438 0.453124994956266 341
1694417104471 0.4525592341760684 342
1694417104508 0.45202397880114964 343
1694417104538 0.451484883304946 344
1694417104567 0.45094091292136695 345
1694417104595 0.4504086390746727 346
1694417104627 0.44992543578645783 347
1694417104655 0.4494005391865896 348
1694417104679 0.448882313170651 349
1694417104709 0.4483279964098362 350
1694417104739 0.4477860681882591 351
1694417104768 0.44724872248106046 352
1694417104797 0.44669207497346614 353
1694417104826 0.4461806914323011 354
1694417104856 0.44565992929996456 355
1694417104979 0.44512803999192896 356
1694417105009 0.44460335417768765 357
1694417105039 0.4440793660461169 358
1694417105068 0.4435601828217752 359
1694417105097 0.4430377431375986 360
1694417105126 0.4425028819480461 361
1694417105163 0.44201756811224935 362
1694417105195 0.44148763522109197 363
1694417105225 0.4409971508331416 364
1694417105253 0.4404936348725313 365
1694417105279 0.4399916520113822 366
1694417105311 0.4394618176413901 367
1694417105339 0.43896231857236834 368
1694417105369 0.4384698308446365 369
1694417105398 0.4379743122073891 370
1694417105429 0.4374708301418592 371
1694417105460 0.43696813408394786 372
1694417105489 0.43647206935383426 373
1694417105523 0.43596619144271753 374
1694417105550 0.435472473621026 375
1694417105577 0.4350221539445782 376
1694417105606 0.4345120424584764 377
1694417105635 0.4340114984055736 378
1694417105669 0.43353185094265845 379
1694417105729 0.43303353542691825 380
1694417105757 0.43258054899654086 381
1694417105786 0.43209018930758636 382
1694417105843 0.43160492554751184 383
1694417105872 0.43115290530577954 384
1694417105903 0.4307237371863173 385
1694417105940 0.4302322101565132 386
1694417105971 0.4297741724529394 387
1694417106005 0.4293066820998556 388
1694417106035 0.42883360379609176 389
1694417106064 0.42839700604787795 390
1694417106093 0.4279768449194068 391
1694417106123 0.427500173933346 392
1694417106154 0.4270511699935747 393
1694417106184 0.42658721642971914 394
1694417106212 0.4261218018353434 395
1694417106242 0.4256735477853474 396
1694417106277 0.4252070008480928 397
1694417106309 0.4247348465733667 398
1694417106341 0.42428108227548833 399
1694417106374 0.4238334850284634 400
1694417106408 0.4234262493259734 401
1694417106451 0.4229596513161635 402
1694417106481 0.42251427300080097 403
1694417106510 0.42209698065889195 404
1694417106536 0.4216696478709452 405
1694417106566 0.42117425564926797 406
1694417106595 0.420737189309613 407
1694417106625 0.4202894684391113 408
1694417106652 0.4198689489889177 409
1694417106682 0.4194222691536696 410
1694417106708 0.4190112704438644 411
1694417106738 0.41858423064610706 412
1694417106767 0.4181449452040041 413
1694417106797 0.41772713838135955 414
1694417106827 0.4173082062722675 415
1694417106856 0.4168965574604793 416
1694417106885 0.4164878469547352 417
1694417106915 0.41606342988519057 418
1694417106953 0.41560189690522276 419
1694417107042 0.4151584178526747 420
1694417107096 0.41474036863298547 421
1694417107123 0.4143680455634211 422
1694417107149 0.41394607259342814 423
1694417107181 0.41353623402843454 424
1694417107209 0.413124411228452 425
1694417107237 0.4127285509089029 426
1694417107268 0.4123494909938905 427
1694417107298 0.41191653117190546 428
1694417107328 0.41151847505099237 429
1694417107358 0.4111142431468949 430
1694417107391 0.41070879682721323 431
1694417107430 0.4103020135182285 432
1694417107465 0.4098951232557579 433
1694417107497 0.40944218840436725 434
1694417107526 0.4090310226379965 435
1694417107556 0.4086179623914574 436
1694417107579 0.408239007809852 437
1694417107608 0.40783588878200594 438
1694417107636 0.40745503409567185 439
1694417107664 0.40707037213597147 440
1694417107700 0.4066669452111051 441
1694417107758 0.4062528657998414 442
1694417107782 0.4058555865797661 443
1694417107811 0.40544263479445103 444
1694417107881 0.40507727700868895 445
1694417107909 0.40468739600765957 446
1694417107944 0.4043045782965463 447
1694417107971 0.4039159884215812 448
1694417108002 0.4034875889486613 449
1694417108032 0.4031095036327803 450
1694417108059 0.40271470949957344 451
1694417108088 0.40232751089840946 452
1694417108115 0.4019602818713306 453
1694417108143 0.4015968667710269 454
1694417108173 0.4012016294225929 455
1694417108204 0.4008290917514929 456
1694417108233 0.4004570177316916 457
1694417108263 0.40007744072749557 458
1694417108292 0.3997231540241349 459
1694417108318 0.3993585168531017 460
1694417108345 0.3989893028780901 461
1694417108375 0.39861921300748515 462
1694417108408 0.3982294335325273 463
1694417108439 0.3978811407418226 464
1694417108470 0.39749531218695816 465
1694417108501 0.39712355983825276 466
1694417108532 0.3967543231157674 467
1694417108560 0.39637496570342085 468
1694417108589 0.3960173424320967 469
1694417108637 0.39568378806265 470
1694417108668 0.39531350604094123 471
1694417108698 0.39496607553868335 472
1694417108735 0.3946269990095064 473
1694417108764 0.39425722573104216 474
1694417108793 0.39390953383670185 475
1694417108824 0.39358643165469775 476
1694417108859 0.393257679292945 477
1694417108891 0.39291391400322134 478
1694417108918 0.39254906385001165 479
1694417108948 0.3922029751074782 480
1694417108980 0.3918479701582854 481
1694417109012 0.3915017901161655 482
1694417109040 0.3911724332505447 483
1694417109069 0.39082840751306336 484
1694417109105 0.39047380478803795 485
1694417109141 0.390116380509742 486
1694417109253 0.38976673085755004 487
1694417109286 0.3894201744015661 488
1694417109314 0.38908937461573495 489
1694417109344 0.38874671905642283 490
1694417109374 0.3884047021909167 491
1694417109405 0.3880829904914655 492
1694417109437 0.38775357952936007 493
1694417109528 0.38741890174535076 494
1694417109559 0.38707404767418224 495
1694417109591 0.38673806354350243 496
1694417109623 0.38639127849915345 497
1694417109653 0.38610097591239007 498
1694417109687 0.38578550334168027 499
1694417109724 0.38543949626545343 500
1694417109756 0.3851145935028706 501
1694417109810 0.38477333567877575 502
1694417109842 0.3844321365296751 503
1694417109875 0.38408308128447183 504
1694417109940 0.383706738823443 505
1694417109970 0.383327878228723 506
1694417109998 0.38298364773210014 507
1694417110032 0.382676790711406 508
1694417110062 0.38232616312902623 509
1694417110088 0.3819804286763837 510
1694417110114 0.3816281549750843 511
1694417110142 0.3812820772695055 512
1694417110172 0.38095223229215136 513
1694417110200 0.3806106510212867 514
1694417110237 0.3802819372575142 515
1694417110270 0.37994255962903345 516
1694417110300 0.37963331331927497 517
1694417110329 0.3793279263096508 518
1694417110359 0.3789812386101185 519
1694417110387 0.3786605040539713 520
1694417110412 0.37831547469566595 521
1694417110443 0.37800470611604275 522
1694417110478 0.37767997722945107 523
1694417110509 0.3773727076719341 524
1694417110540 0.3770634829047164 525
1694417110570 0.3767511595615389 526
1694417110598 0.37643557601279376 527
1694417110628 0.37610866198280646 528
1694417110656 0.3757935462284412 529
1694417110680 0.3754910018853956 530
1694417110708 0.3751943987209298 531
1694417110739 0.37489932726175423 532
1694417110769 0.3745925940592256 533
1694417110799 0.3742228595137144 534
1694417110828 0.37394099637433237 535
1694417110858 0.3736353471245213 536
1694417110885 0.3733108736498923 537
1694417110910 0.37300241412018265 538
1694417110942 0.3726990243914843 539
1694417110973 0.37238568584540355 540
1694417111002 0.3720842481452872 541
1694417111031 0.3717876407496144 542
1694417111060 0.3714835382970468 543
1694417111089 0.3711496436760417 544
1694417111113 0.37086383716187793 545
1694417111142 0.3705614558605807 546
1694417111174 0.3702368334409697 547
1694417111202 0.3699124995866021 548
1694417111314 0.36960678697422206 549
1694417111344 0.36929008175208444 550
1694417111372 0.36899682499336556 551
1694417111401 0.36870932152779046 552
1694417111431 0.3684022535335978 553
1694417111459 0.3680815813263539 554
1694417111496 0.3677676046344423 555
1694417111527 0.36748276894793075 556
1694417111558 0.36718845183725535 557
1694417111587 0.3668964186668319 558
1694417111611 0.36659656771240684 559
1694417111639 0.3662896572540565 560
1694417111668 0.36597627835736674 561
1694417111697 0.36568467724220355 562
1694417111726 0.3653919353437782 563
1694417111756 0.3651073169819047 564
1694417111782 0.3648126282067826 565
1694417111852 0.3645151055163375 566
1694417111876 0.3642170153928154 567
1694417111905 0.3639219574968758 568
1694417111975 0.36362757444781013 569
1694417112008 0.36333399468296806 570
1694417112043 0.36303224259358 571
1694417112070 0.362735902049554 572
1694417112098 0.3624453336921352 573
1694417112126 0.3621884173503036 574
1694417112154 0.36190772096108176 575
1694417112179 0.3615827434201702 576
1694417112207 0.3613472907630436 577
1694417112238 0.36100628190017114 578
1694417112270 0.3607085627708208 579
1694417112301 0.3603824597131771 580
1694417112331 0.36007788327755436 581
1694417112361 0.35980613445354026 582
1694417112387 0.3595185364710959 583
1694417112414 0.35924641593425166 584
1694417112445 0.3589339995891306 585
1694417112476 0.3586056139079453 586
1694417112508 0.35833481719259047 587
1694417112536 0.35802673763212856 588
1694417112569 0.35772691488453795 589
1694417112599 0.35743419321158904 590
1694417112638 0.3571560571817712 591
1694417112667 0.3568905052673723 592
1694417112695 0.35660618622981016 593
1694417112725 0.3563038425142251 594
1694417112750 0.35605030884633276 595
1694417112778 0.35576522840511077 596
1694417112810 0.35545572325598696 597
1694417112841 0.35517893324815103 598
1694417112877 0.3549009775088025 599
1694417112912 0.35461571117713425 600
1694417112938 0.35437262390450547 601
1694417112966 0.3541069927408222 602
1694417112995 0.35380974371933094 603
1694417113026 0.35353690521196596 604
1694417113059 0.3532516037715918 605
1694417113092 0.35296091357825776 606
1694417113122 0.35266927552023203 607
1694417113148 0.3523917836565599 608
1694417113176 0.3521008957395604 609
1694417113208 0.35181422952850055 610
1694417113245 0.3515097729270704 611
1694417113280 0.3512364204162055 612
1694417113406 0.35094947449844105 613
1694417113440 0.35067069062108264 614
1694417113471 0.35038964908141684 615
1694417113499 0.3501084217384343 616
1694417113531 0.34983813687659493 617
1694417113634 0.3495705361353318 618
1694417113938 0.34929625439024165 619
1694417114028 0.34904391037563126 620
1694417114058 0.3487901112363104 621
1694417114088 0.3485471798308017 622
1694417114113 0.34827836306009535 623
1694417114140 0.3480111676343702 624
1694417114170 0.347761025994677 625
1694417114196 0.34748340322317883 626
1694417114225 0.3472515237020451 627
1694417114248 0.3469993206699681 628
1694417114276 0.34674424187675723 629
1694417114309 0.3465032883395107 630
1694417114344 0.34624151707743295 631
1694417114372 0.3459888484326367 632
1694417114421 0.3457098861111147 633
1694417114454 0.3454451314777907 634
1694417114489 0.34517185747392526 635
1694417114524 0.34490599012744383 636
1694417114562 0.34462158044626773 637
1694417114598 0.34435424169985085 638
1694417114632 0.34409666354682356 639
1694417114664 0.3438433891595556 640
1694417114708 0.3435782935074321 641
1694417114744 0.34329440622108165 642
1694417114776 0.34304262167991895 643
1694417114809 0.3427802020954291 644
1694417114840 0.34256072497460005 645
1694417114873 0.3422876442350877 646
1694417114903 0.3420113394920442 647
1694417114935 0.34171561537970535 648
1694417114968 0.3414624093582135 649
1694417114999 0.34120423841799724 650
1694417115030 0.34095723743969325 651
1694417115065 0.34067445117804984 652
1694417115099 0.34044518552128544 653
1694417115170 0.3401886262625836 654
1694417115242 0.33990996692243125 655
1694417115279 0.3396714292054685 656
1694417115325 0.3394083212451425 657
1694417115361 0.3391403600918334 658
1694417115404 0.33890626705951055 659
1694417115443 0.33862884116392067 660
1694417115553 0.33838677054785987 661
1694417115594 0.3380937051343341 662
1694417115628 0.33784563461399675 663
1694417115664 0.3376115536140517 664
1694417115698 0.3373457024176783 665
1694417115730 0.3371062245483105 666
1694417115759 0.3368770183403029 667
1694417115792 0.3366402892677885 668
1694417115824 0.33641700749219333 669
1694417115859 0.3361752295621032 670
1694417115917 0.33593724877871367 671
1694417115948 0.3357041559013922 672
1694417115984 0.33544990738361596 673
1694417116122 0.3352462282228536 674
1694417116157 0.33499366674137376 675
1694417116189 0.3347362507674432 676
1694417116221 0.3344931754478421 677
1694417116264 0.33425213980880136 678
1694417116345 0.33399983357947016 679
1694417116380 0.3337260360700059 680
1694417116414 0.33347685351813283 681
1694417116454 0.3332108581742219 682
1694417116481 0.33295763037372583 683
1694417116511 0.33270741064625775 684
1694417116543 0.33245850720592013 685
1694417116586 0.3321956179653068 686
1694417116681 0.3319483456117323 687
1694417116725 0.3316930582578816 688
1694417116879 0.33144607805404325 689
1694417116922 0.331228820388686 690
1694417116963 0.3309937599922348 691
1694417116999 0.33072991615253927 692
1694417117041 0.3304648099320898 693
1694417117073 0.3302300344474229 694
1694417117104 0.32997646628943883 695
1694417117130 0.32974355111079506 696
1694417117160 0.3295015872753132 697
1694417117189 0.32925835143070414 698
1694417117219 0.32902595617207053 699
1694417117250 0.32878351495944386 700
1694417117280 0.32856502445980185 701
1694417117670 0.3283214360401197 702
1694417117700 0.3281062649937518 703
1694417117730 0.3278658636696767 704
1694417117769 0.3276101177351841 705
1694417117801 0.3273935350978254 706
1694417117843 0.3271526903030735 707
1694417117877 0.32693219235507676 708
1694417117940 0.32669427386546807 709
1694417117969 0.3264651580091866 710
1694417118003 0.3262395312520641 711
1694417118040 0.32599228900185456 712
1694417118069 0.32574125109034985 713
1694417118122 0.32551091638555857 714
1694417118175 0.32524996336853496 715
1694417118209 0.32500801388025763 716
1694417118240 0.3247660399125085 717
1694417118274 0.3245103780042413 718
1694417118311 0.3242959672051045 719
1694417118347 0.3240600392569362 720
1694417118383 0.3238258503563921 721
1694417118412 0.3235965607572227 722
1694417118456 0.323366183444732 723
1694417118483 0.32311112863903607 724
1694417118518 0.3228858925609093 725
1694417118541 0.322688936508776 726
1694417118572 0.32243908729960163 727
1694417118603 0.3221877503719461 728
1694417118639 0.3219591022716656 729
1694417118672 0.3217295721765118 730
1694417118705 0.3214965167078532 731
1694417118736 0.32126166895195457 732
1694417118768 0.32102017158024426 733
1694417118804 0.3207700345722383 734
1694417118846 0.3205371040812595 735
1694417118888 0.3202987875768089 736
1694417118921 0.3200751849358747 737
1694417118954 0.3198576073695024 738
1694417118981 0.3196306872367362 739
1694417119012 0.3194494151826087 740
1694417119048 0.31921167600153055 741
1694417119081 0.31897302283117873 742
1694417119108 0.3187451015177402 743
1694417119137 0.31854034571872586 744
1694417119164 0.31831876448694973 745
1694417119193 0.31807389260430785 746
1694417119226 0.31785929093558457 747
1694417119258 0.3176488021669694 748
1694417119289 0.31744822586907073 749
1694417119325 0.3172201168320897 750
1694417119356 0.317007730622284 751
1694417119392 0.31677385781821005 752
1694417119424 0.31652193096005216 753
1694417119459 0.3163314678344381 754
1694417119491 0.31611889451150066 755
1694417119521 0.31593066643397194 756
1694417119553 0.3157111506242473 757
1694417119587 0.31549579363078556 758
1694417119615 0.3152738836134655 759
1694417119651 0.31502805685301283 760
1694417119692 0.3148138487304672 761
1694417119760 0.3145740036548469 762
1694417119830 0.31434915644642564 763
1694417119858 0.3141617767899079 764
1694417119895 0.3139231416612683 765
1694417119930 0.3137103517226992 766
1694417119995 0.3134730082461796 767
1694417120035 0.3132601309816803 768
1694417120072 0.31306262722761113 769
1694417120105 0.3128543443743119 770
1694417120138 0.3126507541414311 771
1694417120211 0.3124364318358379 772
1694417120244 0.31220469073809615 773
1694417120277 0.3119975927467483 774
1694417120310 0.3117747352233361 775
1694417120343 0.3115810913273583 776
1694417120377 0.3113789870860897 777
1694417120412 0.3111738161405931 778
1694417120447 0.31094889819233373 779
1694417120485 0.31071158161024176 780
1694417120519 0.3104933530320556 781
1694417120552 0.3102719638310616 782
1694417120588 0.31005161198057507 783
1694417120624 0.30981058615215573 784
1694417120659 0.3095893347754224 785
1694417120694 0.30938996990033474 786
1694417120728 0.30918070931667196 787
1694417120763 0.30894972358386813 788
1694417120797 0.30874989679359977 789
1694417120831 0.3085513912702611 790
1694417120864 0.3083337180058453 791
1694417120897 0.30815595173478894 792
1694417120938 0.3079343544727453 793
1694417120970 0.30774106634981185 794
1694417121007 0.3075261383602295 795
1694417121041 0.30733056058835423 796
1694417121075 0.30712637381333435 797
1694417121106 0.30691817839276575 798
1694417121138 0.3067068445458965 799
1694417121170 0.3065039532451483 800
1694417121202 0.30631075969255767 801
1694417121233 0.3060956939219691 802
1694417121265 0.3058859445375143 803
1694417121305 0.30564531444296644 804
1694417121333 0.30543843009983196 805
1694417121363 0.30522955482546654 806
1694417121391 0.3050472071150682 807
1694417121420 0.3048369912053583 808
1694417121448 0.304634583280856 809
1694417121477 0.30445569098392866 810
1694417121506 0.3042226479455535 811
1694417121536 0.3040150447345012 812
1694417121567 0.30380588920562984 813
1694417121596 0.30359840075006683 814
1694417121624 0.3034017143654145 815
1694417121653 0.30319510957951595 816
1694417121686 0.30299104851087744 817
1694417121712 0.3027804350164524 818
1694417121742 0.30259010534017944 819
1694417121772 0.30237366122965287 820
1694417121804 0.3021828127264729 821
1694417121844 0.3019764910015765 822
1694417121927 0.30175109502804526 823
1694417121962 0.3015612049311809 824
1694417122021 0.30135790157503867 825
1694417122045 0.3011457369409698 826
1694417122076 0.3009593268164494 827
1694417122109 0.30077512254446875 828
1694417122139 0.30055297173817996 829
1694417122168 0.3003690761169823 830
1694417122200 0.30015774878183044 831
1694417122266 0.2999565428454204 832
1694417122295 0.2997485929004119 833
1694417122331 0.29954083994466346 834
1694417122360 0.29937039804541543 835
1694417122391 0.2991598448094043 836
1694417122425 0.2989411118003088 837
1694417122459 0.298746557203964 838
1694417122489 0.298549422723771 839
1694417122514 0.29836317004545526 840
1694417122546 0.2981760321893378 841
1694417122576 0.2979766759627241 842
1694417122609 0.29777274733915515 843
1694417122657 0.2975801981006111 844
1694417122684 0.2973901152286913 845
1694417122710 0.2972202895557224 846
1694417122754 0.29702402230907216 847
1694417122785 0.29679662042209143 848
1694417122814 0.2966103994439792 849
1694417122847 0.2964359097116802 850
1694417122880 0.29622948044351394 851
1694417122913 0.29601905690694685 852
1694417122943 0.29581335157477917 853
1694417122974 0.29562530856746005 854
1694417123004 0.2954431233226693 855
1694417123029 0.29526561984359617 856
1694417123058 0.2950678128234581 857
1694417123088 0.29486283647010725 858
1694417123119 0.29467382899022915 859
1694417123151 0.29446760356888746 860
1694417123180 0.29427738729837133 861
1694417123211 0.29404648928432625 862
1694417123246 0.29385111804818964 863
1694417123275 0.2936597599696283 864
1694417123307 0.29346134626355364 865
1694417123339 0.2932630727458296 866
1694417123374 0.29307070735139995 867
1694417123408 0.29290441845739273 868
1694417123438 0.2927181387670591 869
1694417123465 0.2924977612324396 870
1694417123494 0.2923045717020118 871
1694417123614 0.29209647403871886 872
1694417123648 0.2918910793092422 873
1694417123676 0.29170376600281267 874
1694417123700 0.2915214736773238 875
1694417123752 0.29133081906961483 876
1694417123781 0.29113962932177356 877
1694417123809 0.2909747260186765 878
1694417123842 0.29079008464505157 879
1694417123873 0.29060667383186295 880
1694417123899 0.2904081481374571 881
1694417123927 0.2902099009735313 882
1694417124055 0.29000951757968124 883
1694417124085 0.2898336496058032 884
1694417124113 0.28963216173985523 885
1694417124141 0.2894637415520608 886
1694417124165 0.28927968021510436 887
1694417124192 0.2890887575453523 888
1694417124221 0.2888930830699267 889
1694417124256 0.28871537244647616 890
1694417124322 0.28854282646966406 891
1694417124353 0.2883516199005792 892
1694417124382 0.28816021479483167 893
1694417124414 0.2879617577099779 894
1694417124443 0.28778866127137936 895
1694417124477 0.2876191080503815 896
1694417124509 0.2874152211739054 897
1694417124573 0.2872126190105007 898
1694417124597 0.287007822877249 899
1694417124626 0.2868400632584779 900
1694417124659 0.2866648624993339 901
1694417124687 0.28651237735782475 902
1694417124715 0.2863099342576732 903
1694417124744 0.2861109728574924 904
1694417124774 0.28594876368932604 905
1694417124805 0.28575304855323375 906
1694417124830 0.285564976044442 907
1694417124859 0.28538012820467684 908
1694417124888 0.2851968101512316 909
1694417124918 0.28501234481214766 910
1694417124946 0.2848435688228639 911
1694417124974 0.2846630175646038 912
1694417125002 0.2844851353257853 913
1694417125031 0.28428978884221173 914
1694417125060 0.2840852765255157 915
1694417125090 0.2839000796513946 916
1694417125119 0.2837101938432931 917
1694417125155 0.2835205258713486 918
1694417125184 0.2833231116795318 919
1694417125212 0.28315314045047746 920
1694417125284 0.2829832801792457 921
1694417125318 0.28279735667251943 922
1694417125347 0.2826199172396012 923
1694417125375 0.28243168861345325 924
1694417125404 0.28224088723539875 925
1694417125429 0.2820668202403715 926
1694417125461 0.28186540043927205 927
1694417125489 0.2816781139195094 928
1694417125516 0.28150911587132116 929
1694417125547 0.2813388158929822 930
1694417125576 0.28116382753851704 931
1694417125605 0.2809735657829334 932
1694417125631 0.2807970380827416 933
1694417125659 0.2806054516335847 934
1694417125690 0.28041836969794526 935
1694417125718 0.2802522490329764 936
1694417125747 0.2800796693031714 937
1694417125774 0.2799035641197217 938
1694417125807 0.27973140484202985 939
1694417125831 0.27954360909422216 940
1694417125863 0.27936531293346945 941
1694417125892 0.27918620772176816 942
1694417125922 0.27900514996437753 943
1694417125951 0.2788062504601814 944
1694417125980 0.2786221548376562 945
1694417126013 0.2784461633014854 946
1694417126076 0.27829911406242236 947
1694417126165 0.2781301748764332 948
1694417126190 0.27793257870664306 949
1694417126218 0.2777594916298634 950
1694417126246 0.2775636572926724 951
1694417126276 0.2773749093122913 952
1694417126308 0.27720358247802573 953
1694417126376 0.2770279715002206 954
1694417126411 0.27683507759927944 955
1694417126444 0.27664041308415727 956
1694417126475 0.27646749374963914 957
1694417126507 0.2762915823124974 958
1694417126691 0.27610504104850764 959
1694417126717 0.2759247207264628 960
1694417126743 0.2757549740143171 961
1694417126771 0.27558602375602986 962
1694417126830 0.27539477097354914 963
1694417126857 0.2752235151311065 964
1694417126889 0.27504139192001176 965
1694417126922 0.2748728238241635 966
1694417126948 0.27471495645276095 967
1694417126978 0.2745476410293799 968
1694417127012 0.27437281729646057 969
1694417127042 0.27420305569063425 970
1694417127074 0.27403827922297297 971
1694417127101 0.27387488790120107 972
1694417127128 0.27370467135369264 973
1694417127158 0.2735362959946885 974
1694417127188 0.2733547208798283 975
1694417127215 0.2731855314518945 976
1694417127243 0.2730241202688719 977
1694417127267 0.27287697143432904 978
1694417127296 0.27271142683055355 979
1694417127327 0.2725478361295418 980
1694417127358 0.2723815862004111 981
1694417127387 0.27222408610747156 982
1694417127419 0.2720798463514661 983
1694417127448 0.2719379139615707 984
1694417127478 0.2717848011848789 985
1694417127508 0.2716039145575053 986
1694417127538 0.271419056379877 987
1694417127565 0.27124649087153024 988
1694417127597 0.2710788223178025 989
1694417127626 0.2708954239260089 990
1694417127654 0.27076282685318304 991
1694417127685 0.27059924560541104 992
1694417127717 0.27040054948384745 993
1694417127746 0.27023640350936107 994
1694417127776 0.27007074177737006 995
1694417127806 0.2699124957003214 996
1694417127838 0.26973408368719776 997
1694417127863 0.269568003658913 998
1694417127892 0.26940620453371794 999
1694417127927 0.26922590759808673 1000
1694417127957 0.26906308398202633 1001
1694417127987 0.2688912068372714 1002
1694417128017 0.26872757092160665 1003
1694417128046 0.2685736780515196 1004
1694417128077 0.26837571895561596 1005
1694417128256 0.2682255500048173 1006
1694417128299 0.26809175370849386 1007
1694417128328 0.2679373638331443 1008
1694417128397 0.26778911021023577 1009
1694417128425 0.2676148918895816 1010
1694417128454 0.2674435959951488 1011
1694417128489 0.26726328193257554 1012
1694417128517 0.2671097937299646 1013
1694417128547 0.26694407930051883 1014
1694417128578 0.2667709547231134 1015
1694417128608 0.26663287198942376 1016
1694417128639 0.2664764409958262 1017
1694417128676 0.26630231417549904 1018
1694417128709 0.2661399468160033 1019
1694417128743 0.26598300094445526 1020
1694417128775 0.2658430068731862 1021
1694417128822 0.2656799773759099 1022
1694417128861 0.26551255419620445 1023
1694417128897 0.26534314510282275 1024
1694417128929 0.2652017453040235 1025
1694417128958 0.26503936305058734 1026
1694417128994 0.2648692276092909 1027
1694417129029 0.2647263442427752 1028
1694417129057 0.2645519605408578 1029
1694417129082 0.26439051237124983 1030
1694417129108 0.26423519257258266 1031
1694417129136 0.26408592680323867 1032
1694417129207 0.26392132374854294 1033
1694417129326 0.26375781830403255 1034
1694417129378 0.2635684051013049 1035
1694417129424 0.263420818875913 1036
1694417129470 0.263251766017204 1037
1694417129615 0.26307477338072977 1038
1694417129658 0.26289949167456883 1039
1694417129706 0.26273281541250365 1040
1694417129740 0.2625665500985262 1041
1694417129774 0.2624149754862913 1042
1694417129811 0.2622438911033661 1043
1694417129846 0.2620819945122187 1044
1694417129882 0.2619111587727669 1045
1694417129914 0.26174617205311285 1046
1694417129990 0.2615676046920813 1047
1694417130044 0.2613850169227873 1048
1694417130078 0.26124474718217183 1049
1694417130121 0.2610813508280124 1050
1694417130183 0.2609121412663342 1051
1694417130215 0.26073483391685787 1052
1694417130263 0.2605704780966182 1053
1694417130353 0.2604262302362276 1054
1694417130460 0.26025979418963585 1055
1694417130514 0.26010322285385895 1056
1694417130547 0.2599548930059153 1057
1694417130580 0.2598078803107819 1058
1694417130622 0.25965754453895434 1059
1694417130663 0.25951578869839986 1060
1694417130696 0.2593603003722721 1061
1694417130728 0.25919474934139713 1062
1694417130776 0.25904379398513666 1063
1694417130826 0.25887979455314514 1064
1694417130864 0.2587271622209575 1065
1694417130898 0.25856890056678217 1066
1694417130938 0.25840318936657525 1067
1694417130976 0.2582384996308843 1068
1694417131015 0.2580870034366055 1069
1694417131051 0.257946595906962 1070
1694417131092 0.2577914436837571 1071
1694417131129 0.25765047590587803 1072
1694417131173 0.2574874312748396 1073
1694417131220 0.25733396497919353 1074
1694417131261 0.25718094789997603 1075
1694417131306 0.257025483579651 1076
1694417131337 0.2568773288306312 1077
1694417131366 0.25671114050904076 1078
1694417131395 0.2565644208445959 1079
1694417131434 0.25640972873544116 1080
1694417131466 0.2562429767214998 1081
1694417131495 0.25607794846805426 1082
1694417131528 0.2559308355659071 1083
1694417131563 0.2557696494219066 1084
1694417131596 0.25562924081951843 1085
1694417131641 0.25546997518021597 1086
1694417131676 0.25530485660449065 1087
1694417131706 0.255164047706959 1088
1694417131734 0.255033143526921 1089
1694417131763 0.2548781078602019 1090
1694417131793 0.2547212791430732 1091
1694417131826 0.25457804776753773 1092
1694417131859 0.2544396563560682 1093
1694417131889 0.25430429619081424 1094
1694417131919 0.25414713906449177 1095
1694417131954 0.25399307502104723 1096
1694417131990 0.2538367813082994 1097
1694417132024 0.2536922806320853 1098
1694417132059 0.2535639912921045 1099
1694417132091 0.2534135145083187 1100
1694417132121 0.2532832372583714 1101
1694417132158 0.2531248768207406 1102
1694417132224 0.25296380858216594 1103
1694417132251 0.2528152740479731 1104
1694417132278 0.2526579516267778 1105
1694417132314 0.25250492617423076 1106
1694417132341 0.25235883925948516 1107
1694417132365 0.25220310232696086 1108
1694417132396 0.2520468259507095 1109
1694417132555 0.2519086624116392 1110
1694417132583 0.2517558994855084 1111
1694417132613 0.2516009586053783 1112
1694417132658 0.25148518405181924 1113
1694417132685 0.2513432213226534 1114
1694417132717 0.2511899225611481 1115
1694417132763 0.25104412830352496 1116
1694417132803 0.25088282173405996 1117
1694417132834 0.2507449716234683 1118
1694417132861 0.2506120602022218 1119
1694417132894 0.25046232233708454 1120
1694417132926 0.2503199354262582 1121
1694417132959 0.25016891688826887 1122
1694417132995 0.2500006013061527 1123
1694417133028 0.249860915211414 1124
1694417133064 0.24970688674517277 1125
1694417133096 0.24954542824787537 1126
1694417133125 0.24942342622478994 1127
1694417133159 0.24928753028109418 1128
1694417133194 0.24911789324934525 1129
1694417133231 0.24896433922467795 1130
1694417133260 0.248818005146482 1131
1694417133293 0.24866414437001813 1132
1694417133326 0.24852875988205425 1133
1694417133358 0.24837754126319767 1134
1694417133392 0.24821378765543453 1135
1694417133430 0.2480696949562148 1136
1694417133458 0.2479267071415687 1137
1694417133493 0.24778804876235933 1138
1694417133523 0.247643758717473 1139
1694417133554 0.24749845816745114 1140
1694417133587 0.2473423795834908 1141
1694417133615 0.2472031968966736 1142
1694417133643 0.24707687951327645 1143
1694417133671 0.24693413931293454 1144
1694417133703 0.24679620472447925 1145
1694417133742 0.24665810903919147 1146
1694417133807 0.2465343489049212 1147
1694417133840 0.24638149261282982 1148
1694417133867 0.24626299089272707 1149
1694417133896 0.24611386116207895 1150
1694417133930 0.2459691296195978 1151
1694417133962 0.24581716050828945 1152
1694417133995 0.24567590996046584 1153
1694417134027 0.24553514144844296 1154
1694417134060 0.2454025978792505 1155
1694417134095 0.2452526703799212 1156
1694417134127 0.24512078036239274 1157
1694417134154 0.24497999359695596 1158
1694417134185 0.244855187177211 1159
1694417134243 0.24471205635637902 1160
1694417134273 0.24456911097393305 1161
1694417134304 0.2444131448671406 1162
1694417134341 0.24426916591808537 1163
1694417134372 0.24413422076121166 1164
1694417134405 0.24399354873419957 1165
1694417134438 0.24385684086149328 1166
1694417134479 0.24373425087679285 1167
1694417134590 0.2435710502275186 1168
1694417134639 0.24341882236104415 1169
1694417134666 0.24329394614680352 1170
1694417134695 0.24315766596782865 1171
1694417134726 0.243009860592507 1172
1694417134756 0.2428783069517038 1173
1694417134781 0.242734199308247 1174
1694417134810 0.24259756119043702 1175
1694417134847 0.242451424852406 1176
1694417134879 0.24230562483921803 1177
1694417134910 0.24216809823661414 1178
1694417134944 0.24201034022489176 1179
1694417134977 0.2418658265415988 1180
1694417135009 0.24171200323458564 1181
1694417135039 0.2415642514424681 1182
1694417135071 0.2414262242583693 1183
1694417135104 0.24127597270782253 1184
1694417135135 0.24113511343664315 1185
1694417135163 0.24099315462751159 1186
1694417135194 0.24084202257110923 1187
1694417135227 0.24071582385707002 1188
1694417135257 0.2405872387087581 1189
1694417135286 0.24043532222435512 1190
1694417135316 0.24029819580244832 1191
1694417135345 0.2401785009691682 1192
1694417135375 0.24004709667600801 1193
1694417135404 0.23989410416813536 1194
1694417135442 0.23976749677041065 1195
1694417135477 0.23963530931940988 1196
1694417135508 0.23951035692366093 1197
1694417135538 0.23937179291559313 1198
1694417135568 0.2392264013289563 1199
1694417135605 0.23909227143654968 1200
1694417135631 0.23895537359148297 1201
1694417135664 0.23883636432789657 1202
1694417135694 0.23871247515755484 1203
1694417135725 0.23856453660715324 1204
1694417135756 0.23842098878344253 1205
1694417135790 0.23827635313803933 1206
1694417135820 0.23814813754439282 1207
1694417135853 0.23801464114742993 1208
1694417135881 0.2379036234281529 1209
1694417135914 0.23776218116384254 1210
1694417135951 0.237613396768782 1211
1694417135981 0.23747477005082146 1212
1694417136018 0.23733924569253298 1213
1694417136044 0.2372053554302177 1214
1694417136076 0.23706353491325108 1215
1694417136112 0.236941561169322 1216
1694417136146 0.2368204851314105 1217
1694417136181 0.23667366612384727 1218
1694417136217 0.23653996610550382 1219
1694417136291 0.2364053101082317 1220
1694417136322 0.23626650006110056 1221
1694417136355 0.2361341827905262 1222
1694417136384 0.2360118693204272 1223
1694417136414 0.23586310296546686 1224
1694417136446 0.23572092755019752 1225
1694417136480 0.23558929999349743 1226
1694417136514 0.235454106904043 1227
1694417136557 0.23531490679433975 1228
1694417136622 0.2351811894187093 1229
1694417136708 0.23504101899004584 1230
1694417136757 0.23492912605129077 1231
1694417136789 0.23479250976522448 1232
1694417136818 0.23464589407392855 1233
1694417136846 0.23452547825335476 1234
1694417136876 0.23438095087469335 1235
1694417136908 0.23424107934805044 1236
1694417136943 0.23410270037226616 1237
1694417136975 0.23395992225198076 1238
1694417137010 0.2338286304216651 1239
1694417137043 0.2336954196199512 1240
1694417137078 0.23356253738185004 1241
1694417137111 0.23343750222225892 1242
1694417137140 0.23328699314007786 1243
1694417137166 0.23315733421069582 1244
1694417137196 0.23302425579397792 1245
1694417137227 0.23287680889335308 1246
1694417137258 0.23274749980463233 1247
1694417137291 0.23261791391531828 1248
1694417137314 0.23249474274763116 1249
1694417137345 0.23235031727932917 1250
1694417137376 0.23221887796566226 1251
1694417137405 0.23209194800360422 1252
1694417137435 0.23196689923384198 1253
1694417137464 0.2318401941810237 1254
1694417137497 0.23171261998273984 1255
1694417137525 0.23158192467271835 1256
1694417137559 0.23145617955427872 1257
1694417137591 0.23134427318717773 1258
1694417137622 0.23120837535536912 1259
1694417137656 0.23109520789428778 1260
1694417137684 0.23096040306472312 1261
1694417137712 0.23083064814738063 1262
1694417137741 0.23071057835492992 1263
1694417137767 0.23059166264694186 1264
1694417137799 0.2304755408627481 1265
1694417137825 0.23035953461205672 1266
1694417137855 0.23023747458713664 1267
1694417137897 0.2301007420882304 1268
1694417137928 0.22996959234335917 1269
1694417137957 0.2298408047460401 1270
1694417137986 0.22969682957735832 1271
1694417138018 0.22957286578695976 1272
1694417138046 0.22943461763794262 1273
1694417138078 0.2293085874224238 1274
1694417138109 0.2291834545553362 1275
1694417138140 0.22905849949704507 1276
1694417138171 0.22894068113802796 1277
1694417138201 0.228796865680406 1278
1694417138502 0.22868295933200075 1279
1694417138592 0.22856077539272096 1280
1694417138655 0.2284350799629983 1281
1694417138691 0.22831626830369905 1282
1694417138728 0.22817775863129958 1283
1694417138765 0.22804791331338686 1284
1694417138802 0.22792858917487924 1285
1694417138861 0.22778568118797024 1286
1694417138915 0.227670731812416 1287
1694417138948 0.22753962992673665 1288
1694417138978 0.22741247016710997 1289
1694417139006 0.22728876925143265 1290
1694417139039 0.22714659008075863 1291
1694417139077 0.22702585074871404 1292
1694417139125 0.22691466142919203 1293
1694417139158 0.2267992430895697 1294
1694417139190 0.22667444759127622 1295
1694417139223 0.22653985405156338 1296
1694417139258 0.22640556227801206 1297
1694417139292 0.2262732072936055 1298
1694417139328 0.22615052338737368 1299
1694417139362 0.22601497923140879 1300
1694417139396 0.22590432386216278 1301
1694417139428 0.22577061819150177 1302
1694417139457 0.22563930503718702 1303
1694417139501 0.22550532809444496 1304
1694417139538 0.22537106709480415 1305
1694417139564 0.22523350683026527 1306
1694417139601 0.22511083083416858 1307
1694417139630 0.22498487702589945 1308
1694417139662 0.22484941033015546 1309
1694417139692 0.22471217744280353 1310
1694417139724 0.2245681886454589 1311
1694417139757 0.22444186548708006 1312
1694417139792 0.22431783983402734 1313
1694417139827 0.2242029810131861 1314
1694417139860 0.22407279584396056 1315
1694417139888 0.2239509274347547 1316
1694417139923 0.22382709263738695 1317
1694417139957 0.223707715283983 1318
1694417139991 0.22359286938946726 1319
1694417140022 0.2234619725090115 1320
1694417140057 0.22334285587040822 1321
1694417140090 0.22321105629420201 1322
1694417140127 0.22309960480699084 1323
1694417140161 0.22298926212663978 1324
1694417140193 0.22286019470985854 1325
1694417140226 0.2227380729975919 1326
1694417140281 0.22263046002805748 1327
1694417140314 0.22248458947864047 1328
1694417140379 0.22235658758290774 1329
1694417140407 0.22222951344537914 1330
1694417140438 0.2221048614207335 1331
1694417140475 0.22197827769595882 1332
1694417140534 0.2218505618258699 1333
1694417140563 0.22172839389899207 1334
1694417140597 0.22161234903552704 1335
1694417140635 0.22149004988895857 1336
1694417140661 0.22136713613600809 1337
1694417140728 0.22124301198215857 1338
1694417140768 0.2211214591892588 1339
1694417140818 0.22098745140499068 1340
1694417140850 0.22088702730728108 1341
1694417140878 0.22076390361661294 1342
1694417140911 0.22064380256949517 1343
1694417140989 0.22052258616592157 1344
1694417141047 0.2204134889540405 1345
1694417141081 0.2203055567719878 1346
1694417141111 0.2201873134262059 1347
1694417141145 0.22005234557224795 1348
1694417141175 0.21991192297602252 1349
1694417141208 0.2197827401794788 1350
1694417141246 0.21966080302208746 1351
1694417141290 0.219527195318597 1352
1694417141322 0.2194176567536182 1353
1694417141356 0.21929187329211927 1354
1694417141392 0.2191772441559647 1355
1694417141424 0.21907833706433377 1356
1694417141453 0.21896387396855077 1357
1694417141481 0.21884600308620356 1358
1694417141509 0.21872905524319042 1359
1694417141551 0.21860661675458437 1360
1694417141577 0.2184734241608259 1361
1694417141609 0.21834524523555857 1362
1694417141639 0.2182163050097615 1363
1694417141668 0.21809523788332655 1364
1694417141698 0.2179740902827448 1365
1694417141726 0.21785267751957813 1366
1694417141755 0.21773727912741006 1367
1694417141781 0.21761503639458438 1368
1694417141809 0.21750977039818709 1369
1694417141839 0.21739239160499207 1370
1694417141872 0.2172686025641206 1371
1694417141898 0.21715876403885134 1372
1694417141928 0.2170337432981808 1373
1694417141958 0.21690782432008732 1374
1694417141981 0.21679429135474704 1375
1694417142010 0.21667186692126228 1376
1694417142039 0.21655179452953832 1377
1694417142068 0.21642405301990975 1378
1694417142097 0.2162960803518432 1379
1694417142129 0.21617291897939828 1380
1694417142160 0.21605486896206622 1381
1694417142187 0.21593998365825734 1382
1694417142212 0.21582314777532727 1383
1694417142240 0.21570686821591634 1384
1694417142270 0.21558779414704352 1385
1694417142322 0.21546353658162215 1386
1694417142355 0.21533254025100798 1387
1694417142414 0.21521280769186496 1388
1694417142449 0.2151005880281277 1389
1694417142480 0.2149784559878996 1390
1694417142522 0.21486939600347485 1391
1694417142546 0.21475570801029825 1392
1694417142613 0.21464284113803686 1393
1694417142657 0.21453199633173875 1394
1694417142711 0.2144176217100464 1395
1694417142779 0.2143022539591962 1396
1694417142813 0.21417775363481345 1397
1694417142845 0.214070605329596 1398
1694417142881 0.21395853958763927 1399
1694417142907 0.21385719497733688 1400
1694417142937 0.2137408049015125 1401
1694417142967 0.2136447922113178 1402
1694417142998 0.21352913653907898 1403
1694417143073 0.21341355478583401 1404
1694417143173 0.2133065839646164 1405
1694417143202 0.21320869424775468 1406
1694417143228 0.2130969294655037 1407
1694417143260 0.21298012649682058 1408
1694417143295 0.2128548247125046 1409
1694417143331 0.21275195103185077 1410
1694417143359 0.21265402477193787 1411
1694417143412 0.2125359399038787 1412
1694417143442 0.2124160593327601 1413
1694417143474 0.21229946952285306 1414
1694417143510 0.21218504127274765 1415
1694417143546 0.21207997042190263 1416
1694417143577 0.21194742857016513 1417
1694417143608 0.2118291852679569 1418
1694417143641 0.2117160263303247 1419
1694417143667 0.21159349918125306 1420
1694417143692 0.211483152315854 1421
1694417143719 0.21137963086207123 1422
1694417143750 0.21125803216810346 1423
1694417143781 0.2111390212968155 1424
1694417143813 0.21101015352689095 1425
1694417143846 0.21090437050177355 1426
1694417143878 0.21078822966794955 1427
1694417143910 0.21065557023427808 1428
1694417143944 0.2105361397265792 1429
1694417143974 0.21042526926265498 1430
1694417144010 0.21030877493796224 1431
1694417144042 0.2101887080948673 1432
1694417144074 0.21006096004544322 1433
1694417144106 0.2099395718883298 1434
1694417144131 0.20983128177863225 1435
1694417144162 0.20969735731723887 1436
1694417144193 0.2095885652980854 1437
1694417144221 0.20947835005598803 1438
1694417144252 0.2093790636201474 1439
1694417144283 0.2092760795835829 1440
1694417144312 0.2091534661891186 1441
1694417144346 0.2090552329640655 1442
1694417144378 0.208941770461204 1443
1694417144440 0.2088330062634352 1444
1694417144469 0.20873047420335716 1445
1694417144493 0.20862125969323886 1446
1694417144526 0.20848438373962278 1447
1694417144576 0.2083746145003438 1448
1694417144609 0.20825997225249243 1449
1694417144639 0.20815956115513454 1450
1694417144674 0.20804087025564166 1451
1694417144705 0.20791410260092874 1452
1694417144734 0.2078127685130207 1453
1694417144771 0.20769827854861692 1454
1694417144840 0.20758149492790817 1455
1694417144880 0.20747243673653465 1456
1694417144927 0.20735887287278457 1457
1694417144959 0.2072545161059477 1458
1694417144991 0.20714213629346148 1459
1694417145026 0.20703426485818277 1460
1694417145057 0.20692930582137173 1461
1694417145103 0.20682492208785375 1462
1694417145147 0.20670248347453146 1463
1694417145220 0.2065988160246737 1464
1694417145252 0.2064887831689008 1465
1694417145306 0.2063704357435512 1466
1694417145335 0.20626720982730903 1467
1694417145362 0.20615804121114173 1468
1694417145394 0.2060409187921345 1469
1694417145422 0.2059358103632013 1470
1694417145447 0.20582624652919707 1471
1694417145477 0.20572252923502896 1472
1694417145530 0.20561561887554874 1473
1694417145558 0.20549854506648238 1474
1694417145582 0.2053833901340973 1475
1694417145611 0.20528147869350782 1476
1694417145639 0.20518281313093467 1477
1694417145667 0.20506337633408142 1478
1694417145696 0.20495231691421403 1479
1694417145725 0.20485288309570485 1480
1694417145755 0.20473819037950886 1481
1694417145780 0.2046506931945824 1482
1694417145811 0.20453932490661275 1483
1694417145845 0.20443242179147794 1484
1694417145878 0.20432304711384325 1485
1694417145909 0.20423287178562832 1486
1694417145940 0.20413180615901083 1487
1694417145970 0.204022021150478 1488
1694417145999 0.20390434465537946 1489
1694417146027 0.20378693248732355 1490
1694417146055 0.20369670358669445 1491
1694417146084 0.20358071029455738 1492
1694417146110 0.2034691161727187 1493
1694417146141 0.2033623249178497 1494
1694417146171 0.20324527481324922 1495
1694417146206 0.20314573107269468 1496
1694417146238 0.2030432023660363 1497
1694417146273 0.2029335029439507 1498
1694417146305 0.20282705748493832 1499
1694417146665 0.2030432023660363 1500
