1694338176519 1.9108673829053535 0
1694338176575 1.8743461219500088 1
1694338176600 1.8412938098578737 2
1694338176684 1.809853880155774 3
1694338176732 1.780250990027557 4
1694338176761 1.7520117032338807 5
1694338176807 1.7253580480519053 6
1694338176833 1.699991526217217 7
1694338176862 1.6753022021156196 8
1694338176894 1.6516414608094496 9
1694338176923 1.62895002480878 10
1694338176949 1.6071749950828202 11
1694338177014 1.585953872538229 12
1694338177043 1.5656270345527008 13
1694338177082 1.5460378845377596 14
1694338177110 1.5270762799908317 15
1694338177143 1.5085442196396932 16
1694338177166 1.4905136373654821 17
1694338177190 1.4730411133007366 18
1694338177215 1.4562073925137586 19
1694338177242 1.440084395729123 20
1694338177267 1.423899966112288 21
1694338177293 1.4083508591402 22
1694338177318 1.393272198367461 23
1694338177345 1.378499618901332 24
1694338177374 1.3641985837476243 25
1694338177399 1.3500392537891177 26
1694338177425 1.3360051034208085 27
1694338177451 1.3225112737140088 28
1694338177477 1.3093452147405291 29
1694338177514 1.2967199899190303 30
1694338177542 1.2840487694099898 31
1694338177573 1.2717081206813514 32
1694338177615 1.2597378798896186 33
1694338177640 1.2480412976993525 34
1694338177666 1.2366044242413528 35
1694338177694 1.2252208569777534 36
1694338177730 1.2142682119471495 37
1694338177756 1.2035893298125848 38
1694338177781 1.192926723170772 39
1694338177807 1.1825800962852424 40
1694338177857 1.1724867654569024 41
1694338177887 1.1626746379380541 42
1694338177914 1.1528376732610894 43
1694338177940 1.1431348613660541 44
1694338177968 1.133617524578953 45
1694338177993 1.1243322482037579 46
1694338178020 1.1153125748215111 47
1694338178046 1.1062885324932152 48
1694338178105 1.097645720653688 49
1694338178131 1.0891799376713758 50
1694338178156 1.080791178528874 51
1694338178184 1.0725332161351468 52
1694338178210 1.064402651602143 53
1694338178236 1.0564820135156832 54
1694338178271 1.0486540691895627 55
1694338178298 1.0410165587579754 56
1694338178322 1.033438187100281 57
1694338178348 1.0259783721276607 58
1694338178379 1.0187291564835614 59
1694338178404 1.0116126818929407 60
1694338178430 1.0045030712863543 61
1694338178457 0.997548343411974 62
1694338178494 0.9907396739634715 63
1694338178520 0.9840135683902987 64
1694338178549 0.9774340185912139 65
1694338178577 0.9709941374048505 66
1694338178605 0.9646022795086179 67
1694338178633 0.9583125203269223 68
1694338178660 0.9521799521549573 69
1694338178690 0.9461098810924374 70
1694338178730 0.9401451097173514 71
1694338178821 0.9342926347609688 72
1694338178846 0.928410228798838 73
1694338178878 0.922750638493787 74
1694338178904 0.9170838057768053 75
1694338178933 0.9114610722798461 76
1694338178958 0.9060550063875622 77
1694338178993 0.9006984401006016 78
1694338179080 0.8954366596080302 79
1694338179106 0.8902762108134058 80
1694338179144 0.8852301377085545 81
1694338179168 0.8801647647913503 82
1694338179193 0.875224589818416 83
1694338179228 0.8703263922819847 84
1694338179254 0.8654567790562067 85
1694338179285 0.8606587999862673 86
1694338179321 0.8559855873828234 87
1694338179370 0.851378654888428 88
1694338179396 0.8467899719075541 89
1694338179423 0.8423529771246164 90
1694338179448 0.8379418454569311 91
1694338179473 0.8336049613234332 92
1694338179499 0.8293217659708295 93
1694338179525 0.8250563471898829 94
1694338179552 0.8208608360216573 95
1694338179577 0.816752630488003 96
1694338179603 0.8127733986345936 97
1694338179637 0.8088201435904461 98
1694338179663 0.8048780162362543 99
1694338179687 0.800993321530773 100
1694338179712 0.7971580627078217 101
1694338179738 0.7934299644031884 102
1694338179762 0.7896254598410679 103
1694338179789 0.7859851935596547 104
1694338179815 0.7823412906583319 105
1694338179841 0.7788306961261295 106
1694338179892 0.7752296700696751 107
1694338179917 0.7716884975680216 108
1694338179943 0.7681603341923324 109
1694338179970 0.7647620432525567 110
1694338179997 0.7613479595495605 111
1694338180023 0.7580340201703398 112
1694338180049 0.7548454336504298 113
1694338180078 0.751515777505351 114
1694338180103 0.7483205816875539 115
1694338180129 0.7452470422757451 116
1694338180156 0.7421798659525881 117
1694338180238 0.7390861687595924 118
1694338180264 0.7360173409094768 119
1694338180292 0.7330368232959533 120
1694338180336 0.7300591258640979 121
1694338180376 0.7272114330780834 122
1694338180410 0.7243478684237937 123
1694338180451 0.7215095497418825 124
1694338180485 0.7186759546968128 125
1694338180519 0.7159054190449473 126
1694338180550 0.7131667275711481 127
1694338180588 0.710450796235945 128
1694338180614 0.7078091476275208 129
1694338180642 0.7051467384741937 130
1694338180670 0.7025103847060176 131
1694338180697 0.6998943483359743 132
1694338180748 0.6973923984594093 133
1694338180774 0.6948919868419116 134
1694338180884 0.6922723283432743 135
1694338180915 0.6897885082942816 136
1694338180943 0.6873695830137841 137
1694338180971 0.684921056325058 138
1694338180996 0.6825558712702302 139
1694338181022 0.6801763732180997 140
1694338181048 0.6778448048814432 141
1694338181114 0.6755219632264972 142
1694338181141 0.6732381714124581 143
1694338181169 0.670979351704752 144
1694338181199 0.668737772887691 145
1694338181227 0.6665351937484515 146
1694338181253 0.6643245970233453 147
1694338181280 0.6621781257994692 148
1694338181306 0.6600450362544614 149
1694338181334 0.657918205905537 150
1694338181360 0.6558696730434022 151
1694338181390 0.6538121947961026 152
1694338181415 0.6518004820201853 153
1694338181445 0.6497437197815392 154
1694338181472 0.6477440035057269 155
1694338181497 0.6457927875200851 156
1694338181529 0.6438091150939516 157
1694338181559 0.6418661942570876 158
1694338181586 0.6399258912406092 159
1694338181612 0.63805134768435 160
1694338181639 0.6361026673702335 161
1694338181669 0.63422460144072 162
1694338181700 0.6323611533226354 163
1694338181727 0.6305334257250387 164
1694338181755 0.6287342830558689 165
1694338181782 0.6269327108116872 166
1694338181814 0.6251580834175638 167
1694338181843 0.6234136589196847 168
1694338181876 0.6216604271675913 169
1694338181928 0.6199611105142055 170
1694338181955 0.6182388508175438 171
1694338181982 0.6165394165476006 172
1694338182017 0.6148589136636294 173
1694338182044 0.613169626240692 174
1694338182072 0.6115239554491071 175
1694338182098 0.6098823330996864 176
1694338182133 0.6082450540121717 177
1694338182159 0.6066297201718157 178
1694338182185 0.6050659551812497 179
1694338182214 0.6034768115161602 180
1694338182243 0.6019080828702313 181
1694338182273 0.6003399254398294 182
1694338182301 0.5988074467832656 183
1694338182329 0.5972506019321139 184
1694338182358 0.5957732316823237 185
1694338182393 0.5943019584342663 186
1694338182421 0.5927962744246946 187
1694338182449 0.5913275635925012 188
1694338182489 0.5898473683999454 189
1694338182517 0.5883686749150546 190
1694338182549 0.5869219941869466 191
1694338182579 0.5854935041724548 192
1694338182607 0.5840994816561241 193
1694338182632 0.5827404666574767 194
1694338182659 0.5813717362770215 195
1694338182686 0.5800609755266122 196
1694338182712 0.5787238454773156 197
1694338182744 0.577393088283044 198
1694338182770 0.5760586763063527 199
1694338182798 0.5747382971185637 200
1694338182825 0.5734721346305366 201
1694338182851 0.5721751277697932 202
1694338182989 0.5708816787630386 203
1694338183014 0.569590764214161 204
1694338183041 0.5683327482678024 205
1694338183067 0.5670853927455471 206
1694338183094 0.5658278588961491 207
1694338183155 0.5646133490119905 208
1694338183182 0.563422250972699 209
1694338183210 0.5622215221183329 210
1694338183240 0.5610075987742653 211
1694338183268 0.5597671785702393 212
1694338183297 0.5585498848892172 213
1694338183325 0.5573383441717115 214
1694338183364 0.5562081007982279 215
1694338183391 0.5550733175089628 216
1694338183416 0.5539433971030072 217
1694338183443 0.5528064115512289 218
1694338183469 0.551688863435946 219
1694338183496 0.5505689779865353 220
1694338183523 0.549477173677777 221
1694338183549 0.5483999061070401 222
1694338183576 0.5473004724150361 223
1694338183632 0.5462240595013844 224
1694338183659 0.5451183817701187 225
1694338183684 0.5440725408775338 226
1694338183715 0.5430215340791756 227
1694338183742 0.5419642759621406 228
1694338183768 0.5409484312133823 229
1694338183795 0.5399450810435587 230
1694338183824 0.5388978773925694 231
1694338183852 0.5378752214446199 232
1694338183883 0.5368464347582225 233
1694338183910 0.5358363774700027 234
1694338183962 0.5348310954543346 235
1694338183988 0.5338448050044058 236
1694338184013 0.5328749809546525 237
1694338184043 0.5318891411126723 238
1694338184069 0.5309158896188018 239
1694338184095 0.5299730416461185 240
1694338184122 0.5290154876707407 241
1694338184149 0.5280657052737405 242
1694338184176 0.5271242446292479 243
1694338184202 0.526209341467132 244
1694338184228 0.525291257906742 245
1694338184256 0.5243119335494876 246
1694338184284 0.5233659502654117 247
1694338184312 0.5224374347403693 248
1694338184341 0.5215346329558953 249
1694338184374 0.5206416913809974 250
1694338184401 0.5197268041508225 251
1694338184428 0.5188044655292542 252
1694338184455 0.5179566206913473 253
1694338184482 0.5170538925076427 254
1694338184513 0.516181551778969 255
1694338184540 0.5153065920033979 256
1694338184571 0.5144453667397744 257
1694338184599 0.5135962769276948 258
1694338184625 0.5127411584738499 259
1694338184650 0.5118920006737281 260
1694338184678 0.5110508109785202 261
1694338184704 0.510226242962677 262
1694338184730 0.5093776801999939 263
1694338184756 0.5085292929570523 264
1694338184781 0.5077442357264352 265
1694338184809 0.5069086527359533 266
1694338184836 0.5060968021303446 267
1694338184862 0.5052743776067317 268
1694338184894 0.5044966232340229 269
1694338184923 0.5036852139139384 270
1694338184949 0.5029056447811531 271
1694338184987 0.5021080634227718 272
1694338185045 0.5013149690266436 273
1694338185098 0.500535967829536 274
1694338185123 0.4997666613807164 275
1694338185187 0.4990162560282151 276
1694338185227 0.49825672760796225 277
1694338185262 0.49747395387807664 278
1694338185289 0.49672619423447817 279
1694338185329 0.49598421880440285 280
1694338185377 0.4952540230303445 281
1694338185416 0.4945053036135884 282
1694338185460 0.49379722430653145 283
1694338185498 0.4930320101972864 284
1694338185542 0.4923148804958261 285
1694338185578 0.4915735263569121 286
1694338185614 0.4908250087334063 287
1694338185641 0.4900876099327857 288
1694338185667 0.48935326852922373 289
1694338185693 0.4886675614268289 290
1694338185719 0.4879700548818664 291
1694338185746 0.48730069102717166 292
1694338185777 0.4866273015228869 293
1694338185805 0.485948771087884 294
1694338185833 0.48524564816498844 295
1694338185862 0.4845665390284573 296
1694338185895 0.48385710500564044 297
1694338185922 0.48320283809260334 298
1694338185951 0.48251069031410515 299
1694338186004 0.48181773860531146 300
1694338186028 0.4811459850197523 301
1694338186055 0.48049462528126125 302
1694338186091 0.4798088442872519 303
1694338186117 0.47913551475367355 304
1694338186143 0.4784723282612773 305
1694338186168 0.47779252524994065 306
1694338186193 0.4771369417141919 307
1694338186247 0.4764668687772827 308
1694338186284 0.47580938697566677 309
1694338186311 0.4751819339148119 310
1694338186342 0.4745442649532046 311
1694338186366 0.47389410737596593 312
1694338186397 0.4732400951997393 313
1694338186422 0.4726604502324013 314
1694338186447 0.4720448201082327 315
1694338186471 0.47142798152588955 316
1694338186497 0.4707946300455179 317
1694338186529 0.47020118400912636 318
1694338186554 0.46959494459059903 319
1694338186581 0.4689903399824297 320
1694338186605 0.46838287416898483 321
1694338186633 0.4677902247559511 322
1694338186658 0.4671889780820366 323
1694338186681 0.4665768756219327 324
1694338186789 0.46599060484379573 325
1694338187041 0.46541071193525074 326
1694338187065 0.46480084201947225 327
1694338187137 0.46420757049965805 328
1694338187187 0.4636151370348767 329
1694338187255 0.4630603637679374 330
1694338187280 0.46249947167700545 331
1694338187310 0.4619088280288172 332
1694338187338 0.46131558859946054 333
1694338187368 0.46072702714156016 334
1694338187392 0.46015741396372617 335
1694338187419 0.45956636043756954 336
1694338187443 0.4590191985212472 337
1694338187469 0.4584518402302624 338
1694338187494 0.4578690520653662 339
1694338187520 0.45730418389313054 340
1694338187545 0.4567205780754633 341
1694338187571 0.4561509402910315 342
1694338187596 0.45559097754706235 343
1694338187621 0.45502389128345644 344
1694338187647 0.4544919754230923 345
1694338187672 0.4539559751814916 346
1694338187697 0.4534268451248117 347
1694338187723 0.452841812612452 348
1694338187748 0.45234339114201544 349
1694338187772 0.4518205495907046 350
1694338187798 0.45130835649126355 351
1694338187823 0.45082464357612373 352
1694338187851 0.45028490688480644 353
1694338187882 0.4497740558264218 354
1694338187909 0.4492265494583624 355
1694338187935 0.4487018017941074 356
1694338187960 0.44820631762474256 357
1694338187986 0.4476966605931722 358
1694338188035 0.44721499941183623 359
1694338188059 0.446705954798056 360
1694338188083 0.4461863270358599 361
1694338188109 0.4456971708244972 362
1694338188135 0.44519280853076837 363
1694338188161 0.4446999296739525 364
1694338188187 0.4441968711945092 365
1694338188212 0.4437005349268973 366
1694338188239 0.4432043726261787 367
1694338188262 0.4426959279186834 368
1694338188300 0.4421775987657076 369
1694338188323 0.4416873786487798 370
1694338188351 0.44117652197302737 371
1694338188380 0.4406974267633393 372
1694338188405 0.4402188428544322 373
1694338188430 0.4396873655605617 374
1694338188455 0.439217894497015 375
1694338188481 0.4387190527585811 376
1694338188507 0.43825038700244384 377
1694338188534 0.4377837960747061 378
1694338188561 0.4373097943774034 379
1694338188589 0.4368052070132084 380
1694338188615 0.4363523051258694 381
1694338188648 0.4358759656672347 382
1694338188675 0.435385559400661 383
1694338188699 0.4349205665367149 384
1694338188724 0.43444869714688583 385
1694338188749 0.4339758431642881 386
1694338188776 0.43350936829210696 387
1694338188802 0.43303336152467414 388
1694338188826 0.4325653436787309 389
1694338188852 0.432112281719495 390
1694338188884 0.4316593300855764 391
1694338188910 0.43120608511980674 392
1694338188936 0.43074309426117197 393
1694338188960 0.4302705643093904 394
1694338188984 0.4298129760881199 395
1694338189010 0.4293570921025478 396
1694338189034 0.4289147713025535 397
1694338189059 0.4284361051205656 398
1694338189084 0.4279697069728142 399
1694338189109 0.4275250166211078 400
1694338189134 0.4271303301607684 401
1694338189159 0.4267077877877021 402
1694338189190 0.4262494746511488 403
1694338189219 0.42579466033478036 404
1694338189288 0.4253456338496401 405
1694338189333 0.42490953939812737 406
1694338189361 0.42448107584892786 407
1694338189392 0.4240321197150421 408
1694338189416 0.4235913208994852 409
1694338189441 0.4231543969039955 410
1694338189467 0.4227102141922917 411
1694338189491 0.4223008704888909 412
1694338189517 0.4218501528965273 413
1694338189542 0.4214366284552066 414
1694338189567 0.42101375800579144 415
1694338189593 0.4205830391672629 416
1694338189618 0.420143152439817 417
1694338189644 0.41970084454004153 418
1694338189671 0.4192691378582855 419
1694338189694 0.41886552542454925 420
1694338189718 0.41843816328492917 421
1694338189742 0.41803195057651454 422
1694338189766 0.4176119932350987 423
1694338189791 0.41721736247837155 424
1694338189816 0.41681222397132167 425
1694338189840 0.41641001949678214 426
1694338189873 0.4160147986141024 427
1694338189898 0.4156091813395385 428
1694338189922 0.4152191245884876 429
1694338189947 0.41482092604789095 430
1694338189971 0.41440089791978574 431
1694338189996 0.4140096578117471 432
1694338190020 0.413585678106851 433
1694338190070 0.4131961610053349 434
1694338190094 0.41279610241014436 435
1694338190118 0.4124117172424963 436
1694338190143 0.4120266648066129 437
1694338190169 0.41163911493777566 438
1694338190193 0.4112356057577572 439
1694338190218 0.41087411712221245 440
1694338190244 0.4104564655103345 441
1694338190269 0.4100722145795423 442
1694338190293 0.4096909655895976 443
1694338190319 0.4092858270959034 444
1694338190344 0.40889700158314396 445
1694338190370 0.40851594996415047 446
1694338190399 0.4080755105181108 447
1694338190424 0.4076693512354288 448
1694338190451 0.4072806933924751 449
1694338190478 0.40688609183890184 450
1694338190502 0.4065149204918022 451
1694338190536 0.4061174576301877 452
1694338190559 0.4057561673896615 453
1694338190583 0.4053605205597769 454
1694338190615 0.4049434902051334 455
1694338190642 0.4045491009513349 456
1694338190667 0.40418368224270484 457
1694338190695 0.4038299667900483 458
1694338190720 0.40344825105188226 459
1694338190744 0.4030746611334819 460
1694338190769 0.4027247684298418 461
1694338190794 0.4023822742979889 462
1694338190820 0.40199076144138585 463
1694338190846 0.4016131015088663 464
1694338190880 0.401256528707417 465
1694338190906 0.40088587815834903 466
1694338190932 0.4005161495629878 467
1694338190958 0.40014489147026894 468
1694338190984 0.3997691829213044 469
1694338191009 0.3994450077206174 470
1694338191034 0.3991077039993264 471
1694338191060 0.39875240889287705 472
1694338191086 0.39837807206548975 473
1694338191113 0.39801799340664007 474
1694338191139 0.397667085846517 475
1694338191165 0.39730944976045085 476
1694338191191 0.39697448743926883 477
1694338191217 0.3966040230518701 478
1694338191243 0.3962344156904259 479
1694338191306 0.3958867891011553 480
1694338191356 0.3955327894621819 481
1694338191407 0.39519362417950016 482
1694338191459 0.3948567461532134 483
1694338191482 0.39449670739288956 484
1694338191509 0.39412838612722045 485
1694338191532 0.3938050507375172 486
1694338191557 0.3934623702238966 487
1694338191582 0.3931058281702464 488
1694338191607 0.39276816810927734 489
1694338191633 0.3924146008647109 490
1694338191657 0.3920452003459239 491
1694338191684 0.3917277677412158 492
1694338191707 0.39137689080454047 493
1694338191732 0.39101254294577786 494
1694338191757 0.3906692427276579 495
1694338191781 0.3903063771267721 496
1694338191806 0.390022771157746 497
1694338191831 0.38966071355825865 498
1694338191854 0.3893150595775681 499
1694338191882 0.3889621877413413 500
1694338191907 0.3885813540362582 501
1694338191931 0.3882458459252991 502
1694338191956 0.38790192915992894 503
1694338191982 0.3875743145235445 504
1694338192005 0.3872644363269095 505
1694338192029 0.3869219968523164 506
1694338192054 0.3865597792814469 507
1694338192107 0.3862100910373875 508
1694338192133 0.3858408299743933 509
1694338192160 0.38549944557010934 510
1694338192188 0.38515068497900895 511
1694338192210 0.3848424224375188 512
1694338192236 0.38452491973509056 513
1694338192259 0.3841912934413082 514
1694338192283 0.3838472783715734 515
1694338192308 0.38353262880983513 516
1694338192332 0.38319677527684576 517
1694338192357 0.38286619116044374 518
1694338192388 0.3824781995177713 519
1694338192413 0.38214102365128777 520
1694338192438 0.38180588052732856 521
1694338192463 0.38146632567921174 522
1694338192488 0.38112562735273264 523
1694338192514 0.3808094363521754 524
1694338192540 0.38049547725234173 525
1694338192564 0.3801918015616568 526
1694338192588 0.37987532894923914 527
1694338192612 0.37956639652032725 528
1694338192638 0.3792538913393912 529
1694338192663 0.3789470148836374 530
1694338192690 0.37862148514820143 531
1694338192717 0.3783015973327525 532
1694338192742 0.3780125301774313 533
1694338192765 0.3776915303412157 534
1694338192789 0.3773406897094332 535
1694338192813 0.3770359229204304 536
1694338192840 0.37672972622279993 537
1694338192864 0.37644002201524723 538
1694338192893 0.376133063929968 539
1694338192919 0.3758246453251797 540
1694338192945 0.3754927543916864 541
1694338192972 0.37516747403503026 542
1694338192997 0.3748363123253761 543
1694338193021 0.3745367029058828 544
1694338193046 0.37421033316744834 545
1694338193070 0.37391532514011233 546
1694338193094 0.37362317874960876 547
1694338193117 0.3733279481659813 548
1694338193143 0.3730150432726853 549
1694338193167 0.3727134076465579 550
1694338193192 0.3724216805404621 551
1694338193221 0.37212986228740674 552
1694338193245 0.3718325722836927 553
1694338193270 0.37155040331541533 554
1694338193295 0.3712816390310228 555
1694338193356 0.3709840423660226 556
1694338193384 0.37070654216935317 557
1694338193409 0.3704211728710989 558
1694338193443 0.370099379016108 559
1694338193472 0.36978059693380433 560
1694338193533 0.3694721647127278 561
1694338193578 0.36918891886293626 562
1694338193603 0.3689174733764938 563
1694338193627 0.3686360787984996 564
1694338193652 0.36836797529365684 565
1694338193677 0.3680662019645111 566
1694338193702 0.36776179461283587 567
1694338193727 0.3674811720374064 568
1694338193751 0.36718582421941537 569
1694338193776 0.366868927339204 570
1694338193802 0.3665972422177837 571
1694338193826 0.3663184776158062 572
1694338193851 0.3660012002874537 573
1694338193879 0.36568257124831477 574
1694338193909 0.36539277878984566 575
1694338193936 0.3650988667168039 576
1694338193960 0.3648289598618569 577
1694338193987 0.3645189253351035 578
1694338194011 0.36423908630479723 579
1694338194035 0.3639267462158407 580
1694338194060 0.36363243629316677 581
1694338194089 0.36334368322650906 582
1694338194117 0.3630671130379167 583
1694338194167 0.3627861408205 584
1694338194191 0.3624974237704265 585
1694338194215 0.36221404660236717 586
1694338194238 0.361959255091393 587
1694338194262 0.36164765525342696 588
1694338194285 0.36136218005068704 589
1694338194308 0.3610822079479422 590
1694338194332 0.3607835233793381 591
1694338194358 0.3605063122590491 592
1694338194386 0.3602377993990972 593
1694338194411 0.3599552103202123 594
1694338194435 0.35966973355286574 595
1694338194460 0.3594103700238307 596
1694338194485 0.35911529822905747 597
1694338194509 0.35882851704774166 598
1694338194535 0.3585605793738113 599
1694338194567 0.35828462289023505 600
1694338194591 0.35803404403449607 601
1694338194620 0.35772780616209415 602
1694338194645 0.3574468366101214 603
1694338194670 0.3571713623981733 604
1694338194697 0.3569025287921937 605
1694338194722 0.35661327800172404 606
1694338194748 0.3563302678407594 607
1694338194773 0.3560720217431664 608
1694338194798 0.3557818688483087 609
1694338194824 0.3554874138720426 610
1694338194848 0.3551933071417513 611
1694338194878 0.35491086645468645 612
1694338194904 0.3546155323161617 613
1694338194930 0.35432696010639914 614
1694338194956 0.3540824584428112 615
1694338194982 0.3537826593827649 616
1694338195008 0.353514658452977 617
1694338195032 0.35325276172523024 618
1694338195056 0.3529761691766835 619
1694338195081 0.35269031099345644 620
1694338195106 0.3523962021579628 621
1694338195131 0.3521191361655197 622
1694338195159 0.3518241594738758 623
1694338195184 0.3515548084892916 624
1694338195208 0.3513024642128947 625
1694338195231 0.35106707798254005 626
1694338195257 0.35078316814107685 627
1694338195281 0.35050830752146533 628
1694338195305 0.3502545901638765 629
1694338195333 0.34998494530826674 630
1694338195394 0.34971464949056147 631
1694338195417 0.34948810362332483 632
1694338195441 0.34917935184251275 633
1694338195470 0.3489211292122139 634
1694338195494 0.34864623372114056 635
1694338195517 0.34841816542167037 636
1694338195541 0.3481779973622153 637
1694338195566 0.3478907159674762 638
1694338195597 0.3476362548632411 639
1694338195626 0.3473742731889516 640
1694338195701 0.34709636591470355 641
1694338195750 0.34684131556170034 642
1694338195778 0.3465568708380218 643
1694338195804 0.34629387203155054 644
1694338195828 0.3460331899933408 645
1694338195852 0.34578467028289117 646
1694338195882 0.34552890495506855 647
1694338195908 0.345262907385694 648
1694338195933 0.34500353692424135 649
1694338195958 0.34473973140723874 650
1694338195985 0.3444724318908679 651
1694338196010 0.3442307207891543 652
1694338196036 0.34397864400579997 653
1694338196061 0.34372176260692944 654
1694338196248 0.3434814295828512 655
1694338196273 0.34322976342356304 656
1694338196299 0.34297279012925236 657
1694338196324 0.3427085066084252 658
1694338196348 0.3424543557622064 659
1694338196379 0.3422127573832353 660
1694338196404 0.341967762364911 661
1694338196428 0.3417185243555743 662
1694338196452 0.3414570522780844 663
1694338196478 0.34120736304275445 664
1694338196502 0.3409367299935838 665
1694338196528 0.34068077350860726 666
1694338196553 0.34044217595994397 667
1694338196578 0.3401875631675979 668
1694338196603 0.3399244190288333 669
1694338196627 0.3396990042735356 670
1694338196652 0.3394252421515995 671
1694338196679 0.3391920348575073 672
1694338196710 0.33893144952152165 673
1694338196737 0.33867708255322876 674
1694338196763 0.33846347865932314 675
1694338196786 0.33819952753390425 676
1694338196812 0.3379501272273464 677
1694338196837 0.33769654393139376 678
1694338196862 0.3374422275656915 679
1694338196890 0.3371767524600588 680
1694338196916 0.3369266812485831 681
1694338196941 0.33666044157275626 682
1694338196966 0.3364108320581349 683
1694338196992 0.3361521311052502 684
1694338197017 0.335895287726783 685
1694338197042 0.3356426377500748 686
1694338197071 0.33538495870581086 687
1694338197095 0.3351273252674464 688
1694338197121 0.33485873550216005 689
1694338197146 0.33460953162843055 690
1694338197171 0.33436375825811854 691
1694338197195 0.3341355838400825 692
1694338197220 0.33389021787101236 693
1694338197247 0.33369113062899713 694
1694338197273 0.3334158080258528 695
1694338197298 0.33317735335352827 696
1694338197323 0.3329505145099059 697
1694338197348 0.3326977466553032 698
1694338197378 0.33245337872619185 699
1694338197405 0.33222195948580363 700
1694338197458 0.331966590980727 701
1694338197490 0.3317211530718135 702
1694338197515 0.3314922894284441 703
1694338197542 0.33125864019834267 704
1694338197566 0.3310262041128381 705
1694338197590 0.33078461720194463 706
1694338197614 0.3305674746289461 707
1694338197638 0.330343954274272 708
1694338197663 0.33009781491622037 709
1694338197687 0.3298748643333037 710
1694338197710 0.32965815478671734 711
1694338197781 0.3294505021421058 712
1694338197846 0.3292304519105176 713
1694338197875 0.3290126630540696 714
1694338197899 0.3288007919288401 715
1694338197924 0.32856122036874025 716
1694338197949 0.3283445960284063 717
1694338197973 0.32811769257210455 718
1694338197999 0.32788224260326415 719
1694338198023 0.3276499097901853 720
1694338198048 0.3274273011703445 721
1694338198072 0.32717558313238915 722
1694338198099 0.32694646367648533 723
1694338198123 0.3267242494963395 724
1694338198148 0.3265107884586649 725
1694338198172 0.3262972047099018 726
1694338198220 0.32608828456533023 727
1694338198244 0.3258563803753962 728
1694338198268 0.325623895068714 729
1694338198307 0.32537608790092826 730
1694338198328 0.3251388313366842 731
1694338198355 0.3249023799509675 732
1694338198385 0.32467016526053666 733
1694338198409 0.3244340885230543 734
1694338198435 0.3242077272365832 735
1694338198459 0.32395958873321584 736
1694338198483 0.32374422619786997 737
1694338198507 0.3235181798378648 738
1694338198530 0.32331879403698943 739
1694338198553 0.3230932251203955 740
1694338198587 0.3228422669929666 741
1694338198612 0.32263761409072605 742
1694338198638 0.3223628972083287 743
1694338198663 0.3221483526669736 744
1694338198687 0.3219488701795385 745
1694338198710 0.32174354687428713 746
1694338198736 0.3215145085775224 747
1694338198761 0.32128874883425235 748
1694338198786 0.3210868333164977 749
1694338198811 0.3208394550414348 750
1694338198834 0.3206179420653331 751
1694338198863 0.32038424244832536 752
1694338198887 0.32013709026078074 753
1694338198911 0.3199183542212092 754
1694338198934 0.31970258827293424 755
1694338198966 0.3194776584710834 756
1694338198990 0.3192665039176848 757
1694338199015 0.31904959955354467 758
1694338199040 0.31882475608871835 759
1694338199064 0.31861263426292663 760
1694338199088 0.3183927759912194 761
1694338199115 0.31815781816391714 762
1694338199138 0.31796907687102444 763
1694338199166 0.3177369447543503 764
1694338199190 0.31750465430460234 765
1694338199217 0.3172719296422525 766
1694338199240 0.3170658258338009 767
1694338199266 0.31683178645785914 768
1694338199290 0.3166263305268426 769
1694338199316 0.3164017317980982 770
1694338199341 0.31619721457472044 771
1694338199375 0.3159884048934696 772
1694338199400 0.3157777664968445 773
1694338199426 0.31552500370181163 774
1694338199487 0.3153004378612201 775
1694338199510 0.31510859811554137 776
1694338199534 0.31489650603280867 777
1694338199562 0.3146600833815683 778
1694338199585 0.314475272204949 779
1694338199609 0.3142537854843625 780
1694338199635 0.31405262316619653 781
1694338199660 0.3138441097070353 782
1694338199684 0.31364781198559094 783
1694338199709 0.3134466759120154 784
1694338199732 0.31323588573586203 785
1694338199756 0.313036831975611 786
1694338199781 0.3128174152810087 787
1694338199807 0.3126084491949625 788
1694338199843 0.31238201640359897 789
1694338199900 0.31218259214333166 790
1694338199944 0.31196321571245283 791
1694338199968 0.3117528000075039 792
1694338199997 0.31153998286141477 793
1694338200159 0.31132434968110373 794
1694338200218 0.3111040083057798 795
1694338200280 0.31089179685588175 796
1694338200317 0.31069620169753004 797
1694338200369 0.31048837070254615 798
1694338200396 0.3103033078893763 799
1694338200430 0.31009755410514617 800
1694338200466 0.30984813177022946 801
1694338200501 0.3096421471842731 802
1694338200534 0.3094279130997656 803
1694338200568 0.3092269974038506 804
1694338200602 0.3090211309051517 805
1694338200633 0.3087952395354181 806
1694338200667 0.30857921367443814 807
1694338200702 0.30839952671156057 808
1694338200736 0.3081933059076359 809
1694338200777 0.30798085431894207 810
1694338200814 0.30776175361349584 811
1694338200847 0.3075570851218242 812
1694338200883 0.30735936555982807 813
1694338200918 0.3071454628089816 814
1694338200956 0.30692530625675374 815
1694338200994 0.3066928237165182 816
1694338201029 0.306511139751573 817
1694338201062 0.30632339312415996 818
1694338201096 0.30611824594151343 819
1694338201150 0.30593046102185795 820
1694338201176 0.30570696768891853 821
1694338201201 0.30548066457780765 822
1694338201230 0.30527175754158475 823
1694338201256 0.30506332692511795 824
1694338201280 0.30485934162228223 825
1694338201306 0.3046524473951482 826
1694338201329 0.30446463127842316 827
1694338201355 0.30425697637543814 828
1694338201383 0.30407009586526157 829
1694338201407 0.30388010777913593 830
1694338201430 0.3036746242176532 831
1694338201455 0.3035058288707405 832
1694338201528 0.3032864844327654 833
1694338201550 0.3031080964572597 834
1694338201575 0.30288816248088946 835
1694338201601 0.30269657722767723 836
1694338201624 0.3025286804754647 837
1694338201647 0.3023514404052104 838
1694338201672 0.3021669585519693 839
1694338201697 0.30196288735147175 840
1694338201723 0.3017869965109257 841
1694338201747 0.30157129737083693 842
1694338201772 0.3013615472622995 843
1694338201797 0.3011534787942224 844
1694338201824 0.3009379791438553 845
1694338201849 0.3007301666765897 846
1694338201878 0.3005348403738453 847
1694338201905 0.3003317780845556 848
1694338201929 0.3001260951347962 849
1694338201963 0.2999459392245712 850
1694338201989 0.2997576173027708 851
1694338202084 0.2995626535424984 852
1694338202108 0.29933176740133405 853
1694338202138 0.299140564633799 854
1694338202162 0.29893300250074517 855
1694338202186 0.2987313022269742 856
1694338202212 0.29852895598683804 857
1694338202238 0.29834591003425415 858
1694338202288 0.29816673416878753 859
1694338202311 0.2979699460396422 860
1694338202335 0.29780346912207784 861
1694338202365 0.29761383086490495 862
1694338202391 0.29741798389325846 863
1694338202415 0.2972334070889148 864
1694338202439 0.29705723143558627 865
1694338202463 0.29687578142949245 866
1694338202486 0.29667711977136235 867
1694338202511 0.2964780444519307 868
1694338202538 0.29627220962422196 869
1694338202562 0.2960966218311049 870
1694338202596 0.29588489601393125 871
1694338202623 0.29568554347837095 872
1694338202647 0.2954798700119425 873
1694338202675 0.2952809424515972 874
1694338202696 0.29508365298974565 875
1694338202719 0.29486882080364674 876
1694338202744 0.2946616014297473 877
1694338202771 0.29447362123482146 878
1694338202795 0.29428902054217015 879
1694338202822 0.2940889302029868 880
1694338202845 0.2938968674734629 881
1694338202879 0.2937170346101019 882
1694338202903 0.2935085551775069 883
1694338202929 0.2933355456154585 884
1694338202974 0.2931448147472312 885
1694338202999 0.29297397943423076 886
1694338203023 0.2927895490630211 887
1694338203047 0.29259794683373097 888
1694338203071 0.2924347774022763 889
1694338203096 0.29226623472911273 890
1694338203120 0.29209024426947466 891
1694338203146 0.2919302933799647 892
1694338203170 0.29176348103710775 893
1694338203194 0.29157971844309566 894
1694338203220 0.29138845269736113 895
1694338203243 0.2912108495683027 896
1694338203267 0.2910215055679049 897
1694338203293 0.29084932117995305 898
1694338203318 0.2906710431894632 899
1694338203342 0.2904855812184693 900
1694338203376 0.2903041969897536 901
1694338203405 0.2901220231436904 902
1694338203431 0.2899286256249401 903
1694338203455 0.2897472472884126 904
1694338203481 0.28954926472058384 905
1694338203507 0.28934629486267455 906
1694338203533 0.2891499059614387 907
1694338203596 0.2889660967951917 908
1694338203682 0.28878548025481876 909
1694338203705 0.28859612057374395 910
1694338203731 0.28839861708110975 911
1694338203756 0.2881882392474301 912
1694338203782 0.28801329548083726 913
1694338203806 0.28784098744093944 914
1694338203832 0.287657805093477 915
1694338203855 0.2874601934073954 916
1694338203883 0.2872676515128599 917
1694338203908 0.287089547904443 918
1694338203932 0.286905898404672 919
1694338203960 0.2867083489024251 920
1694338203986 0.2865331545015027 921
1694338204011 0.2863569666544953 922
1694338204038 0.2861513087255788 923
1694338204065 0.2859615880769397 924
1694338204187 0.2857669058126996 925
1694338204213 0.28559929404347206 926
1694338204238 0.28542388205899677 927
1694338204262 0.2852276611663593 928
1694338204287 0.28504196064193427 929
1694338204338 0.2848420737762313 930
1694338204361 0.2846344042284175 931
1694338204388 0.2844560268166192 932
1694338204413 0.2842628623775824 933
1694338204442 0.2840993263063724 934
1694338204467 0.28392274035620013 935
1694338204490 0.283739318378703 936
1694338204513 0.2835653123324527 937
1694338204537 0.2833817204607654 938
1694338204562 0.28318959726443743 939
1694338204586 0.28300238689077334 940
1694338204609 0.2828127733170553 941
1694338204635 0.2826120094060839 942
1694338204658 0.282419018894979 943
1694338204685 0.28224980255358667 944
1694338204711 0.28205857367555315 945
1694338204735 0.2819077661967774 946
1694338204760 0.28171819423736144 947
1694338204785 0.2815460522231468 948
1694338204807 0.2813929805531506 949
1694338204830 0.2812111972728884 950
1694338204855 0.28103234135955807 951
1694338204883 0.2808381643293013 952
1694338204913 0.28067055221644893 953
1694338204941 0.28048262578962735 954
1694338204965 0.28028816797386635 955
1694338204990 0.2801119640660779 956
1694338205014 0.27996229008933887 957
1694338205039 0.2797830859719701 958
1694338205064 0.2795983873576009 959
1694338205088 0.27942942617529276 960
1694338205116 0.27926064184781413 961
1694338205140 0.2790733742343073 962
1694338205165 0.27888928333497215 963
1694338205192 0.2787352417739606 964
1694338205219 0.27854156666854457 965
1694338205246 0.2783396017202926 966
1694338205268 0.2781785515616056 967
1694338205292 0.2780067802634859 968
1694338205316 0.2778191291838668 969
1694338205342 0.27765216321537806 970
1694338205370 0.27749912629853923 971
1694338205394 0.27734255251912476 972
1694338205418 0.27721246516728315 973
1694338205443 0.2770400350696985 974
1694338205471 0.2768721816536111 975
1694338205495 0.2766849953150857 976
1694338205519 0.27652107643841095 977
1694338205543 0.27634382733290064 978
1694338205568 0.2761793218654656 979
1694338205626 0.2760341464702994 980
1694338205649 0.27588575998133036 981
1694338205676 0.2757175255805738 982
1694338205702 0.2755359477110418 983
1694338205726 0.27538708598004075 984
1694338205749 0.2752001599832397 985
1694338205775 0.2750342295345484 986
1694338205800 0.27485433012119265 987
1694338205824 0.27468056193354085 988
1694338205849 0.2745225337247191 989
1694338205879 0.27435270851542065 990
1694338205903 0.2741821434367397 991
1694338205928 0.27400472693775285 992
1694338205953 0.27382248826614636 993
1694338205978 0.27363484309769454 994
1694338206003 0.2734857670689802 995
1694338206027 0.2733178241237553 996
1694338206049 0.2731555030556498 997
1694338206075 0.27300512291372486 998
1694338206099 0.27282396895889 999
1694338206125 0.27265411512924936 1000
1694338206150 0.2724962795469086 1001
1694338206179 0.2723182796842112 1002
1694338206208 0.2721539389478582 1003
1694338206233 0.2719885725961918 1004
1694338206264 0.2718046908586683 1005
1694338206385 0.2716264529152529 1006
1694338206411 0.27144313894849503 1007
1694338206435 0.27127314580690515 1008
1694338206460 0.27112167208383087 1009
1694338206488 0.2709514123385483 1010
1694338206512 0.2708045301843928 1011
1694338206536 0.2706658198778818 1012
1694338206563 0.27050053850367534 1013
1694338206590 0.2703379452896144 1014
1694338206624 0.27018204668712054 1015
1694338206651 0.27001142735757155 1016
1694338206679 0.26982034174590624 1017
1694338206704 0.26964808063389895 1018
1694338206729 0.2694766685976053 1019
1694338206755 0.26930446514868545 1020
1694338206780 0.2691207297068313 1021
1694338206807 0.2689558630503545 1022
1694338206833 0.26877537713135424 1023
1694338206858 0.2685970729491803 1024
1694338206890 0.2684303205492902 1025
1694338206920 0.2682703631890904 1026
1694338206947 0.26808547388202775 1027
1694338206972 0.26791775787438765 1028
1694338206998 0.2677458627503363 1029
1694338207024 0.2675758035296895 1030
1694338207050 0.2674298754667378 1031
1694338207076 0.2672732644388859 1032
1694338207102 0.2671038927434532 1033
1694338207126 0.2669508518546205 1034
1694338207151 0.2667873630650596 1035
1694338207176 0.2666124557362185 1036
1694338207199 0.26646250641998015 1037
1694338207225 0.2662930351311821 1038
1694338207250 0.26612183630465674 1039
1694338207281 0.26598154623551645 1040
1694338207306 0.26581444691193573 1041
1694338207329 0.265656190672968 1042
1694338207352 0.2655102166748428 1043
1694338207383 0.26534168443166634 1044
1694338207406 0.265172068024264 1045
1694338207432 0.2650137900326896 1046
1694338207456 0.2648573702998296 1047
1694338207482 0.26469056415155723 1048
1694338207505 0.26454061367027937 1049
1694338207528 0.2643794074235601 1050
1694338207551 0.26422125087719817 1051
1694338207577 0.2640516136144328 1052
1694338207603 0.26389288930743704 1053
1694338207626 0.26374724227326257 1054
1694338207685 0.2635808439333166 1055
1694338207708 0.2634496490796689 1056
1694338207733 0.2632785978049347 1057
1694338207759 0.2631133074041313 1058
1694338207784 0.26296271393630605 1059
1694338207807 0.26280150775234057 1060
1694338207832 0.26264273043924047 1061
1694338207862 0.26246625851244965 1062
1694338207888 0.26231933849441463 1063
1694338207913 0.26217005530818593 1064
1694338207937 0.26203836490607607 1065
1694338207961 0.261893800657544 1066
1694338207985 0.26175106522428737 1067
1694338208010 0.26158909127749697 1068
1694338208035 0.26143530177479474 1069
1694338208058 0.26128044467683315 1070
1694338208083 0.2611281724980755 1071
1694338208108 0.26098787579140553 1072
1694338208141 0.26082637011436194 1073
1694338208163 0.260676689960115 1074
1694338208189 0.26053582929890595 1075
1694338208213 0.26036758492447765 1076
1694338208237 0.2602182613477867 1077
1694338208261 0.26007056860413985 1078
1694338208294 0.2599125079323302 1079
1694338208403 0.25975644255711733 1080
1694338208448 0.2596042260833095 1081
1694338208473 0.2594469285625711 1082
1694338208498 0.2592837533572317 1083
1694338208523 0.2591214953351697 1084
1694338208547 0.2589583722562798 1085
1694338208572 0.25879678994041866 1086
1694338208596 0.25863578031737183 1087
1694338208620 0.2584918648279622 1088
1694338208644 0.2583473073346587 1089
1694338208668 0.25819844003080183 1090
1694338208691 0.25803563658463147 1091
1694338208714 0.257894789300107 1092
1694338208740 0.2577456674785975 1093
1694338208763 0.25759095184699604 1094
1694338208787 0.25742307804680586 1095
1694338208812 0.25726139353678773 1096
1694338208838 0.2571156131441386 1097
1694338208861 0.2569697517297691 1098
1694338208893 0.2568402055150613 1099
1694338208917 0.25669865781295087 1100
1694338208945 0.25655340695673684 1101
1694338208971 0.25638778970047643 1102
1694338208997 0.2562278414203268 1103
1694338209021 0.2560675175164536 1104
1694338209046 0.25591883331461435 1105
1694338209072 0.2557586038787552 1106
1694338209096 0.25561100976954443 1107
1694338209122 0.2554554635612103 1108
1694338209145 0.25528891592138114 1109
1694338209171 0.2551490355153605 1110
1694338209194 0.2550086313052903 1111
1694338209225 0.2548684247110811 1112
1694338209249 0.25471497585242975 1113
1694338209273 0.2545560861726187 1114
1694338209297 0.2544206947273986 1115
1694338209320 0.254273341932044 1116
1694338209344 0.25413241312017076 1117
1694338209368 0.25400229750283687 1118
1694338209410 0.2538519692408313 1119
1694338209434 0.25369875469021713 1120
1694338209461 0.25354148258150055 1121
1694338209484 0.253375798867773 1122
1694338209507 0.2532353629716209 1123
1694338209531 0.25307805957238244 1124
1694338209567 0.2529511385658823 1125
1694338209594 0.2528213495074439 1126
1694338209618 0.25267129702747637 1127
1694338209642 0.25250833720145077 1128
1694338209667 0.25236900173937954 1129
1694338209727 0.2522190710211868 1130
1694338209748 0.25207991542947905 1131
1694338209772 0.25193374363086646 1132
1694338209799 0.2517833075996092 1133
1694338209822 0.2516528550149927 1134
1694338209844 0.2514774857380752 1135
1694338209875 0.2513420851695179 1136
1694338209900 0.25118487360949115 1137
1694338209926 0.25103790577256085 1138
1694338209951 0.2508816027121053 1139
1694338209975 0.2507606465444597 1140
1694338210002 0.2506078588034697 1141
1694338210027 0.2504523229045126 1142
1694338210054 0.2503186259971918 1143
1694338210079 0.2501650914402334 1144
1694338210110 0.2500152081136406 1145
1694338210134 0.2498654788568535 1146
1694338210158 0.2497157934192456 1147
1694338210182 0.24955002617105174 1148
1694338210207 0.24940875993412184 1149
1694338210230 0.249260869461482 1150
1694338210255 0.24914020127999276 1151
1694338210279 0.24899403139962947 1152
1694338210303 0.2488387206459534 1153
1694338210331 0.24869214782877147 1154
1694338210362 0.24854794859142432 1155
1694338210385 0.2484145550961404 1156
1694338210408 0.24827439631119186 1157
1694338210462 0.2481195810390314 1158
1694338210493 0.24795103810280464 1159
1694338210555 0.2477923269005686 1160
1694338210610 0.24764787074841443 1161
1694338210645 0.2475034797428745 1162
1694338210669 0.24736796525170496 1163
1694338210694 0.2472130105108013 1164
1694338210716 0.24706483230728202 1165
1694338210740 0.24692546464754653 1166
1694338210764 0.24676097924412155 1167
1694338210788 0.24660087018042107 1168
1694338210813 0.24645282697089477 1169
1694338210838 0.246314824909417 1170
1694338210864 0.2461609465161732 1171
1694338210895 0.24602307513004287 1172
1694338210921 0.24587579333576265 1173
1694338210944 0.24573776773410763 1174
1694338210968 0.24558736666494574 1175
1694338210991 0.2454419391478523 1176
1694338211015 0.2453096836061202 1177
1694338211040 0.24517091633318205 1178
1694338211065 0.24503977046395223 1179
1694338211089 0.24487980232655124 1180
1694338211112 0.24474216533806964 1181
1694338211138 0.2445792741199843 1182
1694338211161 0.2444378647408256 1183
1694338211530 0.24429515044554118 1184
1694338211553 0.24415157640068874 1185
1694338211577 0.2439992429680894 1186
1694338211600 0.2438623994721024 1187
1694338211624 0.24371335141022057 1188
1694338211650 0.24355112692620798 1189
1694338211674 0.2434089046621393 1190
1694338211697 0.24328427047576107 1191
1694338211736 0.24315287044187547 1192
1694338211780 0.24302038420403022 1193
1694338211805 0.24287325727963627 1194
1694338211834 0.24273910584644448 1195
1694338211858 0.242598625176875 1196
1694338211888 0.24246242727002887 1197
1694338211915 0.24233980745638334 1198
1694338211938 0.24220151807622187 1199
1694338211964 0.242050954851476 1200
1694338212107 0.24191159568873571 1201
1694338212129 0.24176635046815376 1202
1694338212154 0.24163290916563868 1203
1694338212180 0.24147814032228376 1204
1694338212204 0.2413510612449484 1205
1694338212228 0.24120237726509725 1206
1694338212252 0.24106460123756698 1207
1694338212276 0.24092830291408077 1208
1694338212312 0.2408021162160849 1209
1694338212341 0.2406664265028059 1210
1694338212365 0.24051486329831753 1211
1694338212396 0.24038561360734453 1212
1694338212421 0.24026493808591973 1213
1694338212444 0.2401207300217707 1214
1694338212491 0.2399689501078949 1215
1694338212514 0.23983802822682238 1216
1694338212538 0.23970969588250823 1217
1694338212562 0.23956649530818033 1218
1694338212608 0.2394332553649296 1219
1694338212633 0.23930172002593433 1220
1694338212685 0.23916885853788894 1221
1694338212730 0.23902473910766311 1222
1694338212816 0.23887038138049396 1223
1694338212922 0.2387372522722019 1224
1694338212948 0.23861383759979246 1225
1694338212973 0.23848020881756685 1226
1694338212997 0.23832430230618543 1227
1694338213020 0.238179385044907 1228
1694338213044 0.23802340022786958 1229
1694338213146 0.23787502365095356 1230
1694338213174 0.2377262302969175 1231
1694338213199 0.23759599165115655 1232
1694338213224 0.23746498351929382 1233
1694338213246 0.2373257304145234 1234
1694338213272 0.2371916696140856 1235
1694338213295 0.23705308562978394 1236
1694338213317 0.23691842735591662 1237
1694338213341 0.23678215277050035 1238
1694338213363 0.23664826531318153 1239
1694338213392 0.2364969293004376 1240
1694338213418 0.23636466725590205 1241
1694338213443 0.2362161299167462 1242
1694338213466 0.23605914173824288 1243
1694338213492 0.23591159861095493 1244
1694338213516 0.2357564876273139 1245
1694338213541 0.23561492506762022 1246
1694338213564 0.2354799761728911 1247
1694338213589 0.23535634677791412 1248
1694338213613 0.23522883004598294 1249
1694338213637 0.2351007333930786 1250
1694338213661 0.2349614340280978 1251
1694338213686 0.234833518973427 1252
1694338213714 0.23469776762685246 1253
1694338213737 0.23456298196848163 1254
1694338213782 0.2344265993674097 1255
1694338213817 0.23431028830518133 1256
1694338213842 0.23418427690906268 1257
1694338213871 0.23403985564723362 1258
1694338213896 0.23389854285648354 1259
1694338213920 0.2337440488546819 1260
1694338213946 0.23361541964473106 1261
1694338213972 0.23347841849869605 1262
1694338213998 0.23335311756070512 1263
1694338214022 0.2332203279510599 1264
1694338214045 0.23309478687497479 1265
1694338214070 0.23295944507921199 1266
1694338214094 0.23284300027568663 1267
1694338214120 0.23269779181303366 1268
1694338214145 0.2325645964728927 1269
1694338214172 0.23242771817386726 1270
1694338214195 0.23229146138872858 1271
1694338214223 0.2321553152263701 1272
1694338214245 0.23203658864662036 1273
1694338214269 0.23190686820743694 1274
1694338214292 0.23178627812317296 1275
1694338214315 0.23166263404519438 1276
1694338214339 0.23152919894027021 1277
1694338214363 0.2314028796259109 1278
1694338214392 0.23127543919363477 1279
1694338214415 0.23113747810698332 1280
1694338214439 0.23101030834969832 1281
1694338214464 0.2308913075942709 1282
1694338214513 0.23074850530492938 1283
1694338214541 0.23060787051446582 1284
1694338214567 0.23047861976971987 1285
1694338214592 0.23033924303488057 1286
1694338214617 0.2302055489671786 1287
1694338214653 0.23007180302319094 1288
1694338214678 0.2299537045496861 1289
1694338214702 0.2298150099526641 1290
1694338214735 0.22967433230600556 1291
1694338214764 0.22952512658651678 1292
1694338214821 0.22938781915292886 1293
1694338214897 0.22924610200187617 1294
1694338214921 0.2291076981445004 1295
1694338214943 0.22898099664596888 1296
1694338214971 0.22884571815522795 1297
1694338214993 0.22873129519886085 1298
1694338215018 0.22860432334534106 1299
1694338215040 0.2284719749261822 1300
1694338215065 0.2283602481742177 1301
1694338215090 0.22823476641415955 1302
1694338215113 0.2281086984059095 1303
1694338215138 0.22797087536481228 1304
1694338215164 0.22785316609342107 1305
1694338215189 0.22773195266544383 1306
1694338215213 0.22761095115158891 1307
1694338215238 0.22747906176837016 1308
1694338215262 0.22734934927325337 1309
1694338215288 0.22720956782134294 1310
1694338215313 0.22710087836344317 1311
1694338215337 0.22697011962240446 1312
1694338215365 0.22684449710629076 1313
1694338215388 0.22671978126889042 1314
1694338215414 0.22659368672729116 1315
1694338215439 0.22645259650712274 1316
1694338215463 0.22630968627579418 1317
1694338215491 0.2262003227441964 1318
1694338215514 0.22608783716113218 1319
1694338215540 0.2259572608406343 1320
1694338215566 0.22583257642314314 1321
1694338215593 0.22571772700519335 1322
1694338215623 0.2255908455763578 1323
1694338215650 0.225459608984201 1324
1694338215674 0.22534869939483404 1325
1694338215702 0.22522143286177937 1326
1694338215728 0.22508898902877172 1327
1694338215752 0.22496794285225286 1328
1694338215777 0.2248426310269889 1329
1694338215802 0.2247096103518458 1330
1694338215860 0.22459035945648737 1331
1694338215889 0.22447542786383573 1332
1694338215912 0.2243543656945072 1333
1694338215938 0.22423441924556162 1334
1694338215962 0.22410893348059255 1335
1694338215988 0.22396627863442836 1336
1694338216011 0.22385516024568985 1337
1694338216033 0.22372252203160706 1338
1694338216057 0.22358481071390515 1339
1694338216083 0.22345878492296328 1340
1694338216106 0.22333096279103806 1341
1694338216130 0.22321029966224054 1342
1694338216153 0.22308314958306263 1343
1694338216176 0.22296469506080652 1344
1694338216199 0.22284511343944247 1345
1694338216237 0.22272010383616145 1346
1694338216260 0.22260616639638275 1347
1694338216286 0.2224818862685598 1348
1694338216310 0.22236157717482521 1349
1694338216334 0.22224646905773976 1350
1694338216363 0.22212469849059333 1351
1694338216387 0.22200112728051333 1352
1694338216409 0.22187494825670476 1353
1694338216433 0.22175945719029438 1354
1694338216460 0.22163372032825132 1355
1694338216483 0.22151652165233252 1356
1694338216507 0.22138526292366323 1357
1694338216558 0.22126467374274172 1358
1694338216581 0.2211448304548911 1359
1694338216604 0.221028377666401 1360
1694338216626 0.22091096905764082 1361
1694338216648 0.22078291602752664 1362
1694338216674 0.22067938070294432 1363
1694338216698 0.2205550972315133 1364
1694338216723 0.22040692511445742 1365
1694338216747 0.2202814923789423 1366
1694338216774 0.2201470715287628 1367
1694338216799 0.2200341026933646 1368
1694338216823 0.2199385963228357 1369
1694338216848 0.2198170270568524 1370
1694338216937 0.2196928368809913 1371
1694338216965 0.21957043328412318 1372
1694338216996 0.21946880772301455 1373
1694338217019 0.2193494988658562 1374
1694338217042 0.21924477045743088 1375
1694338217063 0.21912469134516138 1376
1694338217089 0.2190149722074409 1377
1694338217115 0.21888946837173626 1378
1694338217138 0.2187681602514242 1379
1694338217161 0.21866261140552445 1380
1694338217185 0.21854098574067088 1381
1694338217208 0.21842650099050195 1382
1694338217232 0.21830266919651764 1383
1694338217255 0.21818553616416309 1384
1694338217279 0.21805543812541447 1385
1694338217302 0.2179510494818999 1386
1694338217328 0.21782196899521322 1387
1694338217352 0.2177105108250985 1388
1694338217380 0.21760345188799657 1389
1694338217404 0.2174972993580501 1390
1694338217428 0.21737531549064235 1391
1694338217459 0.21725685212855345 1392
1694338217484 0.21714844672128586 1393
1694338217507 0.21703275331178085 1394
1694338217530 0.21692541817155897 1395
1694338217555 0.21680590921260373 1396
1694338217579 0.216675439401045 1397
1694338217602 0.21653907891732338 1398
1694338217626 0.21641377051080318 1399
1694338217651 0.21629872380784265 1400
1694338217676 0.21618689162754418 1401
1694338217700 0.21606728574156567 1402
1694338217725 0.21593635987815793 1403
1694338217749 0.21581671761756027 1404
1694338217771 0.21570073902007397 1405
1694338217797 0.21557192570105854 1406
1694338217820 0.21546773373917677 1407
1694338217844 0.21536879212950288 1408
1694338217904 0.21525527326679356 1409
1694338217928 0.21514778573895035 1410
1694338217951 0.21501357133529722 1411
1694338217978 0.21490056944914432 1412
1694338218004 0.21479643805866758 1413
1694338218027 0.21468870298214948 1414
1694338218050 0.21458273045593615 1415
1694338218075 0.21446660228814232 1416
1694338218099 0.21436046213945453 1417
1694338218121 0.2142455025895946 1418
1694338218146 0.2141234564786928 1419
1694338218171 0.21400818036866612 1420
1694338218195 0.21389563380343793 1421
1694338218220 0.21379993995353913 1422
1694338218245 0.21369184667335073 1423
1694338218268 0.21358945262425363 1424
1694338218305 0.21348521730072262 1425
1694338218327 0.213375499410972 1426
1694338218352 0.21325891648934087 1427
1694338218379 0.21314216372889008 1428
1694338218403 0.21303555019655618 1429
1694338218426 0.21292730855678585 1430
1694338218449 0.21283446670772416 1431
1694338218472 0.21272784805940062 1432
1694338218501 0.21260414940780153 1433
1694338218524 0.2124898414667255 1434
1694338218548 0.21238273075399 1435
1694338218597 0.21227051845956993 1436
1694338218619 0.2121642293616533 1437
1694338218642 0.21204350064594216 1438
1694338218676 0.21193126635639956 1439
1694338218700 0.2118300787377115 1440
1694338218724 0.21170756841392227 1441
1694338218749 0.21159880556214827 1442
1694338218774 0.21148764154016403 1443
1694338218798 0.21136458806089958 1444
1694338218822 0.21123854574916323 1445
1694338218847 0.21113462526135182 1446
1694338218877 0.211017956124579 1447
1694338218903 0.21090598627457313 1448
1694338218926 0.2107893310572635 1449
1694338219051 0.21068490135008902 1450
1694338219074 0.21056643034979103 1451
1694338219099 0.21044577826036306 1452
1694338219122 0.21032727332830983 1453
1694338219147 0.21021304672728372 1454
1694338219172 0.21011587062678944 1455
1694338219195 0.21003576491401477 1456
1694338219220 0.20992096156519832 1457
1694338219244 0.20982161244815162 1458
1694338219268 0.20970964377914353 1459
1694338219293 0.20958998796423703 1460
1694338219316 0.20949025716134276 1461
1694338219339 0.20937442112452026 1462
1694338219373 0.2092548085005549 1463
1694338219400 0.20914824572412935 1464
1694338219428 0.2090396624442072 1465
1694338219453 0.20891749156763445 1466
1694338219479 0.20882743540631749 1467
1694338219504 0.20871412047810367 1468
1694338219528 0.2086125874207737 1469
1694338219550 0.20850143037665847 1470
1694338219579 0.2083849940079455 1471
1694338219602 0.20826848022566766 1472
1694338219626 0.20816482915503035 1473
1694338219649 0.20805232929231127 1474
1694338219673 0.2079420021970397 1475
1694338219696 0.20783476339132706 1476
1694338219720 0.20773661720191272 1477
1694338219744 0.2076238020837521 1478
1694338219769 0.2075081038711335 1479
1694338219794 0.20738804319698084 1480
1694338219818 0.20729273146678615 1481
1694338219842 0.2071824322054498 1482
1694338219866 0.20708022471833623 1483
1694338219894 0.20697553158496135 1484
1694338219951 0.2068547791391298 1485
1694338219973 0.20673609982039523 1486
1694338219996 0.20662980524334754 1487
1694338220023 0.20651916575437282 1488
1694338220048 0.20642051453924984 1489
1694338220071 0.2063014805209425 1490
1694338220095 0.20619393425558963 1491
1694338220122 0.20608228660382694 1492
1694338220145 0.20598004125437827 1493
1694338220169 0.20587736759933797 1494
1694338220192 0.2057637843591242 1495
1694338220216 0.20566581976831358 1496
1694338220240 0.205550844016047 1497
1694338220266 0.2054321650931096 1498
1694338220290 0.2053266228914294 1499
1694338220653 0.2057637843591242 1500
