1694357786291 1.9108673829053537 0
1694357786335 1.8743461219500088 1
1694357786363 1.8412938098578737 2
1694357786389 1.809853880155774 3
1694357786421 1.7802509900275572 4
1694357786470 1.7520117032338802 5
1694357786497 1.725358048051905 6
1694357786521 1.6999915262172174 7
1694357786545 1.6753022021156196 8
1694357786568 1.6516414608094498 9
1694357786603 1.6289500248087798 10
1694357786626 1.6071749950828202 11
1694357786652 1.585953872538229 12
1694357786675 1.565627034552701 13
1694357786729 1.5460378845377594 14
1694357786755 1.5270762799908317 15
1694357786779 1.5085442196396932 16
1694357786807 1.4905136373654821 17
1694357786837 1.4730411133007366 18
1694357786861 1.4562073925137586 19
1694357786887 1.4400843957291234 20
1694357786912 1.423899966112288 21
1694357786963 1.4083508591402 22
1694357786988 1.393272198367461 23
1694357787012 1.3784996189013319 24
1694357787036 1.3641985837476243 25
1694357787065 1.350039253789118 26
1694357787091 1.3360051034208085 27
1694357787115 1.3225112737140088 28
1694357787141 1.3093452147405291 29
1694357787165 1.2967199899190303 30
1694357787190 1.28404876940999 31
1694357787218 1.2717081206813514 32
1694357787243 1.2597378798896186 33
1694357787266 1.2480412976993525 34
1694357787296 1.2366044242413528 35
1694357787321 1.2252208569777534 36
1694357787351 1.2142682119471495 37
1694357787382 1.203589329812585 38
1694357787414 1.1929267231707723 39
1694357787480 1.1825800962852424 40
1694357787528 1.1724867654569024 41
1694357787558 1.1626746379380544 42
1694357787583 1.1528376732610897 43
1694357787608 1.1431348613660541 44
1694357787632 1.133617524578953 45
1694357787657 1.1243322482037577 46
1694357787684 1.115312574821511 47
1694357787708 1.106288532493215 48
1694357787734 1.097645720653688 49
1694357787760 1.0891799376713753 50
1694357787785 1.080791178528874 51
1694357787812 1.0725332161351468 52
1694357787844 1.064402651602143 53
1694357787870 1.0564820135156834 54
1694357787898 1.0486540691895627 55
1694357787924 1.0410165587579754 56
1694357787974 1.033438187100281 57
1694357788000 1.0259783721276607 58
1694357788026 1.0187291564835612 59
1694357788054 1.011612681892941 60
1694357788078 1.0045030712863543 61
1694357788105 0.997548343411974 62
1694357788130 0.9907396739634715 63
1694357788157 0.9840135683902987 64
1694357788183 0.9774340185912139 65
1694357788208 0.9709941374048506 66
1694357788238 0.9646022795086177 67
1694357788263 0.9583125203269223 68
1694357788290 0.9521799521549573 69
1694357788314 0.9461098810924374 70
1694357788347 0.9401451097173514 71
1694357788373 0.934292634760969 72
1694357788398 0.928410228798838 73
1694357788426 0.9227506384937869 74
1694357788452 0.9170838057768053 75
1694357788478 0.9114610722798461 76
1694357788504 0.9060550063875622 77
1694357788529 0.9006984401006016 78
1694357788554 0.8954366596080302 79
1694357788582 0.8902762108134059 80
1694357788609 0.8852301377085545 81
1694357788634 0.8801647647913503 82
1694357788661 0.875224589818416 83
1694357788687 0.8703263922819847 84
1694357788713 0.8654567790562065 85
1694357788738 0.8606587999862672 86
1694357788762 0.8559855873828235 87
1694357788787 0.8513786548884279 88
1694357788814 0.8467899719075545 89
1694357788844 0.8423529771246162 90
1694357788869 0.8379418454569312 91
1694357788895 0.8336049613234332 92
1694357788924 0.8293217659708296 93
1694357788949 0.8250563471898829 94
1694357788999 0.8208608360216574 95
1694357789024 0.8167526304880031 96
1694357789050 0.8127733986345936 97
1694357789075 0.8088201435904461 98
1694357789103 0.8048780162362543 99
1694357789128 0.8009933215307729 100
1694357789153 0.7971580627078217 101
1694357789179 0.7934299644031884 102
1694357789204 0.7896254598410678 103
1694357789232 0.7859851935596549 104
1694357789258 0.7823412906583321 105
1694357789285 0.7788306961261295 106
1694357789311 0.7752296700696751 107
1694357789343 0.7716884975680217 108
1694357789369 0.7681603341923323 109
1694357789396 0.7647620432525565 110
1694357789421 0.7613479595495605 111
1694357789447 0.7580340201703398 112
1694357789478 0.7548454336504299 113
1694357789504 0.751515777505351 114
1694357789589 0.7483205816875539 115
1694357789654 0.7452470422757451 116
1694357789680 0.7421798659525879 117
1694357789706 0.7390861687595923 118
1694357789734 0.7360173409094768 119
1694357789760 0.7330368232959533 120
1694357789785 0.7300591258640979 121
1694357789810 0.7272114330780834 122
1694357789837 0.7243478684237937 123
1694357789869 0.7215095497418825 124
1694357789895 0.7186759546968128 125
1694357789922 0.7159054190449471 126
1694357789948 0.7131667275711481 127
1694357789976 0.710450796235945 128
1694357790025 0.7078091476275207 129
1694357790052 0.7051467384741937 130
1694357790078 0.7025103847060176 131
1694357790104 0.6998943483359742 132
1694357790131 0.6973923984594094 133
1694357790156 0.6948919868419116 134
1694357790184 0.6922723283432743 135
1694357790211 0.6897885082942816 136
1694357790241 0.6873695830137841 137
1694357790266 0.684921056325058 138
1694357790292 0.6825558712702303 139
1694357790318 0.6801763732180997 140
1694357790349 0.6778448048814433 141
1694357790377 0.6755219632264972 142
1694357790402 0.6732381714124581 143
1694357790427 0.6709793517047521 144
1694357790452 0.668737772887691 145
1694357790477 0.6665351937484515 146
1694357790502 0.6643245970233453 147
1694357790533 0.6621781257994693 148
1694357790558 0.6600450362544614 149
1694357790583 0.657918205905537 150
1694357790619 0.6558696730434022 151
1694357790646 0.6538121947961028 152
1694357790672 0.6518004820201853 153
1694357790700 0.6497437197815392 154
1694357790725 0.6477440035057269 155
1694357790755 0.6457927875200851 156
1694357790781 0.6438091150939514 157
1694357790808 0.6418661942570876 158
1694357790838 0.6399258912406092 159
1694357790865 0.63805134768435 160
1694357790903 0.6361026673702335 161
1694357790940 0.63422460144072 162
1694357790990 0.6323611533226354 163
1694357791047 0.6305334257250387 164
1694357791077 0.628734283055869 165
1694357791102 0.6269327108116872 166
1694357791132 0.625158083417564 167
1694357791157 0.6234136589196848 168
1694357791185 0.6216604271675913 169
1694357791210 0.6199611105142055 170
1694357791236 0.6182388508175438 171
1694357791263 0.6165394165476007 172
1694357791290 0.6148589136636294 173
1694357791317 0.613169626240692 174
1694357791350 0.6115239554491071 175
1694357791377 0.6098823330996864 176
1694357791450 0.6082450540121717 177
1694357791510 0.6066297201718157 178
1694357791559 0.60506595518125 179
1694357791587 0.6034768115161602 180
1694357791615 0.6019080828702313 181
1694357791647 0.6003399254398292 182
1694357791677 0.5988074467832656 183
1694357791735 0.5972506019321138 184
1694357791784 0.5957732316823238 185
1694357791831 0.5943019584342661 186
1694357791870 0.5927962744246946 187
1694357791933 0.5913275635925013 188
1694357791962 0.5898473683999454 189
1694357791988 0.5883686749150546 190
1694357792016 0.5869219941869463 191
1694357792067 0.5854935041724548 192
1694357792093 0.5840994816561242 193
1694357792123 0.5827404666574767 194
1694357792151 0.5813717362770214 195
1694357792188 0.5800609755266122 196
1694357792234 0.5787238454773157 197
1694357792292 0.5773930882830441 198
1694357792326 0.5760586763063525 199
1694357792355 0.5747382971185638 200
1694357792384 0.5734721346305366 201
1694357792410 0.5721751277697933 202
1694357792436 0.5708816787630386 203
1694357792461 0.569590764214161 204
1694357792519 0.5683327482678024 205
1694357792544 0.5670853927455471 206
1694357792580 0.5658278588961491 207
1694357792611 0.5646133490119905 208
1694357792641 0.5634222509726992 209
1694357792668 0.5622215221183329 210
1694357792695 0.5610075987742652 211
1694357792724 0.5597671785702392 212
1694357792748 0.5585498848892173 213
1694357792772 0.5573383441717115 214
1694357792798 0.5562081007982279 215
1694357792824 0.5550733175089626 216
1694357792848 0.5539433971030072 217
1694357792874 0.5528064115512289 218
1694357792899 0.551688863435946 219
1694357792926 0.5505689779865351 220
1694357792952 0.549477173677777 221
1694357792977 0.5483999061070401 222
1694357793002 0.5473004724150361 223
1694357793029 0.5462240595013844 224
1694357793079 0.5451183817701186 225
1694357793103 0.5440725408775338 226
1694357793132 0.5430215340791756 227
1694357793157 0.5419642759621406 228
1694357793184 0.5409484312133824 229
1694357793209 0.5399450810435587 230
1694357793233 0.5388978773925694 231
1694357793259 0.5378752214446199 232
1694357793284 0.5368464347582225 233
1694357793312 0.5358363774700027 234
1694357793337 0.5348310954543346 235
1694357793364 0.5338448050044058 236
1694357793395 0.5328749809546525 237
1694357793425 0.5318891411126723 238
1694357793457 0.5309158896188018 239
1694357793487 0.5299730416461185 240
1694357793517 0.5290154876707407 241
1694357793545 0.5280657052737405 242
1694357793571 0.5271242446292479 243
1694357793598 0.526209341467132 244
1694357793626 0.5252912579067419 245
1694357793651 0.5243119335494877 246
1694357793677 0.5233659502654117 247
1694357793774 0.5224374347403692 248
1694357793881 0.5215346329558953 249
1694357793913 0.5206416913809974 250
1694357793946 0.5197268041508225 251
1694357793974 0.5188044655292543 252
1694357793999 0.5179566206913474 253
1694357794024 0.5170538925076427 254
1694357794075 0.516181551778969 255
1694357794098 0.5153065920033979 256
1694357794123 0.5144453667397744 257
1694357794147 0.513596276927695 258
1694357794177 0.5127411584738499 259
1694357794207 0.5118920006737281 260
1694357794241 0.5110508109785202 261
1694357794272 0.510226242962677 262
1694357794299 0.5093776801999937 263
1694357794326 0.5085292929570523 264
1694357794353 0.5077442357264352 265
1694357794381 0.5069086527359533 266
1694357794412 0.5060968021303446 267
1694357794442 0.5052743776067317 268
1694357794469 0.5044966232340229 269
1694357794498 0.5036852139139385 270
1694357794525 0.5029056447811532 271
1694357794554 0.5021080634227718 272
1694357794593 0.5013149690266436 273
1694357794642 0.500535967829536 274
1694357794667 0.4997666613807164 275
1694357794695 0.4990162560282151 276
1694357794723 0.4982567276079623 277
1694357794750 0.4974739538780767 278
1694357794778 0.49672619423447817 279
1694357794810 0.4959842188044028 280
1694357794835 0.4952540230303445 281
1694357794860 0.4945053036135884 282
1694357794884 0.49379722430653145 283
1694357794910 0.49303201019728643 284
1694357794936 0.4923148804958261 285
1694357794961 0.4915735263569121 286
1694357794987 0.4908250087334063 287
1694357795013 0.4900876099327856 288
1694357795038 0.4893532685292237 289
1694357795088 0.4886675614268289 290
1694357795111 0.4879700548818664 291
1694357795135 0.4873006910271717 292
1694357795159 0.4866273015228869 293
1694357795191 0.485948771087884 294
1694357795215 0.48524564816498844 295
1694357795241 0.4845665390284573 296
1694357795268 0.48385710500564044 297
1694357795295 0.48320283809260334 298
1694357795322 0.48251069031410515 299
1694357795347 0.4818177386053115 300
1694357795372 0.4811459850197523 301
1694357795397 0.48049462528126125 302
1694357795458 0.47980884428725185 303
1694357795485 0.47913551475367355 304
1694357795510 0.4784723282612773 305
1694357795540 0.4777925252499407 306
1694357795566 0.47713694171419196 307
1694357795593 0.4764668687772827 308
1694357795618 0.4758093869756669 309
1694357795643 0.475181933914812 310
1694357795668 0.4745442649532046 311
1694357795701 0.47389410737596593 312
1694357795727 0.4732400951997393 313
1694357795751 0.4726604502324013 314
1694357795777 0.4720448201082327 315
1694357795801 0.47142798152588955 316
1694357795829 0.4707946300455179 317
1694357795853 0.4702011840091265 318
1694357795957 0.4695949445905989 319
1694357795981 0.4689903399824297 320
1694357796007 0.46838287416898483 321
1694357796031 0.4677902247559511 322
1694357796067 0.4671889780820366 323
1694357796117 0.4665768756219326 324
1694357796140 0.4659906048437958 325
1694357796164 0.46541071193525074 326
1694357796189 0.4648008420194723 327
1694357796214 0.46420757049965794 328
1694357796239 0.46361513703487683 329
1694357796266 0.46306036376793747 330
1694357796290 0.46249947167700545 331
1694357796319 0.4619088280288172 332
1694357796345 0.4613155885994606 333
1694357796369 0.46072702714156005 334
1694357796394 0.46015741396372617 335
1694357796426 0.45956636043756954 336
1694357796451 0.4590191985212471 337
1694357796476 0.4584518402302624 338
1694357796501 0.4578690520653662 339
1694357796531 0.4573041838931306 340
1694357796557 0.4567205780754633 341
1694357796582 0.4561509402910315 342
1694357796607 0.4555909775470623 343
1694357796634 0.45502389128345644 344
1694357796659 0.45449197542309216 345
1694357796684 0.4539559751814915 346
1694357796709 0.4534268451248117 347
1694357796733 0.45284181261245204 348
1694357796759 0.45234339114201544 349
1694357796784 0.4518205495907046 350
1694357796808 0.45130835649126366 351
1694357796831 0.45082464357612373 352
1694357796857 0.45028490688480655 353
1694357796881 0.44977405582642177 354
1694357796910 0.4492265494583624 355
1694357796940 0.4487018017941075 356
1694357796965 0.44820631762474267 357
1694357796990 0.4476966605931722 358
1694357797014 0.4472149994118363 359
1694357797043 0.446705954798056 360
1694357797068 0.4461863270358599 361
1694357797119 0.4456971708244973 362
1694357797142 0.44519280853076837 363
1694357797166 0.4446999296739525 364
1694357797191 0.4441968711945092 365
1694357797216 0.4437005349268974 366
1694357797240 0.4432043726261787 367
1694357797264 0.44269592791868345 368
1694357797290 0.4421775987657076 369
1694357797317 0.4416873786487798 370
1694357797343 0.4411765219730275 371
1694357797366 0.44069742676333923 372
1694357797393 0.4402188428544322 373
1694357797426 0.4396873655605618 374
1694357797452 0.439217894497015 375
1694357797477 0.4387190527585812 376
1694357797502 0.43825038700244384 377
1694357797527 0.4377837960747061 378
1694357797616 0.4373097943774034 379
1694357797640 0.4368052070132083 380
1694357797666 0.4363523051258694 381
1694357797692 0.4358759656672347 382
1694357797718 0.4353855594006611 383
1694357797743 0.4349205665367149 384
1694357797770 0.43444869714688583 385
1694357797798 0.4339758431642881 386
1694357797824 0.4335093682921069 387
1694357797848 0.43303336152467425 388
1694357797874 0.4325653436787309 389
1694357797898 0.43211228171949495 390
1694357797925 0.4316593300855764 391
1694357797965 0.4312060851198068 392
1694357797996 0.43074309426117197 393
1694357798087 0.43027056430939054 394
1694357798111 0.4298129760881199 395
1694357798162 0.4293570921025477 396
1694357798187 0.4289147713025535 397
1694357798212 0.4284361051205656 398
1694357798238 0.4279697069728142 399
1694357798267 0.4275250166211077 400
1694357798292 0.4271303301607684 401
1694357798318 0.4267077877877021 402
1694357798344 0.4262494746511488 403
1694357798368 0.42579466033478036 404
1694357798393 0.4253456338496401 405
1694357798420 0.42490953939812737 406
1694357798446 0.42448107584892786 407
1694357798474 0.4240321197150421 408
1694357798502 0.4235913208994851 409
1694357798529 0.4231543969039955 410
1694357798556 0.4227102141922917 411
1694357798583 0.4223008704888909 412
1694357798617 0.4218501528965273 413
1694357798654 0.4214366284552066 414
1694357798679 0.4210137580057915 415
1694357798705 0.4205830391672629 416
1694357798734 0.420143152439817 417
1694357798764 0.41970084454004153 418
1694357798791 0.41926913785828546 419
1694357798818 0.41886552542454925 420
1694357798843 0.41843816328492917 421
1694357798869 0.41803195057651443 422
1694357798896 0.4176119932350987 423
1694357798922 0.41721736247837155 424
1694357798954 0.41681222397132156 425
1694357798981 0.4164100194967821 426
1694357799011 0.4160147986141024 427
1694357799039 0.4156091813395385 428
1694357799067 0.4152191245884876 429
1694357799096 0.41482092604789095 430
1694357799145 0.41440089791978574 431
1694357799171 0.4140096578117471 432
1694357799197 0.413585678106851 433
1694357799222 0.4131961610053349 434
1694357799247 0.41279610241014425 435
1694357799314 0.41241171724249637 436
1694357799338 0.4120266648066129 437
1694357799363 0.4116391149377758 438
1694357799401 0.4112356057577572 439
1694357799427 0.41087411712221245 440
1694357799452 0.4104564655103345 441
1694357799486 0.41007221457954224 442
1694357799509 0.4096909655895976 443
1694357800176 0.4092858270959033 444
1694357800200 0.40889700158314396 445
1694357800225 0.40851594996415047 446
1694357800259 0.4080755105181108 447
1694357800293 0.4076693512354288 448
1694357800317 0.4072806933924751 449
1694357800345 0.4068860918389019 450
1694357800384 0.40651492049180227 451
1694357800408 0.4061174576301878 452
1694357800432 0.40575616738966164 453
1694357800458 0.40536052055977684 454
1694357800485 0.4049434902051334 455
1694357800511 0.4045491009513349 456
1694357800540 0.4041836822427049 457
1694357800565 0.4038299667900484 458
1694357800624 0.40344825105188226 459
1694357800649 0.4030746611334819 460
1694357800673 0.4027247684298418 461
1694357800700 0.4023822742979889 462
1694357800725 0.40199076144138585 463
1694357800750 0.40161310150886637 464
1694357800775 0.401256528707417 465
1694357800800 0.40088587815834903 466
1694357800828 0.4005161495629878 467
1694357800851 0.400144891470269 468
1694357800881 0.3997691829213044 469
1694357800917 0.3994450077206175 470
1694357800942 0.3991077039993264 471
1694357800965 0.3987524088928769 472
1694357800990 0.39837807206548975 473
1694357801016 0.39801799340663996 474
1694357801041 0.397667085846517 475
1694357801066 0.39730944976045085 476
1694357801090 0.39697448743926883 477
1694357801115 0.3966040230518701 478
1694357801140 0.3962344156904259 479
1694357801189 0.39588678910115527 480
1694357801216 0.3955327894621819 481
1694357801242 0.39519362417950016 482
1694357801269 0.3948567461532134 483
1694357801293 0.39449670739288956 484
1694357801320 0.3941283861272205 485
1694357801347 0.39380505073751726 486
1694357801378 0.3934623702238966 487
1694357801407 0.39310582817024636 488
1694357801432 0.39276816810927734 489
1694357801458 0.39241460086471097 490
1694357801485 0.3920452003459238 491
1694357801510 0.3917277677412158 492
1694357801543 0.39137689080454047 493
1694357801569 0.39101254294577786 494
1694357801596 0.3906692427276579 495
1694357801623 0.390306377126772 496
1694357801648 0.390022771157746 497
1694357801674 0.38966071355825876 498
1694357801700 0.3893150595775681 499
1694357801812 0.3893150595775681 500
