1694358848525 1.9107536336657316 0
1694358848562 1.874007197290785 1
1694358848594 1.8408203752939953 2
1694358848619 1.8091801994170673 3
1694358848643 1.7793470440929542 4
1694358848699 1.750915989219168 5
1694358848730 1.7240237432876708 6
1694358848792 1.698391594054956 7
1694358848854 1.6736989044148634 8
1694358848880 1.6499840599004216 9
1694358848905 1.6271171328489162 10
1694358848929 1.6051860387049128 11
1694358848953 1.5838690908377284 12
1694358848978 1.5635021007710328 13
1694358849004 1.5439076638879499 14
1694358849030 1.5249148009963247 15
1694358849056 1.506215877821325 16
1694358849079 1.4882465434214533 17
1694358849104 1.4708847644810452 18
1694358849129 1.45398286563052 19
1694358849154 1.4378115350501635 20
1694358849179 1.4216600490221543 21
1694358849204 1.406068990810297 22
1694358849235 1.3909444256121817 23
1694358849261 1.3762139887033447 24
1694358849286 1.3617786839208745 25
1694358849311 1.3475329039185155 26
1694358849336 1.3336225981288763 27
1694358849363 1.3200516090590566 28
1694358849391 1.3067962520083807 29
1694358849416 1.2940704006033523 30
1694358849440 1.2814585031362666 31
1694358849467 1.2691324582732835 32
1694358849492 1.2571036848590362 33
1694358849517 1.2453877221404428 34
1694358849542 1.233874401056613 35
1694358849567 1.2225795938655553 36
1694358849594 1.21163489359911 37
1694358849620 1.2009261004413174 38
1694358849644 1.1903261788314676 39
1694358849691 1.1799756048445915 40
1694358849715 1.169873242359967 41
1694358849744 1.1600725502079987 42
1694358849770 1.1502895701639055 43
1694358849793 1.1406266301012438 44
1694358849820 1.1311312955131185 45
1694358849847 1.1218615164521344 46
1694358849873 1.112825051624061 47
1694358849898 1.1037909795544438 48
1694358849931 1.0950896725395454 49
1694358849961 1.0865733064735856 50
1694358849986 1.0781761863275559 51
1694358850012 1.0699312968806842 52
1694358850037 1.0617891713889187 53
1694358850063 1.0538399374131517 54
1694358850090 1.0460048727505615 55
1694358850116 1.0382403180704498 56
1694358850141 1.0306451808138093 57
1694358850168 1.0231105139248635 58
1694358850194 1.0157755117283689 59
1694358850222 1.0085687776756849 60
1694358850253 1.0014306960755204 61
1694358850281 0.9944743883363787 62
1694358850308 0.9877416285592215 63
1694358850334 0.9809894728919761 64
1694358850359 0.9744365652919434 65
1694358850387 0.9679393215711996 66
1694358850412 0.9615516254341605 67
1694358850438 0.9552586485845141 68
1694358850469 0.949016583849881 69
1694358850495 0.9429531248680753 70
1694358850521 0.936959393644151 71
1694358850547 0.9311283952873635 72
1694358850573 0.9252930113328818 73
1694358850598 0.9195574826154038 74
1694358850624 0.9138148856786245 75
1694358850650 0.9082031678446608 76
1694358850676 0.9027834413994447 77
1694358850731 0.8974099911279383 78
1694358850756 0.892125337480549 79
1694358850783 0.8869419390283034 80
1694358850875 0.8818342660305158 81
1694358850936 0.8768322868814549 82
1694358851000 0.8718589178480334 83
1694358851029 0.8669572864732572 84
1694358851055 0.8621287667602908 85
1694358851081 0.8573024863444441 86
1694358851110 0.8526423512841971 87
1694358851137 0.8480076543651017 88
1694358851163 0.8434152444577991 89
1694358851218 0.8388794307536898 90
1694358851248 0.8343816460961911 91
1694358851274 0.8300910682455951 92
1694358851305 0.8258957698267266 93
1694358851332 0.8216506428130108 94
1694358851358 0.8174205664206012 95
1694358851386 0.8132702548323032 96
1694358851413 0.8092874265239924 97
1694358851443 0.8052752410256996 98
1694358851471 0.8013510019152635 99
1694358851498 0.7974633112042605 100
1694358851528 0.7936393721331755 101
1694358851556 0.789885693108728 102
1694358851583 0.7861597917679694 103
1694358851622 0.7825251173312735 104
1694358851655 0.7788463559267012 105
1694358851680 0.7753042234410338 106
1694358851706 0.7717439491719389 107
1694358851737 0.7682314910747551 108
1694358851765 0.7647048648688053 109
1694358851791 0.7613026142168917 110
1694358851820 0.7578876865779663 111
1694358851845 0.7545493330928492 112
1694358851871 0.7512931652775209 113
1694358851896 0.7480578430917767 114
1694358851936 0.744875673803849 115
1694358851962 0.7417046864332875 116
1694358851987 0.7386473708697439 117
1694358852012 0.7356030647272567 118
1694358852040 0.7325496452950637 119
1694358852066 0.7295805663216127 120
1694358852093 0.7265922185786461 121
1694358852121 0.7237001236610101 122
1694358852201 0.7208574760680361 123
1694358852231 0.7180423457010653 124
1694358852260 0.7152008563236603 125
1694358852285 0.7124589147300725 126
1694358852311 0.7096794644543479 127
1694358852337 0.7069576736526485 128
1694358852364 0.7042987143456445 129
1694358852396 0.7016405109529201 130
1694358852422 0.6990319771733576 131
1694358852449 0.6963885112500166 132
1694358852476 0.6938900410997052 133
1694358852507 0.6914255284360455 134
1694358852533 0.6888807693117115 135
1694358852561 0.6864080771429556 136
1694358852593 0.6839650877635814 137
1694358852621 0.6814896970496503 138
1694358852647 0.6790549523288366 139
1694358852675 0.6767246543881997 140
1694358852702 0.6743894432880336 141
1694358852763 0.6720574871644134 142
1694358852789 0.6698047152999942 143
1694358852813 0.6675445892827819 144
1694358852843 0.6652502005271724 145
1694358852899 0.6630536610330858 146
1694358852923 0.6608662112656541 147
1694358852950 0.6587123818874366 148
1694358853050 0.6565749625203335 149
1694358853097 0.6544038390468844 150
1694358853122 0.6522950371906638 151
1694358853148 0.650162896923598 152
1694358853173 0.6481542965123281 153
1694358853199 0.6461387043892682 154
1694358853229 0.6441221466311536 155
1694358853254 0.6420854188541204 156
1694358853279 0.6401296378944001 157
1694358853306 0.6382298968544503 158
1694358853332 0.6362681806290253 159
1694358853356 0.6343904620673863 160
1694358853382 0.6324794912335311 161
1694358853410 0.6305975233850213 162
1694358853435 0.6287542122226574 163
1694358853459 0.6269544428996954 164
1694358853483 0.6251394348183507 165
1694358853508 0.6233388396024563 166
1694358853533 0.6215428694618234 167
1694358853559 0.6198031509024512 168
1694358853584 0.6180127999512265 169
1694358853613 0.6163301856388279 170
1694358853645 0.6146483644679864 171
1694358853671 0.6129100964424014 172
1694358853697 0.611243461476035 173
1694358853728 0.6095998327742863 174
1694358853755 0.6079438342615914 175
1694358853782 0.6062392994834817 176
1694358853807 0.6045733252609641 177
1694358853832 0.6029693716740568 178
1694358853858 0.6013861298923368 179
1694358853882 0.5998491954749177 180
1694358853907 0.5982973111972888 181
1694358853932 0.596768775527335 182
1694358853958 0.5951992032632251 183
1694358853985 0.5936721455682693 184
1694358854012 0.5921599270049857 185
1694358854040 0.5906695272618082 186
1694358854063 0.5892047718698928 187
1694358854092 0.5877384676687802 188
1694358854117 0.586305751027892 189
1694358854142 0.5848439925583934 190
1694358854171 0.5834529974551285 191
1694358854198 0.5820317785458032 192
1694358854223 0.5806175038778444 193
1694358854254 0.5792159443462496 194
1694358854280 0.5778749970681966 195
1694358854307 0.5765307847423465 196
1694358854332 0.5751846719908055 197
1694358854359 0.5738270401425001 198
1694358854385 0.5724586353943992 199
1694358854412 0.5711456921622103 200
1694358854439 0.5698699235067034 201
1694358854463 0.5685552799681646 202
1694358854488 0.567298213399106 203
1694358854513 0.5660382345893761 204
1694358854538 0.5648130319929233 205
1694358854564 0.563533790055385 206
1694358854602 0.5622492900382944 207
1694358854628 0.5609726450736646 208
1694358854655 0.5598031906286093 209
1694358854681 0.5585994489310725 210
1694358854710 0.5573608732618941 211
1694358854741 0.5561692717184447 212
1694358854793 0.554978341378188 213
1694358854818 0.5537713041349983 214
1694358854842 0.5526164687448207 215
1694358854866 0.5514675381153256 216
1694358854894 0.5503413070118627 217
1694358854949 0.5492035798992019 218
1694358854974 0.548085088777224 219
1694358854999 0.5469906094762793 220
1694358855028 0.5458733080351083 221
1694358855053 0.5447697943764508 222
1694358855164 0.5436331921300456 223
1694358855192 0.5425396355454208 224
1694358855223 0.5414544987199313 225
1694358855248 0.5403977996578279 226
1694358855274 0.539289772623819 227
1694358855298 0.5382510545938594 228
1694358855323 0.5372423023352192 229
1694358855348 0.5362128009491327 230
1694358855372 0.5351702931279547 231
1694358855396 0.5341935780184556 232
1694358855422 0.5331284814641166 233
1694358855451 0.5321072922488628 234
1694358855475 0.531122292120131 235
1694358855500 0.5301544794101607 236
1694358855526 0.5291575000220853 237
1694358855550 0.5281985350525351 238
1694358855575 0.5272206372520349 239
1694358855599 0.5262552678861497 240
1694358855634 0.5253140147500778 241
1694358855660 0.5243472213775952 242
1694358855687 0.5234083155390195 243
1694358855722 0.522441394327026 244
1694358855749 0.5215004938164627 245
1694358855775 0.5206064173542002 246
1694358855801 0.5196513514343891 247
1694358855825 0.5187175315168986 248
1694358855850 0.5177725109131401 249
1694358855876 0.5168952986509143 250
1694358855902 0.5159560373515494 251
1694358855927 0.5150552742397627 252
1694358855953 0.5141571762660334 253
1694358855979 0.5132548088481295 254
1694358856004 0.5124099369560279 255
1694358856028 0.5115268495433483 256
1694358856053 0.5106762718574565 257
1694358856078 0.5097835462073136 258
1694358856106 0.5089421247197335 259
1694358856132 0.5081058746389704 260
1694358856158 0.5072502435222166 261
1694358856184 0.5063870603169354 262
1694358856209 0.5055583782321823 263
1694358856243 0.5047111626258438 264
1694358856268 0.5039154720566709 265
1694358856297 0.503112605194529 266
1694358856322 0.5022811310504595 267
1694358856347 0.501465542561816 268
1694358856372 0.5006530390420564 269
1694358856397 0.49981110883163204 270
1694358856426 0.49900470164669153 271
1694358856453 0.49819889629211234 272
1694358856476 0.49741726039783074 273
1694358856502 0.4966702775936679 274
1694358856527 0.49588441249837306 275
1694358856552 0.495126395877519 276
1694358856577 0.49442836850259786 277
1694358856601 0.4936885797615441 278
1694358856626 0.49292386093119117 279
1694358856650 0.4921931014319483 280
1694358856677 0.49144744705522775 281
1694358856703 0.4907154652065971 282
1694358856732 0.489957329445351 283
1694358856762 0.4892369572068647 284
1694358856790 0.4884921565015949 285
1694358856841 0.4877587110670933 286
1694358856864 0.48701341760818306 287
1694358856889 0.48628599262373035 288
1694358856913 0.48555861194667155 289
1694358856941 0.48485492394267365 290
1694358856996 0.484151837189194 291
1694358857019 0.4834645303478593 292
1694358857044 0.48276269687332957 293
1694358857068 0.48207211781893206 294
1694358857095 0.48137803285076325 295
1694358857121 0.48068773280538835 296
1694358857192 0.480007409535435 297
1694358857263 0.4793132341502477 298
1694358857289 0.47863246700332884 299
1694358857313 0.4779370650006927 300
1694358857342 0.47726198551735993 301
1694358857366 0.47660570440010497 302
1694358857391 0.4759529610916768 303
1694358857416 0.47528918247341945 304
1694358857443 0.4746331098231219 305
1694358857469 0.4739955943215855 306
1694358857493 0.4733438596058682 307
1694358857518 0.47271265578703575 308
1694358857543 0.4720276932744209 309
1694358857570 0.47142088944041083 310
1694358857598 0.47078972208212344 311
1694358857624 0.47016722757913537 312
1694358857651 0.4695273053113706 313
1694358857679 0.4688997239228772 314
1694358857703 0.46828182079560976 315
1694358857732 0.46768129829561145 316
1694358857758 0.46709543443429735 317
1694358857783 0.46648545828048293 318
1694358857807 0.46588003803207456 319
1694358857831 0.4652975546717197 320
1694358857858 0.4646863119843596 321
1694358857887 0.4641029718501447 322
1694358857913 0.463500964519474 323
1694358857938 0.4629267789944022 324
1694358857962 0.46234177105347857 325
1694358857987 0.4617536732199934 326
1694358858012 0.46115642269194956 327
1694358858037 0.46054120910625956 328
1694358858061 0.4599662415416246 329
1694358858087 0.459371299814299 330
1694358858115 0.45880360181146884 331
1694358858141 0.4582308922577544 332
1694358858166 0.4576910622265248 333
1694358858192 0.4570946893417735 334
1694358858218 0.4565166800272684 335
1694358858250 0.45596782584668955 336
1694358858276 0.45543512947545495 337
1694358858302 0.45487369440592007 338
1694358858328 0.45427805892454415 339
1694358858357 0.4536705065123128 340
1694358858381 0.453124994956266 341
1694358858411 0.45255923417606847 342
1694358858437 0.45202397880114964 343
1694358858465 0.45148488330494607 344
1694358858491 0.45094091292136695 345
1694358858517 0.4504086390746727 346
1694358858543 0.44992543578645783 347
1694358858569 0.4494005391865896 348
1694358858595 0.448882313170651 349
1694358858623 0.4483279964098362 350
1694358858649 0.44778606818825906 351
1694358858675 0.4472487224810604 352
1694358858702 0.44669207497346614 353
1694358858733 0.4461806914323011 354
1694358858759 0.4456599292999645 355
1694358858786 0.4451280399919289 356
1694358858814 0.44460335417768765 357
1694358858840 0.44407936604611686 358
1694358858889 0.4435601828217752 359
1694358858914 0.4430377431375986 360
1694358858941 0.4425028819480461 361
1694358858964 0.4420175681122494 362
1694358859021 0.44148763522109197 363
1694358859044 0.44099715083314156 364
1694358859068 0.4404936348725312 365
1694358859095 0.4399916520113822 366
1694358859120 0.43946181764139003 367
1694358859145 0.43896231857236834 368
1694358859170 0.4384698308446364 369
1694358859194 0.4379743122073891 370
1694358859218 0.4374708301418592 371
1694358859320 0.436968134083948 372
1694358859345 0.43647206935383437 373
1694358859372 0.43596619144271753 374
1694358859396 0.4354724736210259 375
1694358859422 0.4350221539445782 376
1694358859449 0.4345120424584764 377
1694358859477 0.43401149840557357 378
1694358859501 0.43353185094265845 379
1694358859525 0.4330335354269183 380
1694358859548 0.43258054899654086 381
1694358859573 0.43209018930758636 382
1694358859598 0.43160492554751195 383
1694358859623 0.43115290530577954 384
1694358859658 0.4307237371863173 385
1694358859684 0.4302322101565132 386
1694358859709 0.4297741724529394 387
1694358859740 0.4293066820998558 388
1694358859766 0.4288336037960917 389
1694358859791 0.42839700604787795 390
1694358859815 0.4279768449194068 391
1694358859841 0.427500173933346 392
1694358859865 0.42705116999357456 393
1694358859894 0.42658721642971914 394
1694358859919 0.42612180183534326 395
1694358859944 0.4256735477853474 396
1694358859970 0.4252070008480928 397
1694358860000 0.4247348465733667 398
1694358860025 0.42428108227548833 399
1694358860051 0.4238334850284634 400
1694358860075 0.4234262493259734 401
1694358860101 0.4229596513161635 402
1694358860130 0.42251427300080097 403
1694358860157 0.42209698065889206 404
1694358860182 0.4216696478709452 405
1694358860210 0.4211742556492681 406
1694358860240 0.4207371893096131 407
1694358860266 0.4202894684391113 408
1694358860291 0.4198689489889177 409
1694358860317 0.4194222691536696 410
1694358860341 0.4190112704438643 411
1694358860365 0.41858423064610706 412
1694358860394 0.4181449452040041 413
1694358860421 0.41772713838135966 414
1694358860447 0.4173082062722675 415
1694358860473 0.4168965574604793 416
1694358860498 0.41648784695473523 417
1694358860525 0.4160634298851905 418
1694358860549 0.41560189690522276 419
1694358860574 0.4151584178526747 420
1694358860599 0.41474036863298547 421
1694358860623 0.4143680455634211 422
1694358860648 0.41394607259342814 423
1694358860673 0.41353623402843454 424
1694358860697 0.4131244112284519 425
1694358860728 0.4127285509089029 426
1694358860752 0.4123494909938905 427
1694358860778 0.41191653117190546 428
1694358860803 0.41151847505099237 429
1694358860828 0.4111142431468949 430
1694358860853 0.41070879682721323 431
1694358860878 0.4103020135182285 432
1694358860927 0.4098951232557579 433
1694358860951 0.40944218840436714 434
1694358860975 0.40903102263799657 435
1694358861000 0.40861796239145737 436
1694358861055 0.408239007809852 437
1694358861077 0.407835888782006 438
1694358861102 0.40745503409567185 439
1694358861124 0.40707037213597147 440
1694358861153 0.406666945211105 441
1694358861176 0.4062528657998414 442
1694358861201 0.4058555865797662 443
1694358861230 0.40544263479445103 444
1694358861254 0.40507727700868895 445
1694358861279 0.40468739600765957 446
1694358861304 0.4043045782965463 447
1694358861333 0.4039159884215812 448
1694358861362 0.40348758894866144 449
1694358861425 0.4031095036327804 450
1694358861464 0.40271470949957344 451
1694358861491 0.40232751089840946 452
1694358861516 0.4019602818713306 453
1694358861540 0.40159686677102685 454
1694358861565 0.4012016294225929 455
1694358861592 0.4008290917514929 456
1694358861622 0.4004570177316916 457
1694358861645 0.40007744072749557 458
1694358861669 0.3997231540241348 459
1694358861692 0.39935851685310175 460
1694358861721 0.3989893028780901 461
1694358861744 0.39861921300748515 462
1694358861770 0.3982294335325274 463
1694358861794 0.3978811407418226 464
1694358861818 0.39749531218695816 465
1694358861843 0.39712355983825276 466
1694358861870 0.39675432311576747 467
1694358861896 0.39637496570342085 468
1694358861935 0.39601734243209663 469
1694358861958 0.3956837880626501 470
1694358861983 0.39531350604094123 471
1694358862006 0.3949660755386833 472
1694358862033 0.39462699900950626 473
1694358862058 0.3942572257310423 474
1694358862083 0.39390953383670185 475
1694358862112 0.39358643165469787 476
1694358862138 0.39325767929294503 477
1694358862161 0.39291391400322123 478
1694358862186 0.39254906385001165 479
1694358862210 0.3922029751074783 480
1694358862240 0.3918479701582854 481
1694358862264 0.3915017901161655 482
1694358862290 0.3911724332505447 483
1694358862316 0.39082840751306336 484
1694358862341 0.39047380478803795 485
1694358862366 0.390116380509742 486
1694358862391 0.38976673085755 487
1694358862417 0.38942017440156607 488
1694358862441 0.38908937461573495 489
1694358862465 0.38874671905642283 490
1694358862493 0.3884047021909167 491
1694358862516 0.3880829904914655 492
1694358862543 0.38775357952936007 493
1694358862566 0.3874189017453508 494
1694358862591 0.38707404767418224 495
1694358862616 0.38673806354350243 496
1694358862644 0.38639127849915345 497
1694358862668 0.3861009759123902 498
1694358862692 0.38578550334168027 499
1694358862800 0.38578550334168027 500
