1694357047005 1.9108673829053537 0
1694357047038 1.8743461219500084 1
1694357047084 1.8412938098578737 2
1694357047109 1.8098538801557738 3
1694357047133 1.7802509900275572 4
1694357047159 1.7520117032338807 5
1694357047187 1.7253580480519053 6
1694357047213 1.699991526217217 7
1694357047241 1.6753022021156192 8
1694357047264 1.6516414608094496 9
1694357047295 1.62895002480878 10
1694357047324 1.6071749950828202 11
1694357047379 1.585953872538229 12
1694357047429 1.5656270345527008 13
1694357047455 1.5460378845377594 14
1694357047482 1.5270762799908317 15
1694357047508 1.5085442196396932 16
1694357047533 1.4905136373654821 17
1694357047558 1.4730411133007366 18
1694357047582 1.4562073925137586 19
1694357047607 1.4400843957291234 20
1694357047633 1.423899966112288 21
1694357047659 1.4083508591402003 22
1694357047685 1.393272198367461 23
1694357047712 1.3784996189013319 24
1694357047737 1.3641985837476243 25
1694357047763 1.350039253789118 26
1694357047788 1.3360051034208082 27
1694357047813 1.3225112737140088 28
1694357047838 1.3093452147405291 29
1694357047864 1.2967199899190303 30
1694357047889 1.2840487694099898 31
1694357047919 1.2717081206813516 32
1694357047943 1.2597378798896186 33
1694357047973 1.2480412976993525 34
1694357047998 1.2366044242413528 35
1694357048023 1.2252208569777534 36
1694357048052 1.2142682119471497 37
1694357048097 1.2035893298125848 38
1694357048121 1.1929267231707723 39
1694357048172 1.1825800962852426 40
1694357048199 1.1724867654569024 41
1694357048227 1.1626746379380544 42
1694357048258 1.1528376732610897 43
1694357048283 1.1431348613660541 44
1694357048310 1.1336175245789533 45
1694357048335 1.1243322482037579 46
1694357048361 1.1153125748215111 47
1694357048385 1.1062885324932155 48
1694357048412 1.097645720653688 49
1694357048443 1.0891799376713756 50
1694357048470 1.080791178528874 51
1694357048498 1.0725332161351468 52
1694357048527 1.064402651602143 53
1694357048553 1.0564820135156832 54
1694357048580 1.0486540691895627 55
1694357048608 1.0410165587579752 56
1694357048636 1.0334381871002811 57
1694357048664 1.0259783721276607 58
1694357048691 1.0187291564835612 59
1694357048718 1.011612681892941 60
1694357048747 1.0045030712863545 61
1694357048777 0.997548343411974 62
1694357048804 0.9907396739634715 63
1694357048831 0.9840135683902986 64
1694357048860 0.9774340185912139 65
1694357048886 0.9709941374048506 66
1694357048919 0.9646022795086179 67
1694357048947 0.9583125203269222 68
1694357048999 0.9521799521549572 69
1694357049023 0.9461098810924374 70
1694357049051 0.9401451097173513 71
1694357049077 0.934292634760969 72
1694357049103 0.928410228798838 73
1694357049128 0.922750638493787 74
1694357049153 0.9170838057768053 75
1694357049180 0.9114610722798461 76
1694357049209 0.9060550063875622 77
1694357049237 0.9006984401006016 78
1694357049261 0.8954366596080301 79
1694357049286 0.8902762108134059 80
1694357049312 0.8852301377085545 81
1694357049338 0.8801647647913505 82
1694357049363 0.8752245898184158 83
1694357049388 0.8703263922819847 84
1694357049429 0.8654567790562067 85
1694357049520 0.8606587999862673 86
1694357049545 0.8559855873828234 87
1694357049574 0.8513786548884279 88
1694357049599 0.8467899719075543 89
1694357049629 0.8423529771246164 90
1694357049654 0.8379418454569312 91
1694357049679 0.8336049613234332 92
1694357049704 0.8293217659708295 93
1694357049730 0.825056347189883 94
1694357049756 0.8208608360216574 95
1694357049782 0.816752630488003 96
1694357049809 0.8127733986345936 97
1694357049837 0.8088201435904461 98
1694357049865 0.8048780162362543 99
1694357049890 0.8009933215307729 100
1694357049939 0.7971580627078217 101
1694357049966 0.7934299644031884 102
1694357049991 0.7896254598410679 103
1694357050017 0.7859851935596549 104
1694357050043 0.7823412906583319 105
1694357050075 0.7788306961261295 106
1694357050099 0.7752296700696749 107
1694357050125 0.7716884975680217 108
1694357050150 0.7681603341923324 109
1694357050201 0.7647620432525565 110
1694357050225 0.7613479595495605 111
1694357050250 0.7580340201703398 112
1694357050279 0.7548454336504298 113
1694357050305 0.751515777505351 114
1694357050330 0.7483205816875539 115
1694357050356 0.7452470422757449 116
1694357050381 0.7421798659525881 117
1694357050426 0.7390861687595924 118
1694357050451 0.7360173409094768 119
1694357050475 0.7330368232959533 120
1694357050501 0.7300591258640979 121
1694357050526 0.7272114330780836 122
1694357050552 0.7243478684237938 123
1694357050578 0.7215095497418825 124
1694357050604 0.7186759546968126 125
1694357050632 0.7159054190449473 126
1694357050657 0.7131667275711479 127
1694357050681 0.710450796235945 128
1694357050705 0.7078091476275207 129
1694357050730 0.7051467384741937 130
1694357050756 0.7025103847060176 131
1694357050781 0.6998943483359743 132
1694357050810 0.6973923984594094 133
1694357050835 0.6948919868419116 134
1694357050862 0.6922723283432743 135
1694357050887 0.6897885082942816 136
1694357050924 0.6873695830137841 137
1694357050949 0.684921056325058 138
1694357050976 0.6825558712702302 139
1694357051001 0.6801763732180997 140
1694357051051 0.6778448048814432 141
1694357051079 0.6755219632264972 142
1694357051105 0.6732381714124581 143
1694357051130 0.6709793517047521 144
1694357051156 0.668737772887691 145
1694357051187 0.6665351937484515 146
1694357051216 0.6643245970233455 147
1694357051246 0.6621781257994692 148
1694357051272 0.6600450362544614 149
1694357051303 0.6579182059055368 150
1694357051346 0.655869673043402 151
1694357051370 0.6538121947961028 152
1694357051396 0.6518004820201853 153
1694357051427 0.6497437197815391 154
1694357051453 0.6477440035057269 155
1694357051480 0.6457927875200852 156
1694357051506 0.6438091150939516 157
1694357051607 0.6418661942570876 158
1694357051631 0.6399258912406092 159
1694357051660 0.63805134768435 160
1694357051685 0.6361026673702336 161
1694357051712 0.63422460144072 162
1694357051737 0.6323611533226354 163
1694357051765 0.6305334257250387 164
1694357051791 0.628734283055869 165
1694357051817 0.6269327108116872 166
1694357051843 0.6251580834175638 167
1694357051869 0.6234136589196847 168
1694357051896 0.6216604271675914 169
1694357051980 0.6199611105142055 170
1694357052006 0.6182388508175438 171
1694357052034 0.6165394165476007 172
1694357052060 0.6148589136636293 173
1694357052089 0.613169626240692 174
1694357052115 0.6115239554491071 175
1694357052140 0.6098823330996863 176
1694357052165 0.6082450540121717 177
1694357052191 0.6066297201718157 178
1694357052244 0.60506595518125 179
1694357052268 0.6034768115161602 180
1694357052295 0.6019080828702313 181
1694357052324 0.6003399254398292 182
1694357052351 0.5988074467832656 183
1694357052378 0.5972506019321138 184
1694357052406 0.5957732316823237 185
1694357052438 0.5943019584342661 186
1694357052465 0.5927962744246946 187
1694357052492 0.5913275635925013 188
1694357052520 0.5898473683999454 189
1694357052546 0.5883686749150546 190
1694357052572 0.5869219941869465 191
1694357052598 0.5854935041724548 192
1694357052624 0.5840994816561242 193
1694357052650 0.5827404666574767 194
1694357052675 0.5813717362770215 195
1694357052700 0.5800609755266121 196
1694357052726 0.5787238454773156 197
1694357052752 0.577393088283044 198
1694357052777 0.5760586763063527 199
1694357052804 0.5747382971185637 200
1694357052832 0.5734721346305366 201
1694357052859 0.5721751277697931 202
1694357052884 0.5708816787630386 203
1694357052909 0.569590764214161 204
1694357052940 0.5683327482678024 205
1694357052968 0.5670853927455471 206
1694357052995 0.565827858896149 207
1694357053021 0.5646133490119905 208
1694357053074 0.563422250972699 209
1694357053100 0.5622215221183329 210
1694357053125 0.5610075987742653 211
1694357053151 0.5597671785702392 212
1694357053177 0.5585498848892172 213
1694357053204 0.5573383441717116 214
1694357053230 0.5562081007982278 215
1694357053255 0.5550733175089627 216
1694357053280 0.5539433971030071 217
1694357053304 0.5528064115512289 218
1694357053330 0.551688863435946 219
1694357053355 0.5505689779865353 220
1694357053380 0.549477173677777 221
1694357053412 0.5483999061070401 222
1694357053438 0.5473004724150362 223
1694357053463 0.5462240595013844 224
1694357053489 0.5451183817701187 225
1694357053515 0.5440725408775338 226
1694357053541 0.5430215340791756 227
1694357053567 0.5419642759621406 228
1694357053615 0.5409484312133823 229
1694357053666 0.5399450810435587 230
1694357053714 0.5388978773925694 231
1694357053738 0.5378752214446199 232
1694357053763 0.5368464347582226 233
1694357053789 0.5358363774700027 234
1694357053814 0.5348310954543346 235
1694357053839 0.5338448050044059 236
1694357053866 0.5328749809546525 237
1694357053892 0.5318891411126723 238
1694357053925 0.5309158896188018 239
1694357053952 0.5299730416461185 240
1694357053982 0.5290154876707406 241
1694357054009 0.5280657052737405 242
1694357054035 0.5271242446292478 243
1694357054062 0.5262093414671322 244
1694357054090 0.5252912579067419 245
1694357054118 0.5243119335494876 246
1694357054142 0.5233659502654117 247
1694357054167 0.5224374347403692 248
1694357054194 0.5215346329558953 249
1694357054222 0.5206416913809974 250
1694357054273 0.5197268041508225 251
1694357054297 0.5188044655292542 252
1694357054323 0.5179566206913473 253
1694357054349 0.5170538925076426 254
1694357054376 0.516181551778969 255
1694357054401 0.5153065920033979 256
1694357054431 0.5144453667397744 257
1694357054458 0.5135962769276948 258
1694357054483 0.5127411584738499 259
1694357054508 0.5118920006737281 260
1694357054534 0.5110508109785202 261
1694357054559 0.510226242962677 262
1694357054585 0.5093776801999939 263
1694357054611 0.5085292929570523 264
1694357054635 0.5077442357264352 265
1694357054660 0.5069086527359533 266
1694357054686 0.5060968021303446 267
1694357054711 0.5052743776067317 268
1694357054736 0.5044966232340228 269
1694357054761 0.5036852139139384 270
1694357054787 0.5029056447811531 271
1694357054812 0.5021080634227718 272
1694357054840 0.5013149690266436 273
1694357054867 0.500535967829536 274
1694357054894 0.49976666138071646 275
1694357054935 0.4990162560282151 276
1694357054961 0.49825672760796225 277
1694357054986 0.49747395387807664 278
1694357055012 0.49672619423447817 279
1694357055036 0.49598421880440285 280
1694357055061 0.4952540230303445 281
1694357055209 0.4945053036135884 282
1694357055234 0.49379722430653145 283
1694357055260 0.49303201019728643 284
1694357055284 0.49231488049582606 285
1694357055309 0.4915735263569121 286
1694357055334 0.4908250087334063 287
1694357055360 0.4900876099327856 288
1694357055385 0.48935326852922373 289
1694357055409 0.48866756142682893 290
1694357055438 0.4879700548818664 291
1694357055465 0.48730069102717166 292
1694357055489 0.48662730152288686 293
1694357055514 0.48594877108788387 294
1694357055539 0.48524564816498844 295
1694357055565 0.4845665390284573 296
1694357055591 0.48385710500564044 297
1694357055615 0.48320283809260334 298
1694357055642 0.48251069031410515 299
1694357055668 0.4818177386053115 300
1694357055693 0.4811459850197523 301
1694357055893 0.48049462528126125 302
1694357055923 0.47980884428725185 303
1694357055947 0.47913551475367355 304
1694357055971 0.4784723282612773 305
1694357055996 0.4777925252499407 306
1694357056021 0.47713694171419196 307
1694357056046 0.4764668687772827 308
1694357056070 0.47580938697566677 309
1694357056095 0.4751819339148119 310
1694357056120 0.4745442649532046 311
1694357056146 0.47389410737596593 312
1694357056170 0.4732400951997393 313
1694357056195 0.4726604502324013 314
1694357056220 0.4720448201082327 315
1694357056247 0.47142798152588955 316
1694357056273 0.4707946300455179 317
1694357056326 0.47020118400912647 318
1694357056352 0.46959494459059903 319
1694357056376 0.4689903399824297 320
1694357056400 0.46838287416898483 321
1694357056431 0.4677902247559511 322
1694357056556 0.4671889780820365 323
1694357056584 0.4665768756219328 324
1694357056609 0.46599060484379573 325
1694357056634 0.46541071193525074 326
1694357056661 0.46480084201947225 327
1694357056686 0.46420757049965805 328
1694357056712 0.46361513703487683 329
1694357056737 0.46306036376793747 330
1694357056760 0.46249947167700545 331
1694357056787 0.4619088280288172 332
1694357056811 0.46131558859946054 333
1694357056835 0.4607270271415601 334
1694357056859 0.4601574139637262 335
1694357057078 0.45956636043756954 336
1694357057226 0.4590191985212471 337
1694357057253 0.4584518402302624 338
1694357057281 0.4578690520653662 339
1694357057307 0.45730418389313054 340
1694357057333 0.4567205780754633 341
1694357057360 0.4561509402910314 342
1694357057387 0.4555909775470623 343
1694357057413 0.45502389128345644 344
1694357057445 0.4544919754230923 345
1694357057472 0.4539559751814915 346
1694357057498 0.4534268451248117 347
1694357057524 0.452841812612452 348
1694357057549 0.45234339114201544 349
1694357057575 0.4518205495907046 350
1694357057602 0.45130835649126366 351
1694357057628 0.45082464357612373 352
1694357057654 0.45028490688480655 353
1694357057680 0.44977405582642177 354
1694357057712 0.4492265494583624 355
1694357057738 0.4487018017941075 356
1694357057763 0.44820631762474267 357
1694357057789 0.4476966605931722 358
1694357057815 0.44721499941183623 359
1694357057927 0.446705954798056 360
1694357057955 0.4461863270358598 361
1694357057980 0.4456971708244972 362
1694357058005 0.4451928085307683 363
1694357058030 0.4446999296739525 364
1694357058056 0.4441968711945092 365
1694357058080 0.4437005349268973 366
1694357058104 0.4432043726261786 367
1694357058128 0.4426959279186834 368
1694357058156 0.4421775987657076 369
1694357058182 0.4416873786487798 370
1694357058207 0.44117652197302737 371
1694357058255 0.4406974267633393 372
1694357058280 0.4402188428544322 373
1694357058304 0.4396873655605618 374
1694357058352 0.439217894497015 375
1694357058377 0.4387190527585812 376
1694357058402 0.43825038700244384 377
1694357058430 0.4377837960747061 378
1694357058459 0.4373097943774034 379
1694357058484 0.4368052070132083 380
1694357058509 0.4363523051258694 381
1694357058534 0.4358759656672347 382
1694357058560 0.435385559400661 383
1694357058584 0.4349205665367149 384
1694357058610 0.43444869714688583 385
1694357058637 0.4339758431642881 386
1694357058662 0.4335093682921069 387
1694357058688 0.43303336152467425 388
1694357058714 0.4325653436787308 389
1694357058738 0.432112281719495 390
1694357058764 0.4316593300855764 391
1694357058788 0.4312060851198068 392
1694357058814 0.43074309426117185 393
1694357058838 0.43027056430939054 394
1694357058864 0.4298129760881199 395
1694357058889 0.4293570921025478 396
1694357058914 0.4289147713025534 397
1694357058956 0.4284361051205656 398
1694357058984 0.42796970697281417 399
1694357059010 0.4275250166211077 400
1694357059035 0.4271303301607684 401
1694357059060 0.4267077877877022 402
1694357059085 0.4262494746511488 403
1694357059110 0.42579466033478036 404
1694357059135 0.4253456338496401 405
1694357059187 0.42490953939812737 406
1694357059214 0.42448107584892786 407
1694357059241 0.4240321197150421 408
1694357059269 0.42359132089948515 409
1694357059294 0.4231543969039955 410
1694357059319 0.42271021419229177 411
1694357059345 0.4223008704888909 412
1694357059376 0.4218501528965272 413
1694357059402 0.4214366284552066 414
1694357059433 0.4210137580057915 415
1694357059459 0.42058303916726303 416
1694357059486 0.420143152439817 417
1694357059512 0.41970084454004153 418
1694357059540 0.4192691378582855 419
1694357059565 0.41886552542454925 420
1694357059591 0.41843816328492917 421
1694357059626 0.41803195057651454 422
1694357059653 0.4176119932350987 423
1694357059679 0.4172173624783716 424
1694357059707 0.41681222397132156 425
1694357059732 0.41641001949678214 426
1694357059759 0.4160147986141024 427
1694357059784 0.41560918133953845 428
1694357059812 0.4152191245884876 429
1694357059841 0.41482092604789106 430
1694357059867 0.41440089791978574 431
1694357059893 0.4140096578117471 432
1694357059982 0.413585678106851 433
1694357060026 0.4131961610053349 434
1694357060048 0.41279610241014425 435
1694357060072 0.4124117172424963 436
1694357060096 0.4120266648066129 437
1694357060123 0.4116391149377758 438
1694357060149 0.41123560575775714 439
1694357060177 0.41087411712221245 440
1694357060202 0.4104564655103345 441
1694357060226 0.41007221457954224 442
1694357060252 0.4096909655895976 443
1694357060278 0.4092858270959034 444
1694357060303 0.40889700158314396 445
1694357060326 0.4085159499641506 446
1694357060376 0.40807551051811086 447
1694357060399 0.4076693512354288 448
1694357060436 0.4072806933924751 449
1694357060463 0.4068860918389019 450
1694357060487 0.40651492049180227 451
1694357060512 0.4061174576301878 452
1694357060536 0.40575616738966164 453
1694357060564 0.40536052055977684 454
1694357060590 0.4049434902051334 455
1694357060615 0.4045491009513349 456
1694357060638 0.40418368224270484 457
1694357060662 0.4038299667900483 458
1694357060686 0.40344825105188215 459
1694357060712 0.403074661133482 460
1694357060736 0.4027247684298418 461
1694357060761 0.4023822742979888 462
1694357060786 0.40199076144138585 463
1694357060814 0.40161310150886637 464
1694357060839 0.401256528707417 465
1694357060864 0.40088587815834903 466
1694357060890 0.4005161495629878 467
1694357060920 0.400144891470269 468
1694357060947 0.3997691829213043 469
1694357060971 0.3994450077206174 470
1694357060997 0.3991077039993264 471
1694357061021 0.39875240889287705 472
1694357061047 0.39837807206548975 473
1694357061078 0.39801799340663996 474
1694357061104 0.397667085846517 475
1694357061130 0.39730944976045085 476
1694357061157 0.39697448743926883 477
1694357061185 0.3966040230518701 478
1694357061234 0.3962344156904259 479
1694357061257 0.39588678910115527 480
1694357061282 0.3955327894621819 481
1694357061307 0.39519362417950016 482
1694357061331 0.3948567461532134 483
1694357061355 0.39449670739288967 484
1694357061379 0.3941283861272205 485
1694357061411 0.3938050507375172 486
1694357061435 0.39346237022389663 487
1694357061460 0.39310582817024636 488
1694357061485 0.39276816810927734 489
1694357061511 0.39241460086471097 490
1694357061536 0.3920452003459238 491
1694357061561 0.39172776774121587 492
1694357061589 0.39137689080454047 493
1694357061616 0.39101254294577786 494
1694357061641 0.3906692427276579 495
1694357061666 0.390306377126772 496
1694357061690 0.390022771157746 497
1694357061717 0.38966071355825876 498
1694357061742 0.3893150595775681 499
1694357061852 0.3893150595775681 500
