1694243023313 1.8718036258912458 0
1694243023340 1.8050365530790935 1
1694243023373 1.7477218866589714 2
1694243023398 1.6943528501704608 3
1694243023426 1.6460855712961655 4
1694243023450 1.6014572495338066 5
1694243023489 1.560157019201406 6
1694243023514 1.5215806642320202 7
1694243023538 1.4850623809875434 8
1694243023568 1.450531922275826 9
1694243023592 1.4181320575453518 10
1694243023617 1.3874640367470987 11
1694243023642 1.3579258141403017 12
1694243023668 1.329977297528478 13
1694243023697 1.3037519197633356 14
1694243023735 1.2787110173354186 15
1694243023760 1.2543204807799684 16
1694243023789 1.23114545421766 17
1694243023821 1.2091257090459362 18
1694243023861 1.187666041499668 19
1694243023886 1.167636601167461 20
1694243023912 1.1480504674072056 21
1694243023944 1.1289193292764284 22
1694243023971 1.110957117691647 23
1694243024014 1.0936274266676371 24
1694243024047 1.0769485163671317 25
1694243024074 1.060575954780051 26
1694243024099 1.0447781489431371 27
1694243024125 1.029660393793969 28
1694243024150 1.0150962372797283 29
1694243024178 1.0010477919429277 30
1694243024205 0.987292470384591 31
1694243024231 0.9740361401440292 32
1694243024257 0.96121934899952 33
1694243024282 0.9490595608538552 34
1694243024314 0.9371974196943405 35
1694243024343 0.9256909332757154 36
1694243024372 0.9145625428846957 37
1694243024398 0.9035484905749013 38
1694243024457 0.892992926017557 39
1694243024481 0.882876555479062 40
1694243024512 0.8731183357388405 41
1694243024554 0.8637525559435599 42
1694243024593 0.8542711919996456 43
1694243024618 0.8450596159149966 44
1694243024643 0.836249577264237 45
1694243024668 0.8275867111094143 46
1694243024694 0.8193328141283533 47
1694243024723 0.8111710610907678 48
1694243024749 0.8033711858124906 49
1694243024775 0.7956803700181077 50
1694243024802 0.7882709413374555 51
1694243024833 0.7811507396920897 52
1694243024862 0.77411146450318 53
1694243024887 0.7672011702967474 54
1694243024913 0.7604432239331516 55
1694243024938 0.7538171806423227 56
1694243024963 0.7475649766501888 57
1694243025018 0.7414024090617487 58
1694243025045 0.7352191341811565 59
1694243025095 0.7293292908146847 60
1694243025157 0.7234761461395579 61
1694243025253 0.7178714761807115 62
1694243025280 0.7124104087223858 63
1694243025306 0.7069622472827418 64
1694243025332 0.7017594504898587 65
1694243025360 0.6966822322786815 66
1694243025387 0.6916239737122273 67
1694243025412 0.6867153508365262 68
1694243025437 0.6819503212128082 69
1694243025467 0.6774234276396806 70
1694243025496 0.672844085030796 71
1694243025523 0.6683773863554706 72
1694243025550 0.6640295465801628 73
1694243025581 0.6597680605928333 74
1694243025658 0.655562033468716 75
1694243025686 0.6513812978979692 76
1694243025721 0.6473487600001359 77
1694243025765 0.6434073051736269 78
1694243025793 0.6396026341139803 79
1694243025819 0.6357939422385538 80
1694243025847 0.6321128555605591 81
1694243025881 0.6284628246930248 82
1694243025910 0.6249427362958758 83
1694243025938 0.6214955970031234 84
1694243025972 0.6180119813454965 85
1694243026009 0.6146072914413346 86
1694243026037 0.6113189954075109 87
1694243026064 0.6080220306636881 88
1694243026092 0.6047281215149721 89
1694243026118 0.6016508368981357 90
1694243026163 0.5986102433850452 91
1694243026194 0.5956442835555175 92
1694243026223 0.5927524575453386 93
1694243026253 0.5899297284600827 94
1694243026284 0.5870799467855727 95
1694243026311 0.5842966569688686 96
1694243026337 0.5815792004758356 97
1694243026362 0.5788757153776465 98
1694243026395 0.5762207984784796 99
1694243026421 0.5736268437628748 100
1694243026446 0.5710299018730697 101
1694243026471 0.5685707991307536 102
1694243026510 0.5661614556287232 103
1694243026537 0.5637742221266299 104
1694243026562 0.5613743105398241 105
1694243026588 0.5590324863075702 106
1694243026615 0.5566791648940451 107
1694243026642 0.5543423630302472 108
1694243026676 0.5520913029865507 109
1694243026702 0.549892892742584 110
1694243026734 0.5477170413578921 111
1694243026761 0.5455782144995801 112
1694243026788 0.543450868751034 113
1694243026817 0.5413481930367519 114
1694243026846 0.5393324644130524 115
1694243026874 0.5373386020965951 116
1694243026899 0.5352801995375953 117
1694243026924 0.5332640603211163 118
1694243026951 0.5312943683874733 119
1694243027024 0.5294250933407901 120
1694243027070 0.5275378786021512 121
1694243027102 0.5256950524906082 122
1694243027130 0.5238592902783274 123
1694243027179 0.522069138755072 124
1694243027297 0.5202733898176074 125
1694243027324 0.518553301247284 126
1694243027352 0.5168439112073097 127
1694243027378 0.5151624900003414 128
1694243027403 0.5133769696658576 129
1694243027428 0.5117242468926511 130
1694243027452 0.510094588103569 131
1694243027483 0.5084406420660094 132
1694243027509 0.5068626270297686 133
1694243027535 0.5053307555288075 134
1694243027560 0.5037395884308604 135
1694243027584 0.5022776832325261 136
1694243027610 0.5007416495302593 137
1694243027639 0.4992693246713386 138
1694243027664 0.4977686330037804 139
1694243027691 0.49621990406639743 140
1694243027721 0.4947444554852106 141
1694243027768 0.4933124807421525 142
1694243027791 0.4918788267768986 143
1694243027817 0.49052072245236017 144
1694243027845 0.4891507476094341 145
1694243027872 0.4877813795066617 146
1694243027900 0.4864028597685465 147
1694243027925 0.4850721951861727 148
1694243027950 0.4837076994789204 149
1694243027981 0.4822963453936585 150
1694243028011 0.4809480129149986 151
1694243028040 0.4796129690073861 152
1694243028066 0.47829628603173596 153
1694243028102 0.47699129566230497 154
1694243028126 0.47573262036530617 155
1694243028154 0.47453263328468576 156
1694243028178 0.4733169976307417 157
1694243028202 0.4721516205671074 158
1694243028225 0.47097983790141695 159
1694243028250 0.46981502594114627 160
1694243028294 0.4685831399183426 161
1694243028322 0.4674779477845418 162
1694243028347 0.4662342880719636 163
1694243028381 0.4650242405233343 164
1694243028406 0.4639161299615659 165
1694243028431 0.462771616270182 166
1694243028456 0.46159160658254494 167
1694243028481 0.46042016349070786 168
1694243028516 0.4592585646648866 169
1694243028541 0.4580930822128648 170
1694243028569 0.4569897534366714 171
1694243028595 0.4558428039691061 172
1694243028622 0.4547145839627658 173
1694243028653 0.45357306696257627 174
1694243028676 0.4525262348164574 175
1694243028700 0.45143132363316785 176
1694243028725 0.45038455527547605 177
1694243028749 0.44926552464335273 178
1694243028773 0.4482267393117762 179
1694243028819 0.447210328021667 180
1694243028845 0.446161716191925 181
1694243028869 0.4451628747696284 182
1694243028894 0.44412661403277615 183
1694243028925 0.44309284364981494 184
1694243028950 0.442104116383034 185
1694243028974 0.44108560502420235 186
1694243029004 0.44014729888054155 187
1694243029029 0.4391604284134299 188
1694243029082 0.4382255294890201 189
1694243029108 0.4372677319917597 190
1694243029134 0.4363113155911552 191
1694243029161 0.4353955554710236 192
1694243029211 0.43452685699834476 193
1694243029236 0.43358108565182246 194
1694243029260 0.43265310343497243 195
1694243029286 0.4316856462619568 196
1694243029366 0.43072945645929805 197
1694243029406 0.42983281030882153 198
1694243029436 0.4289378747481306 199
1694243029464 0.42804274580775703 200
1694243029494 0.42722287904186457 201
1694243029518 0.4263541481041307 202
1694243029544 0.4255065115964062 203
1694243029572 0.4246010145720023 204
1694243029596 0.42374089033700646 205
1694243029621 0.42291504659226414 206
1694243029646 0.4220059423329028 207
1694243029673 0.42105736434591584 208
1694243029700 0.4202429415848958 209
1694243029725 0.41942133942192245 210
1694243029751 0.4185833865415839 211
1694243029787 0.41770487867450007 212
1694243029814 0.41690444298558327 213
1694243029837 0.4160561193343043 214
1694243029868 0.4152257856787548 215
1694243029899 0.4144118727235911 216
1694243029927 0.41360706351350734 217
1694243029956 0.41284666380046575 218
1694243029981 0.4120281139970007 219
1694243030009 0.4112416478448828 220
1694243030034 0.4104659518969771 221
1694243030059 0.40968261574586945 222
1694243030097 0.40891727328086797 223
1694243030124 0.40813843464925603 224
1694243030149 0.407357509666372 225
1694243030174 0.40661789253282904 226
1694243030200 0.4057992212250954 227
1694243030231 0.40498275267432554 228
1694243030255 0.40426766525760094 229
1694243030277 0.40358713418955533 230
1694243030303 0.402826222194478 231
1694243030328 0.40212436656796524 232
1694243030357 0.40143573501238117 233
1694243030385 0.4007223501117878 234
1694243030429 0.3999536876698473 235
1694243030457 0.3992350280344872 236
1694243030481 0.39850623934536017 237
1694243030514 0.39775241446742793 238
1694243030539 0.39696691228239633 239
1694243030563 0.39629246319842154 240
1694243030588 0.3955872025088944 241
1694243030618 0.3948446251721935 242
1694243030641 0.39416049933865077 243
1694243030665 0.3935187322084894 244
1694243030689 0.39285558500594203 245
1694243030715 0.39211678399518735 246
1694243030745 0.39139060082288535 247
1694243030768 0.39076718955689377 248
1694243030793 0.39011553768516694 249
1694243030817 0.38936691386364664 250
1694243030848 0.3887023078388475 251
1694243030874 0.38797542251003836 252
1694243030902 0.38734429078767574 253
1694243030937 0.38666676735349575 254
1694243030967 0.38599329126297033 255
1694243030996 0.38527986440098544 256
1694243031020 0.38453752911326394 257
1694243031045 0.3838936463072528 258
1694243031074 0.38329783981067644 259
1694243031124 0.38266592468502286 260
1694243031148 0.3820104554716894 261
1694243031171 0.3813704302684747 262
1694243031196 0.3807550860336137 263
1694243031248 0.3801151749701169 264
1694243031272 0.3794686463323448 265
1694243031298 0.3787936993496938 266
1694243031322 0.37821716875106953 267
1694243031351 0.37753504573282776 268
1694243031376 0.37687946572709274 269
1694243031488 0.3762076308937604 270
1694243031523 0.3755878008802332 271
1694243031563 0.3749729852291331 272
1694243031587 0.3743498745310172 273
1694243031612 0.37371478998175883 274
1694243031636 0.37314412863239943 275
1694243031660 0.37259104685628275 276
1694243031692 0.3719500636475441 277
1694243031717 0.37132711567949617 278
1694243031740 0.37075624438799865 279
1694243031765 0.3701402339933546 280
1694243031789 0.3694884545080659 281
1694243031828 0.36884677645207836 282
1694243031852 0.36827314845707104 283
1694243031876 0.36770798359750934 284
1694243031902 0.3670452887941211 285
1694243031926 0.36650181212860156 286
1694243031971 0.3658796002029856 287
1694243032013 0.3652672831925659 288
1694243032037 0.3646787781570929 289
1694243032061 0.36406807128535223 290
1694243032086 0.3635251564577185 291
1694243032114 0.36297556405440856 292
1694243032140 0.3623709039535414 293
1694243032163 0.36182148900192224 294
1694243032188 0.36125013614391055 295
1694243032213 0.36069906362374216 296
1694243032243 0.36007626102650125 297
1694243032267 0.3595603534204737 298
1694243032294 0.35900524560422764 299
1694243032319 0.35839725585480336 300
1694243032342 0.35791115891282643 301
1694243032371 0.3573238583249005 302
1694243032398 0.3567063113158249 303
1694243032422 0.35614662972164074 304
1694243032447 0.35557730593024683 305
1694243032471 0.35504859534084615 306
1694243032506 0.3544673387975658 307
1694243032534 0.35390709902910783 308
1694243032570 0.35331365779578094 309
1694243032594 0.3527590843318548 310
1694243032623 0.3521867271635688 311
1694243032647 0.35166681533909117 312
1694243032670 0.3511443601043758 313
1694243032694 0.35065611721110757 314
1694243032720 0.35014715195945306 315
1694243032746 0.34962714722633187 316
1694243032771 0.3491169860259096 317
1694243032796 0.34854140028488645 318
1694243032820 0.3480608706690886 319
1694243032850 0.3475476424740292 320
1694243032874 0.34704697405876056 321
1694243032898 0.3464829964045126 322
1694243032923 0.34594150170195764 323
1694243032951 0.34535006169766164 324
1694243032978 0.3448198333363035 325
1694243033006 0.344307475948445 326
1694243033038 0.3437358950488499 327
1694243033065 0.3431978284549389 328
1694243033099 0.3426249287758163 329
1694243033152 0.3421311574613824 330
1694243033176 0.34156035952165176 331
1694243033201 0.3410221682368625 332
1694243033225 0.3405118381649698 333
1694243033276 0.33998278242781815 334
1694243033300 0.3394434100210443 335
1694243033325 0.33889126975876255 336
1694243033350 0.33838416093041307 337
1694243033378 0.33787661564776195 338
1694243033406 0.33739104406367465 339
1694243033430 0.3369196706781055 340
1694243033455 0.3363705074071452 341
1694243033553 0.3358748022428511 342
1694243033578 0.33539891291428253 343
1694243033619 0.33490956589380094 344
1694243033644 0.33444327230023535 345
1694243033671 0.33406643709024514 346
1694243033694 0.3335923995184253 347
1694243033718 0.33308878949088083 348
1694243033742 0.3326290706154015 349
1694243033767 0.33217827942760986 350
1694243033796 0.3316738341443311 351
1694243033820 0.331195220740931 352
1694243033855 0.3307257801076463 353
1694243033884 0.3302188884851272 354
1694243033913 0.32970001393381826 355
1694243033937 0.3292223408907508 356
1694243033960 0.328759533715241 357
1694243033987 0.32825976844868376 358
1694243034013 0.32778656594478384 359
1694243034042 0.32732373231822076 360
1694243034067 0.326838201119016 361
1694243034099 0.32642944708657623 362
1694243034122 0.3259247506257122 363
1694243034171 0.32543110099471634 364
1694243034196 0.3249763622844959 365
1694243034222 0.3244819868756619 366
1694243034246 0.32405377283952513 367
1694243034270 0.32362936130428166 368
1694243034297 0.3232167905914526 369
1694243034321 0.32284872320406044 370
1694243034347 0.3223819270793399 371
1694243034373 0.3219507654762399 372
1694243034397 0.32155968096087595 373
1694243034427 0.3210894526209411 374
1694243034452 0.32069162495238074 375
1694243034475 0.3202885584897645 376
1694243034506 0.3198058026947671 377
1694243034531 0.31934298860282484 378
1694243034562 0.31889322549653193 379
1694243034586 0.3184342859677681 380
1694243034614 0.3180449378074555 381
1694243034641 0.31759393422442384 382
1694243034665 0.3171309768521627 383
1694243034700 0.31670759618636285 384
1694243034724 0.31626852949322887 385
1694243034748 0.3158641518991786 386
1694243034773 0.3153694843642206 387
1694243034798 0.31493909164601824 388
1694243034822 0.3145539723484881 389
1694243034852 0.31413827344200834 390
1694243034877 0.3137016719258936 391
1694243034902 0.3132779863379706 392
1694243034926 0.31289525592240114 393
1694243034957 0.31247897984132317 394
1694243034985 0.31204598347964696 395
1694243035011 0.31160245497410843 396
1694243035035 0.3111765422353755 397
1694243035059 0.31074034774320025 398
1694243035087 0.3103558083360612 399
1694243035115 0.30988577559610236 400
1694243035141 0.30951755076606235 401
1694243035196 0.309098888684044 402
1694243035220 0.30875784507342396 403
1694243035251 0.30832320110910943 404
1694243035278 0.30784339312842574 405
1694243035327 0.30739596893878757 406
1694243035350 0.30701338906826736 407
1694243035376 0.3065768060191732 408
1694243035400 0.3061782919002449 409
1694243035425 0.30579358473160784 410
1694243035454 0.3053819472003069 411
1694243035480 0.3049423596999011 412
1694243035510 0.30450143674226254 413
1694243035607 0.30414879342257317 414
1694243035630 0.3037700630727875 415
1694243035657 0.30338395171082577 416
1694243035684 0.30293359211919435 417
1694243035709 0.30252824935753164 418
1694243035736 0.3021201812092444 419
1694243035775 0.30171790724049213 420
1694243035800 0.30128553224376065 421
1694243035825 0.300890354543832 422
1694243035861 0.3004793458525679 423
1694243035885 0.30007663190358463 424
1694243035913 0.2997175871059555 425
1694243035937 0.2992702377149489 426
1694243035962 0.2988727253438412 427
1694243035994 0.2984396465649518 428
1694243036019 0.2980912990389516 429
1694243036042 0.2977606400512693 430
1694243036067 0.29736570091738074 431
1694243036097 0.29699543711271453 432
1694243036122 0.29657674008126317 433
1694243036156 0.29616858099633336 434
1694243036190 0.29576301256798504 435
1694243036219 0.29537071916347696 436
1694243036247 0.29499023670907015 437
1694243036273 0.29461823796843467 438
1694243036309 0.294230487871297 439
1694243036331 0.2938449543464976 440
1694243036356 0.29348026155622914 441
1694243036385 0.2931227869633639 442
1694243036408 0.29275780060659845 443
1694243036432 0.2923471512008364 444
1694243036459 0.29201927673870676 445
1694243036489 0.2916726562696213 446
1694243036514 0.2913091874937587 447
1694243036538 0.290922628057956 448
1694243036564 0.29056060857110044 449
1694243036588 0.2901810053582183 450
1694243036616 0.2898059190068652 451
1694243036640 0.2894013964306822 452
1694243036665 0.28904634706841087 453
1694243036692 0.2887196544867032 454
1694243036716 0.2883312200137445 455
1694243036746 0.2879328009437366 456
1694243036770 0.28757365389209844 457
1694243036796 0.2871997442046305 458
1694243036819 0.2868209850418018 459
1694243036851 0.2864331555016058 460
1694243036878 0.28607418571369597 461
1694243036904 0.28571912657406184 462
1694243036930 0.28533807782463644 463
1694243036956 0.28495377746972406 464
1694243036985 0.2846084463573396 465
1694243037012 0.2842412114933789 466
1694243037040 0.2838955932536327 467
1694243037063 0.2835423092672285 468
1694243037087 0.28320488793956494 469
1694243037110 0.28287521162427026 470
1694243037136 0.2825291960791682 471
1694243037165 0.2821599979134045 472
1694243037217 0.28180766563667353 473
1694243037241 0.2814604575695872 474
1694243037268 0.28110693970564493 475
1694243037299 0.28076290566562384 476
1694243037346 0.2804331112814335 477
1694243037386 0.28006054300657374 478
1694243037414 0.2796837366027835 479
1694243037436 0.27937896839483006 480
1694243037460 0.27901192391627905 481
1694243037488 0.27870338669237865 482
1694243037512 0.2783462496004917 483
1694243037540 0.278014730373936 484
1694243037566 0.27765194325744497 485
1694243037590 0.277305411360121 486
1694243037621 0.27692198116433553 487
1694243037653 0.27659968160130355 488
1694243037699 0.2762387615784195 489
1694243037732 0.27585123455367955 490
1694243037826 0.2754639683965462 491
1694243037849 0.2751230927708803 492
1694243037885 0.27480363323096924 493
1694243037920 0.27445926473261967 494
1694243037942 0.2741535480310865 495
1694243037968 0.27381411506104836 496
1694243038015 0.2734826778528038 497
1694243038093 0.27313192963523963 498
1694243038115 0.27280513725243577 499
1694243038145 0.2724598433263259 500
1694243038170 0.2720693499466288 501
1694243038195 0.2717490604315708 502
1694243038220 0.271410404445262 503
1694243038244 0.2710434787489177 504
1694243038271 0.2707124209867832 505
1694243038294 0.27035302946909195 506
1694243038318 0.2700043479538976 507
1694243038346 0.26967258876294053 508
1694243038378 0.26931329231046686 509
1694243038403 0.26896183952124614 510
1694243038435 0.2686257567476918 511
1694243038458 0.2682729382778646 512
1694243038490 0.26794861177308144 513
1694243038514 0.26767274011827547 514
1694243038538 0.267363989815043 515
1694243038563 0.267098614658285 516
1694243038589 0.2667704758497156 517
1694243038614 0.2664570865654911 518
1694243038642 0.2661347635169718 519
1694243038671 0.2658008658969565 520
1694243038697 0.26547061000633015 521
1694243038721 0.26513314341579336 522
1694243038746 0.26480288259255186 523
1694243038774 0.26449639130306135 524
1694243038799 0.26418656220425213 525
1694243038824 0.26390452420850574 526
1694243038850 0.26359206598095647 527
1694243038878 0.2632729934695234 528
1694243038905 0.2630062953596278 529
1694243038929 0.2626989349949383 530
1694243038954 0.26238080700719185 531
1694243038992 0.2621145480913402 532
1694243039017 0.2617821199067364 533
1694243039046 0.26146391942170544 534
1694243039070 0.2611045937755951 535
1694243039093 0.2608390334621792 536
1694243039117 0.26057752915638366 537
1694243039141 0.2603308515028231 538
1694243039174 0.26002645413938374 539
1694243039201 0.25970666319537516 540
1694243039224 0.2593839996388892 541
1694243039271 0.2591148364796798 542
1694243039300 0.2587648827788935 543
1694243039324 0.25847849693615527 544
1694243039346 0.25818054774901594 545
1694243039399 0.2578782249530327 546
1694243039428 0.25760153799274704 547
1694243039453 0.25731759223068545 548
1694243039484 0.2569684634921042 549
1694243039523 0.25668158437232796 550
1694243039544 0.25640733840069335 551
1694243039567 0.25613003784861754 552
1694243039592 0.2558705906999311 553
1694243039620 0.2555888408825269 554
1694243039650 0.2553088768254383 555
1694243039675 0.2549665625122788 556
1694243039699 0.2546681979429516 557
1694243039722 0.25438085293355206 558
1694243039836 0.25409103206947725 559
1694243039861 0.2538030742508729 560
1694243039904 0.25350495816283036 561
1694243039935 0.2532205780868089 562
1694243039960 0.25292505755241784 563
1694243039984 0.25264711075122337 564
1694243040020 0.25234051859334294 565
1694243040065 0.2520062107121115 566
1694243040091 0.25171991138058175 567
1694243040115 0.251401311594147 568
1694243040139 0.25111914473422214 569
1694243040164 0.25079227467329274 570
1694243040191 0.2504922523139247 571
1694243040227 0.25018658477229644 572
1694243040250 0.2498875226776198 573
1694243040272 0.24960606082020315 574
1694243040296 0.24932661175704424 575
1694243040320 0.2490386721020134 576
1694243040348 0.24871678040391557 577
1694243040374 0.24844626768432043 578
1694243040400 0.24815635956611556 579
1694243040424 0.24787045951903583 580
1694243040453 0.24755684120805838 581
1694243040480 0.24730109528556407 582
1694243040509 0.2469995409004043 583
1694243040534 0.24670591654080617 584
1694243040560 0.24640046127631482 585
1694243040605 0.24612585400345083 586
1694243040629 0.2458628082712087 587
1694243040653 0.2455515816630496 588
1694243040678 0.24527660928409278 589
1694243040703 0.24498510801789317 590
1694243040730 0.24470270996743765 591
1694243040754 0.2444109850875683 592
1694243040778 0.24414177576168447 593
1694243040802 0.2438739823520254 594
1694243040831 0.24356124203365945 595
1694243040855 0.24329635230465138 596
1694243040882 0.2430492988496966 597
1694243040907 0.2427812331399631 598
1694243040933 0.24250389816142406 599
1694243040960 0.2422465929532584 600
1694243040992 0.24194287325032537 601
1694243041024 0.24165054072612516 602
1694243041051 0.24139071039508234 603
1694243041082 0.24114008952472096 604
1694243041107 0.24088300198426998 605
1694243041158 0.24061941135344223 606
1694243041183 0.24032829537836148 607
1694243041208 0.24008278694974705 608
1694243041235 0.23979012673732467 609
1694243041261 0.23951392095522586 610
1694243041308 0.23919799431336472 611
1694243041332 0.23890449887776913 612
1694243041354 0.2386216089322333 613
1694243041380 0.23830119979092246 614
1694243041429 0.2380426606743215 615
1694243041452 0.2377912896702405 616
1694243041476 0.23752849025133566 617
1694243041511 0.23725503008468163 618
1694243041548 0.23702878613655304 619
1694243041570 0.23678541972873457 620
1694243041616 0.23652192774626207 621
1694243041729 0.23626922035607148 622
1694243042026 0.2359993454765749 623
1694243042054 0.23572690327334578 624
1694243042087 0.23547310235639335 625
1694243042114 0.235237604335291 626
1694243042137 0.23495674303171823 627
1694243042160 0.23469822369872498 628
1694243042184 0.23441268228010012 629
1694243042216 0.23412640802985582 630
1694243042241 0.23385432868803463 631
1694243042265 0.23357955362015972 632
1694243042290 0.23331256161649175 633
1694243042313 0.23305351302314922 634
1694243042335 0.2328307259029383 635
1694243042364 0.23259509268258804 636
1694243042391 0.23235856419039752 637
1694243042417 0.23212554553050882 638
1694243042440 0.23184887505353433 639
1694243042468 0.23161294021370424 640
1694243042495 0.2313412887829139 641
1694243042519 0.23104649907258848 642
1694243042543 0.23076134052838485 643
1694243042570 0.23047712688712538 644
1694243042599 0.23020992982312222 645
1694243042625 0.22992912065812973 646
1694243042649 0.2296880353701094 647
1694243042674 0.22939666045942417 648
1694243042702 0.22911218941601122 649
1694243042726 0.22883751580405443 650
1694243042763 0.2285713193559675 651
1694243042788 0.22832670716384917 652
1694243042813 0.22805736500111734 653
1694243042840 0.2278059250756613 654
1694243042866 0.22755228397495061 655
1694243042891 0.22731073597030482 656
1694243042922 0.22706312071828155 657
1694243042946 0.22681577713311668 658
1694243042976 0.22654792154159184 659
1694243043005 0.2263048075709468 660
1694243043031 0.226044663982921 661
1694243043055 0.2257999160841692 662
1694243043093 0.22554106964734474 663
1694243043121 0.2253072582007073 664
1694243043146 0.22505507775569197 665
1694243043169 0.22479720342666726 666
1694243043193 0.22455416299426817 667
1694243043221 0.22431906089434595 668
1694243043248 0.22407536327535268 669
1694243043271 0.223800506067921 670
1694243043326 0.22355704823254993 671
1694243043348 0.2233358115059697 672
1694243043376 0.2230895491325391 673
1694243043403 0.2228831729112886 674
1694243043451 0.22263203520798966 675
1694243043472 0.22239132031401984 676
1694243043502 0.22214434551003276 677
1694243043533 0.22189605669747203 678
1694243043557 0.2216584109427009 679
1694243043580 0.22142552186152303 680
1694243043602 0.22117556227630314 681
1694243043633 0.22093182045196696 682
1694243043659 0.22071088119815216 683
1694243043684 0.22048686926304245 684
1694243043707 0.22023591736150006 685
1694243043731 0.2199792268758492 686
1694243043760 0.21972870859965907 687
1694243043784 0.21949476254576195 688
1694243043809 0.21925878982843885 689
1694243043841 0.21899285287073833 690
1694243043867 0.21873573207005328 691
1694243043890 0.2185053783119224 692
1694243043914 0.2182823483974798 693
1694243043941 0.21802824341299915 694
1694243043967 0.2177880608759316 695
1694243044069 0.21754991866030568 696
1694243044093 0.21731141769106035 697
1694243044131 0.21709443572380693 698
1694243044158 0.21686680420343868 699
1694243044181 0.21662417087779232 700
1694243044206 0.21639899056597023 701
1694243044232 0.21618407966949216 702
1694243044261 0.2159497831218451 703
1694243044283 0.21573459647801105 704
1694243044307 0.2155155227047998 705
1694243044330 0.21527791838024385 706
1694243044368 0.2150556555146501 707
1694243044390 0.21481228875924469 708
1694243044419 0.21460797172385399 709
1694243044444 0.21437760840168651 710
1694243044467 0.2141574294579433 711
1694243044495 0.2139278931445672 712
1694243044519 0.21368066219139492 713
1694243044547 0.21344226345945932 714
1694243044569 0.21321607722010263 715
1694243044594 0.21298749647786863 716
1694243044618 0.2127604590673199 717
1694243044644 0.21251852137128222 718
1694243044672 0.21227751936699593 719
1694243044698 0.21201327621134597 720
1694243044722 0.21177125141212533 721
1694243044747 0.2115292972181415 722
1694243044772 0.2113246867061012 723
1694243044797 0.21112620240548746 724
1694243044824 0.21091710576725467 725
1694243044852 0.2106763327160113 726
1694243044875 0.21043296119787724 727
1694243044906 0.21019816387719595 728
1694243044932 0.20995534076779981 729
1694243044958 0.20971504799528876 730
1694243044988 0.20948196050256185 731
1694243045012 0.2092532065247551 732
1694243045035 0.20901027288616672 733
1694243045062 0.2087735438359337 734
1694243045087 0.20853513069165333 735
1694243045112 0.20829949703979597 736
1694243045138 0.20809868323675038 737
1694243045165 0.2078622462709127 738
1694243045188 0.20762156048810984 739
1694243045212 0.2073739307817916 740
1694243045239 0.20714115653671702 741
1694243045263 0.20692363371313272 742
1694243045294 0.20667707244020717 743
1694243045318 0.20650008549397506 744
1694243045354 0.20628150649967253 745
1694243045390 0.20606234968983161 746
1694243045420 0.20583848614910785 747
1694243045489 0.20562439486730202 748
1694243045520 0.20541438775329401 749
1694243045544 0.20516233545126475 750
1694243045573 0.2049632225877032 751
1694243045597 0.20473420660705313 752
1694243045620 0.20453366938435258 753
1694243045644 0.2043368487090681 754
1694243045669 0.20411424579043486 755
1694243045693 0.20391121368697165 756
1694243045721 0.2036833446901056 757
1694243045788 0.20349381924739546 758
1694243045812 0.20329847641377627 759
1694243045842 0.20308879593321785 760
1694243045869 0.20286010735399748 761
1694243045893 0.20264189296848112 762
1694243045917 0.20245595003985448 763
1694243045941 0.20224698712157121 764
1694243045968 0.20205075229363334 765
1694243046014 0.2018377756622789 766
1694243046037 0.20164270453660596 767
1694243046061 0.20144097606110928 768
1694243046094 0.20122069266640547 769
1694243046122 0.20104717211313294 770
1694243046152 0.20082337196411149 771
1694243046255 0.20060750525172094 772
1694243046286 0.200374680181272 773
1694243046309 0.2001389486636692 774
1694243046336 0.19992446742400447 775
1694243046361 0.1997186277261444 776
1694243046386 0.19949899489984502 777
1694243046410 0.19928356443599593 778
1694243046434 0.19909218673911225 779
1694243046460 0.19883803720297974 780
1694243046486 0.19865298273014895 781
1694243046535 0.19844676559473423 782
1694243046558 0.19824044821214176 783
1694243046585 0.19804088267141287 784
1694243046612 0.19786084134505166 785
1694243046636 0.19765772414227145 786
1694243046660 0.197457284894586 787
1694243046683 0.1972611076254452 788
1694243046707 0.19705761808732278 789
1694243046736 0.19684666289472677 790
1694243046759 0.19664198865868884 791
1694243046783 0.19644944486141694 792
1694243046813 0.19625223720782123 793
1694243046838 0.19603583880713357 794
1694243046869 0.19582491776360278 795
1694243046893 0.1956340906208819 796
1694243046917 0.195445909512066 797
1694243046944 0.19522754244823465 798
1694243046972 0.19501229821897664 799
1694243047005 0.1948125849681034 800
1694243047029 0.19459172966395694 801
1694243047053 0.1943783337818571 802
1694243047085 0.194166309993864 803
1694243047108 0.19397137599479203 804
1694243047135 0.19378409295139212 805
1694243047159 0.1935844734394717 806
1694243047182 0.1933716582069392 807
1694243047206 0.1931626900016528 808
1694243047230 0.19297334271599684 809
1694243047256 0.19277323212456127 810
1694243047283 0.19254074257173215 811
1694243047307 0.192331067301002 812
1694243047335 0.192130105456828 813
1694243047357 0.19194246753869426 814
1694243047406 0.19172854113413323 815
1694243047429 0.19153392760974744 816
1694243047452 0.19137630828212668 817
1694243047474 0.1911984017121785 818
1694243047528 0.1910023724222913 819
1694243047550 0.1908067201054744 820
1694243047574 0.19061267408452703 821
1694243047607 0.19042254043581186 822
1694243047635 0.19024012401160656 823
1694243047660 0.19003099132988097 824
1694243047694 0.18986575279115678 825
1694243047721 0.18968346709531533 826
1694243047749 0.18950361758999942 827
1694243047773 0.18930684244684623 828
1694243047810 0.18909155601435043 829
1694243047836 0.1888696203917411 830
1694243047860 0.1886851691358923 831
1694243047891 0.1885056552782367 832
1694243047916 0.18828519295630827 833
1694243047941 0.18808557592298036 834
1694243047966 0.1878957862959954 835
1694243047995 0.18771208868558478 836
1694243048034 0.18750180503340588 837
1694243048056 0.18733768940718665 838
1694243048082 0.18715633955105865 839
1694243048105 0.18696300054038045 840
1694243048140 0.18677799022737337 841
1694243048184 0.18658444553950704 842
1694243048218 0.18639435273012575 843
1694243048313 0.18619353178575238 844
1694243048336 0.18600644156378987 845
1694243048362 0.18582050162988453 846
1694243048386 0.18562899085158657 847
1694243048412 0.18544998303043975 848
1694243048441 0.18525643300228395 849
1694243048466 0.18508173009392198 850
1694243048490 0.1848734859114692 851
1694243048514 0.1846848023746052 852
1694243048537 0.18450408788831973 853
1694243048564 0.1843148571035796 854
1694243048600 0.18411238239326275 855
1694243048634 0.18393266148819595 856
1694243048657 0.1837270961853564 857
1694243048694 0.18353843012335247 858
1694243048718 0.18337539936172234 859
1694243048743 0.18317985777373658 860
1694243048766 0.18301263623309946 861
1694243048795 0.18282246573584934 862
1694243048820 0.182650879420936 863
1694243048846 0.18245717838230582 864
1694243048871 0.18228164894397084 865
1694243048901 0.18210674243790148 866
1694243048924 0.18195926395144466 867
1694243048952 0.1817731508678877 868
1694243048978 0.1816060629936039 869
1694243049015 0.18143923470374165 870
1694243049050 0.1812359254283836 871
1694243049085 0.18106780274194367 872
1694243049111 0.18089782507631827 873
1694243049135 0.18071024107609965 874
1694243049161 0.18053810246960203 875
1694243049184 0.18034690340709553 876
1694243049215 0.18016315767437657 877
1694243049239 0.17998596392968086 878
1694243049265 0.17982029201479635 879
1694243049291 0.1796467529466078 880
1694243049313 0.17944415016206647 881
1694243049334 0.17928408966513823 882
1694243049358 0.1791284939243556 883
1694243049399 0.1789592108006966 884
1694243049453 0.17877827904151258 885
1694243049494 0.17861795618162402 886
1694243049532 0.1784468955538519 887
1694243049579 0.17826568037512522 888
1694243049602 0.17811284231244967 889
1694243049629 0.17792248433208072 890
1694243049653 0.17774097300233083 891
1694243049677 0.17754725543630137 892
1694243049699 0.17737751879743155 893
1694243049724 0.17721568731838938 894
1694243049760 0.1770580219134377 895
1694243049794 0.1768638365868859 896
1694243049836 0.17666125494594928 897
1694243049871 0.1764700906863056 898
1694243049902 0.17629170044701972 899
1694243049926 0.1761203857121963 900
1694243049950 0.17596435336520724 901
1694243049975 0.1757887818196625 902
1694243050003 0.1756001010748228 903
1694243050026 0.1754357552473559 904
1694243050067 0.175259685943394 905
1694243050090 0.17507546974367055 906
1694243050113 0.17490454017618867 907
1694243050137 0.1747238827947979 908
1694243050160 0.17454165030293392 909
1694243050199 0.17435273763204936 910
1694243050223 0.17416906883937505 911
1694243050247 0.1739855976315062 912
1694243050279 0.1738069372037849 913
1694243050310 0.1736357982511059 914
1694243050335 0.17343813948403883 915
1694243050364 0.17326477300059853 916
1694243050410 0.17305160590623825 917
1694243050442 0.17289297205980128 918
1694243050505 0.17270950792076428 919
1694243050552 0.17252750253287943 920
1694243050581 0.17238092794285342 921
1694243050604 0.17221461354067563 922
1694243050629 0.1720315327143094 923
1694243050652 0.17184212794505932 924
1694243050681 0.17168449269799774 925
1694243050705 0.17152816253578365 926
1694243050730 0.1713643985536241 927
1694243050754 0.17117540039593793 928
1694243050782 0.1710003403820442 929
1694243050813 0.17082800842482015 930
1694243050838 0.1706564881882321 931
1694243050860 0.17049341934017617 932
1694243050886 0.17032029027400056 933
1694243050911 0.17012937949004622 934
1694243050941 0.1699657440596225 935
1694243050964 0.16979840234286445 936
1694243051149 0.16962689371898854 937
1694243051205 0.16945663552495008 938
1694243051228 0.16929407097986768 939
1694243051251 0.16913429621521256 940
1694243051279 0.16898855025292908 941
1694243051304 0.16881170923000124 942
1694243051329 0.1686479041891643 943
1694243051362 0.16849209911671237 944
1694243051391 0.16830758204147428 945
1694243051415 0.1681404096543509 946
1694243051439 0.16796637632992872 947
1694243051487 0.1678194544921304 948
1694243051512 0.16764380338778043 949
1694243051547 0.16747968090309037 950
1694243051595 0.16730656489705165 951
1694243051624 0.16715374458590507 952
1694243051647 0.16699161810372018 953
1694243051851 0.17032029027400056 954
