1694338424898 1.9110737750511635 0
1694338425758 1.8744299169026646 1
1694338427023 1.841571881589343 2
1694338428191 1.8099558342036932 3
1694338429137 1.7803085926992104 4
1694338430771 1.752261784735173 5
1694338432128 1.7254122122273436 6
1694338432499 1.699941514831035 7
1694338433444 1.675339338224722 8
1694338434506 1.6516251761332177 9
1694338435330 1.6288789110515 10
1694338436143 1.6070422368481196 11
1694338436928 1.5857869743157909 12
1694338438139 1.5653826456693032 13
1694338439297 1.5457332935638408 14
1694338439955 1.5267389870915224 15
1694338441015 1.5080347296819185 16
1694338441918 1.4901156306292003 17
1694338442582 1.4727385910414323 18
1694338443388 1.4557310099367011 19
1694338443962 1.4395554408650757 20
1694338444907 1.4233418051685431 21
1694338446050 1.4077319231667227 22
1694338446369 1.3927205069251518 23
1694338446892 1.3778810268977963 24
1694338447890 1.363464624542628 25
1694338448748 1.3493235150227207 26
1694338449143 1.3353564253672225 27
1694338449354 1.3217511881053343 28
1694338450107 1.308551880137504 29
1694338450936 1.2958677377130816 30
1694338452213 1.283311015861361 31
1694338452704 1.2709762235074749 32
1694338452889 1.2589524445390983 33
1694338453949 1.2472622066011696 34
1694338453978 1.2358027899143587 35
1694338454002 1.2243951550580163 36
1694338454034 1.213455495382681 37
1694338454196 1.2026996720329552 38
1694338454224 1.1921420723628149 39
1694338454251 1.1818871322658058 40
1694338454279 1.1716894029480385 41
1694338454305 1.1619335442975298 42
1694338454330 1.1521772361295612 43
1694338454361 1.1425638718989106 44
1694338454391 1.1331711420571853 45
1694338454421 1.1238516978112691 46
1694338454449 1.1149037590858832 47
1694338454476 1.1058724478256556 48
1694338454502 1.097238797208409 49
1694338454532 1.08873854795698 50
1694338454557 1.0803615638730866 51
1694338454588 1.0721154450132409 52
1694338454656 1.0639776332716417 53
1694338454712 1.0561128800194641 54
1694338454740 1.0482993667044376 55
1694338454767 1.0406183269893365 56
1694338454798 1.033068657377852 57
1694338454825 1.0255668727052343 58
1694338454979 1.0183064574037377 59
1694338455103 1.0112056608844493 60
1694338455132 1.0040976386936218 61
1694338455160 0.997178719228882 62
1694338455184 0.9904118878701443 63
1694338455218 0.9835838499861753 64
1694338455247 0.9770603182279118 65
1694338455273 0.9706450496955894 66
1694338455303 0.9643001177286 67
1694338455327 0.9580591615175468 68
1694338455353 0.9518460631493559 69
1694338455383 0.945807039221162 70
1694338455408 0.9398874736814012 71
1694338455434 0.9340185962488573 72
1694338455460 0.928261372317287 73
1694338455486 0.9225072479184373 74
1694338455518 0.9168140144040207 75
1694338455581 0.9112155846774052 76
1694338455607 0.9058474938312516 77
1694338455634 0.9004996639216953 78
1694338455663 0.8951956485546013 79
1694338455690 0.8900272653363185 80
1694338455732 0.884943769119168 81
1694338455758 0.8799453062001745 82
1694338455784 0.8749359093652499 83
1694338455811 0.8700605467571023 84
1694338455841 0.8652682682537376 85
1694338455871 0.8604604253929683 86
1694338455899 0.8558118065820982 87
1694338455925 0.8512178640810776 88
1694338455965 0.846694521988028 89
1694338456013 0.8422413233784191 90
1694338456109 0.8378488807732724 91
1694338456134 0.8335792239434069 92
1694338456165 0.829332910094679 93
1694338456191 0.8251526739204851 94
1694338456219 0.8209534495424943 95
1694338456245 0.8168426077077846 96
1694338456272 0.8128792198176493 97
1694338456300 0.8089543829650915 98
1694338456327 0.8050386383220363 99
1694338456352 0.8012003226208656 100
1694338456383 0.7973748246313236 101
1694338456412 0.7936435579675368 102
1694338456438 0.789899359053554 103
1694338456463 0.7862241246594325 104
1694338456489 0.7825911664248764 105
1694338456516 0.779067348678767 106
1694338456543 0.7755533502795957 107
1694338456570 0.771988171739234 108
1694338456595 0.7685120734276727 109
1694338456622 0.7651131451001544 110
1694338456658 0.7616656998052477 111
1694338456683 0.7583607137531477 112
1694338456711 0.7551895130740699 113
1694338456754 0.7519624117291397 114
1694338456783 0.7487964597206801 115
1694338456808 0.7456740931486538 116
1694338456846 0.7426343217006104 117
1694338456878 0.7395110791140143 118
1694338456905 0.7365027838578582 119
1694338456930 0.7335258283538536 120
1694338456959 0.7305139041581361 121
1694338456989 0.7276032012820889 122
1694338457014 0.7247172237926855 123
1694338457041 0.7218664909312169 124
1694338457066 0.7190220890738251 125
1694338457094 0.7162449133220544 126
1694338457145 0.7134574662704715 127
1694338457172 0.7107814867104986 128
1694338457198 0.7081414009575715 129
1694338457224 0.7055096462722509 130
1694338457250 0.7028831562753877 131
1694338457280 0.700237123628649 132
1694338457306 0.6977471265804644 133
1694338457333 0.6952093629537656 134
1694338457364 0.692636078150345 135
1694338457393 0.6901744317961231 136
1694338457418 0.6877290241163193 137
1694338457444 0.6852319806438159 138
1694338457469 0.6828453867530927 139
1694338457495 0.6804986889327024 140
1694338457522 0.6781571047410389 141
1694338457549 0.6758483491454766 142
1694338457575 0.6735825524668413 143
1694338457637 0.6713511016310049 144
1694338457663 0.6691204755486685 145
1694338457692 0.6669479448206364 146
1694338457722 0.6647400277491244 147
1694338457747 0.6625733845018434 148
1694338457790 0.6604215817115394 149
1694338457817 0.6583347282698744 150
1694338457844 0.6562487356171155 151
1694338457875 0.654181193400725 152
1694338457903 0.6522026802109785 153
1694338457929 0.6501418666583878 154
1694338457955 0.648091725002268 155
1694338457982 0.6461094692947945 156
1694338458009 0.6441615719604852 157
1694338458035 0.6422393988195637 158
1694338458060 0.6403070219072959 159
1694338458101 0.6384154396885351 160
1694338458216 0.6364743779707249 161
1694338458244 0.6346438436615375 162
1694338458269 0.632815981652296 163
1694338458294 0.6309805854197008 164
1694338458319 0.6291613820769961 165
1694338458346 0.6273471339041021 166
1694338458379 0.6255871073332481 167
1694338458405 0.6238011287218636 168
1694338458430 0.6220761304346362 169
1694338458456 0.6204075920522182 170
1694338458484 0.6186859263147236 171
1694338458509 0.6170255054787105 172
1694338458536 0.6153540322444055 173
1694338458574 0.6137172746525554 174
1694338458600 0.6121075631677199 175
1694338458625 0.6105028561388467 176
1694338458652 0.6088529814016016 177
1694338458678 0.6072825374452024 178
1694338458706 0.6056778313394051 179
1694338458739 0.6041532812077359 180
1694338458764 0.6026385361332963 181
1694338458803 0.6010959187990677 182
1694338458829 0.5995693654936052 183
1694338458857 0.5980556549133385 184
1694338458888 0.5965584381107456 185
1694338458914 0.5950670077882907 186
1694338458940 0.5936100178193978 187
1694338458967 0.5921387825730327 188
1694338459020 0.5906775692466364 189
1694338459048 0.5892613760262684 190
1694338459078 0.5877771256691258 191
1694338459104 0.5863659574315776 192
1694338459130 0.5849840962095639 193
1694338459183 0.583572476439407 194
1694338459207 0.5822302926872053 195
1694338459232 0.5809060214636692 196
1694338459258 0.5795487567515841 197
1694338459286 0.5781766350779479 198
1694338459311 0.5768709353524619 199
1694338459336 0.5755640804478724 200
1694338459367 0.5742658976842082 201
1694338459395 0.5729901799072531 202
1694338459420 0.5716684932209891 203
1694338459446 0.5704038509613663 204
1694338459472 0.5691460840369209 205
1694338459497 0.5678861988194175 206
1694338459524 0.5666120009974336 207
1694338459549 0.5654015555513741 208
1694338459575 0.5642591808130378 209
1694338459602 0.5630446236862922 210
1694338459632 0.5618481525870153 211
1694338459689 0.560658196880483 212
1694338459713 0.5595030370591482 213
1694338459738 0.5583383167744502 214
1694338459767 0.5571344203600129 215
1694338459793 0.555985053974609 216
1694338459833 0.5548306081316499 217
1694338459860 0.5536980524762242 218
1694338459890 0.5525733793674555 219
1694338459915 0.5514849825255425 220
1694338459942 0.5503860715022628 221
1694338459979 0.5492833884358622 222
1694338460005 0.548222456023 223
1694338460031 0.547148071696747 224
1694338460056 0.5460755624287087 225
1694338460083 0.5450030289859628 226
1694338460108 0.543978562269784 227
1694338460271 0.5429003852198144 228
1694338460296 0.5418155296986127 229
1694338460321 0.5407721123088557 230
1694338460347 0.5397636830406112 231
1694338460379 0.5387409424759726 232
1694338460409 0.5377337094365936 233
1694338460434 0.5367204123112448 234
1694338460460 0.535716930796745 235
1694338460485 0.5347124221799138 236
1694338460510 0.5337101334913561 237
1694338460536 0.5327121150486139 238
1694338460561 0.5317678337629709 239
1694338460585 0.5308242685303892 240
1694338460610 0.5298613539859935 241
1694338460635 0.5288971599242278 242
1694338460661 0.5279946331501069 243
1694338460687 0.5270390807303572 244
1694338460717 0.5261035686744359 245
1694338460745 0.5251593070042899 246
1694338460771 0.5242360697994068 247
1694338460797 0.5233164915945903 248
1694338460824 0.5224077457297828 249
1694338460868 0.5215021038873717 250
1694338460896 0.5206015724638124 251
1694338460922 0.5197046490835865 252
1694338460947 0.5188313541368448 253
1694338460973 0.5179100990114492 254
1694338461000 0.5170131851980958 255
1694338461025 0.5161491229288058 256
1694338461050 0.515263104400568 257
1694338461075 0.5143989150765044 258
1694338461101 0.5135453289171362 259
1694338461128 0.5127060069455625 260
1694338461153 0.5118763151660468 261
1694338461205 0.5110530359308387 262
1694338461228 0.5102012046357608 263
1694338461253 0.5093691149193146 264
1694338461278 0.5085721293247026 265
1694338461308 0.5077811903175715 266
1694338461333 0.5069715740536829 267
1694338461356 0.5061747679362355 268
1694338461386 0.5053645368841656 269
1694338461411 0.5045519463302612 270
1694338461437 0.5037739724370786 271
1694338461461 0.5029777179398316 272
1694338461486 0.5022111933182358 273
1694338461512 0.5014800579616143 274
1694338461538 0.5007437907747775 275
1694338461563 0.4999765602375458 276
1694338461586 0.4992515998773224 277
1694338461610 0.4985123702661206 278
1694338461636 0.4977858369843182 279
1694338461661 0.49703030847569013 280
1694338461722 0.4962952979050667 281
1694338461747 0.4955699503202001 282
1694338461771 0.4948270045218093 283
1694338461800 0.4940934643689777 284
1694338461824 0.4933817227190538 285
1694338461849 0.4926683510461943 286
1694338461880 0.49195390648740556 287
1694338461904 0.49126591368852096 288
1694338461929 0.4905270292557776 289
1694338461953 0.4897956657097586 290
1694338461978 0.4891292238177522 291
1694338462004 0.4884356767351004 292
1694338462029 0.48772083590746135 293
1694338462055 0.4870247140217648 294
1694338462080 0.4863043754203834 295
1694338462106 0.48559436096368813 296
1694338462131 0.48491152458555836 297
1694338462156 0.4842302480546374 298
1694338462181 0.4835651491924146 299
1694338462206 0.48291322491866334 300
1694338462231 0.48226321030041075 301
1694338462256 0.4816347692111908 302
1694338462335 0.48095833737319443 303
1694338462389 0.4802864347535249 304
1694338462413 0.47963975086312355 305
1694338462440 0.479041386384464 306
1694338462476 0.4783958298537448 307
1694338462500 0.4777466870010934 308
1694338462524 0.477112908405114 309
1694338462549 0.4764873923098227 310
1694338462575 0.47585666197028664 311
1694338462599 0.47519307354449064 312
1694338462625 0.47454632603798874 313
1694338462650 0.4739111903596992 314
1694338462675 0.47331614429671925 315
1694338462701 0.47269599641450205 316
1694338462726 0.4720431545316508 317
1694338462758 0.47141124766481396 318
1694338462786 0.4707852824984942 319
1694338462810 0.4701922352435271 320
1694338462834 0.469581472224959 321
1694338462877 0.4689758727449852 322
1694338462903 0.4683810589200445 323
1694338462927 0.46778633246197876 324
1694338462951 0.46718653268766136 325
1694338462977 0.46660235943585343 326
1694338463004 0.466018591418052 327
1694338463034 0.4654386016227002 328
1694338463059 0.46487183862067943 329
1694338463085 0.46428945870939 330
1694338463112 0.4637008544543788 331
1694338463138 0.46311870211056033 332
1694338463164 0.46253057789601354 333
1694338463191 0.4619404318868408 334
1694338463244 0.46133943598481036 335
1694338463267 0.46080158120725523 336
1694338463292 0.46022984384861104 337
1694338463317 0.459686751079425 338
1694338463345 0.45910822382813843 339
1694338463372 0.45855361294985825 340
1694338463400 0.4579678177296121 341
1694338463425 0.45742142950545084 342
1694338463453 0.45687867143244676 343
1694338463476 0.45633664467510515 344
1694338463501 0.4558014586684563 345
1694338463526 0.45524505241259183 346
1694338463550 0.45468993177230405 347
1694338463577 0.4541543234568889 348
1694338463602 0.45360419441887795 349
1694338463627 0.45305573920684816 350
1694338463652 0.4525215984416914 351
1694338463678 0.45201853298134015 352
1694338463705 0.4514961258796242 353
1694338463766 0.4509580869014772 354
1694338463792 0.45045956404700443 355
1694338463816 0.4499650973404017 356
1694338463843 0.4494432560019989 357
1694338463874 0.4489161776695074 358
1694338463900 0.4483983627429793 359
1694338463926 0.44789597376012613 360
1694338463950 0.4473952205637476 361
1694338463985 0.44690219255946756 362
1694338464039 0.4463520194551353 363
1694338464063 0.44585417463527316 364
1694338464088 0.4453276844108302 365
1694338464112 0.44482776398062146 366
1694338464137 0.44429152764760443 367
1694338464161 0.44378207099135264 368
1694338464188 0.4432762051599671 369
1694338464212 0.4427918410596464 370
1694338464238 0.4422983529524621 371
1694338464263 0.4418020629588446 372
1694338464288 0.44128880926220937 373
1694338464312 0.44080191373263183 374
1694338464339 0.44030380357084287 375
1694338464366 0.4398461826496816 376
1694338464513 0.43940573455436854 377
1694338464579 0.43889801786244387 378
1694338464650 0.4384236663406077 379
1694338464674 0.43796173934228627 380
1694338464700 0.43748597663373856 381
1694338464725 0.4369968398747161 382
1694338464750 0.4364962575315395 383
1694338464774 0.43601989451387096 384
1694338464801 0.4355201276761722 385
1694338464826 0.43506145757061554 386
1694338464851 0.4346277123500198 387
1694338464892 0.43415353878154656 388
1694338464968 0.43366951151362926 389
1694338464992 0.4331989839002569 390
1694338465015 0.4327590907408167 391
1694338465043 0.4322958656383368 392
1694338465067 0.43183720063286 393
1694338465092 0.43135624509666876 394
1694338465116 0.43090090974865974 395
1694338465141 0.4304273130830355 396
1694338465166 0.4299753537283053 397
1694338465191 0.4295209781841566 398
1694338465218 0.4290878826633395 399
1694338465243 0.4286302724030425 400
1694338465294 0.4281768521008859 401
1694338465607 0.42769920090540486 402
1694338465648 0.42724780311015437 403
1694338465672 0.42679571713186126 404
1694338465697 0.42637639754300877 405
1694338465722 0.4259254680271605 406
1694338465747 0.4255101975618273 407
1694338465812 0.42510947386384 408
1694338465835 0.4246925596561748 409
1694338465860 0.42426976172750525 410
1694338465892 0.42382705471241805 411
1694338465917 0.42341821723651424 412
1694338465942 0.4229749932300446 413
1694338465966 0.4225572275857486 414
1694338465990 0.4221191580567516 415
1694338466014 0.42172980962497725 416
1694338466041 0.42129373790083585 417
1694338466066 0.42089227880114355 418
1694338466090 0.4204966530153545 419
1694338466116 0.42007408549782727 420
1694338466144 0.4196624631573331 421
1694338466169 0.4192533287541946 422
1694338466193 0.418852583853032 423
1694338466218 0.41844833981632445 424
1694338466243 0.4180227581977339 425
1694338466270 0.41761518982879864 426
1694338466297 0.41720646821035734 427
1694338466324 0.4167935503127556 428
1694338466349 0.4163663900102661 429
1694338466380 0.4159521633488728 430
1694338466409 0.41553686251775734 431
1694338466434 0.4151026632733426 432
1694338466459 0.41469053881256784 433
1694338466486 0.4142746877417139 434
1694338466510 0.4138853094329979 435
1694338466535 0.41347154251898877 436
1694338466561 0.4130714087476866 437
1694338466587 0.4126699052581904 438
1694338466612 0.4122413405862717 439
1694338466705 0.4118309067798376 440
1694338466750 0.41142949494598235 441
1694338466775 0.41099312846493485 442
1694338466800 0.4106017004039988 443
1694338466827 0.41017422398831177 444
1694338466850 0.4097773179307341 445
1694338466881 0.40939291496080027 446
1694338466922 0.4090337559909146 447
1694338466945 0.40863884873350587 448
1694338466970 0.4082636440426574 449
1694338466996 0.40786745168802474 450
1694338467020 0.4074640374900529 451
1694338467045 0.4070878122598804 452
1694338467070 0.406706321785054 453
1694338467094 0.40633620627638717 454
1694338467119 0.40595090147321533 455
1694338467145 0.4055461668842983 456
1694338467170 0.4051635004820797 457
1694338467195 0.4047908828036939 458
1694338467219 0.40440701030635046 459
1694338467244 0.4040318371229559 460
1694338467274 0.4036565796426117 461
1694338467325 0.4032756875860113 462
1694338467351 0.402878854771166 463
1694338467381 0.40249754618194117 464
1694338467409 0.40212764307589627 465
1694338467433 0.4017925629728434 466
1694338467457 0.40143558859706113 467
1694338467482 0.4010741594660616 468
1694338467506 0.4007086523937352 469
1694338467531 0.4003425253642526 470
1694338467557 0.4000162630927927 471
1694338467581 0.3996398847878889 472
1694338467607 0.39927354490808725 473
1694338467632 0.3989127640787633 474
1694338467656 0.3985623457792155 475
1694338467681 0.3981922634436928 476
1694338467707 0.39782059489859833 477
1694338467731 0.39745525534983595 478
1694338467756 0.39709268614967813 479
1694338467780 0.3967323563712271 480
1694338467805 0.39635821287670786 481
1694338467865 0.39598888172755503 482
1694338467896 0.3956171537942193 483
1694338467921 0.3952896089971544 484
1694338467948 0.39496046131356577 485
1694338467973 0.3946021132326678 486
1694338468007 0.3942589874898707 487
1694338468032 0.39389839925083747 488
1694338468058 0.39353258402926955 489
1694338468084 0.3931775944389468 490
1694338468110 0.39282724254327306 491
1694338468137 0.39249690089583594 492
1694338468163 0.3921248180704799 493
1694338468192 0.3918004673541727 494
1694338468218 0.39148077112183416 495
1694338468242 0.39116150239139896 496
1694338468268 0.39080471667862254 497
1694338468295 0.3904370306919765 498
1694338468320 0.3900832201235722 499
1694338468345 0.3897869240067099 500
1694338468376 0.38944833594018036 501
1694338468403 0.38911044807941036 502
1694338468430 0.38876936872728257 503
1694338468461 0.3884507107689061 504
1694338468489 0.38812997626404994 505
1694338468513 0.38777411917347565 506
1694338468538 0.38744367879931807 507
1694338468577 0.38711748438900656 508
1694338468601 0.3867889838454672 509
1694338468624 0.3864654527336345 510
1694338468648 0.3861263268155868 511
1694338468673 0.3857923121599762 512
1694338468699 0.38548582424314154 513
1694338468731 0.38514938113539193 514
1694338468835 0.3848057536627452 515
1694338468868 0.3844778559757465 516
1694338468893 0.3841677548239056 517
1694338468933 0.3838329843502998 518
1694338468958 0.38350049075132203 519
1694338468984 0.3831497066845418 520
1694338469008 0.38282782251668224 521
1694338469041 0.3825119414143816 522
1694338469064 0.38215620208745377 523
1694338469091 0.38182351181225116 524
1694338469115 0.3815133752594337 525
1694338469139 0.38119305551292626 526
1694338469163 0.3808580288454949 527
1694338469190 0.38051562880214496 528
1694338469216 0.38017793860517984 529
1694338469242 0.3798469585328404 530
1694338469267 0.3795104000105233 531
1694338469293 0.37921184708144545 532
1694338469317 0.3788965139686825 533
1694338469377 0.3785945717207585 534
1694338469400 0.37830085737033126 535
1694338469424 0.37802444638699007 536
1694338469449 0.3777392535884804 537
1694338469474 0.37741890129279326 538
1694338469501 0.3771146809785553 539
1694338469524 0.37678200966964004 540
1694338469548 0.3764808920348963 541
1694338469572 0.37618741639845565 542
1694338469595 0.37588148745384287 543
1694338469619 0.3755956600358391 544
1694338469645 0.37530072546575893 545
1694338469668 0.37500842583420246 546
1694338469694 0.3746960432261669 547
1694338469726 0.3743732615038247 548
1694338469749 0.3740693082326102 549
1694338469775 0.3737677509171579 550
1694338469801 0.3734672375254725 551
1694338469826 0.3731809967039416 552
1694338469888 0.3729018514929338 553
1694338469912 0.37255828355626713 554
1694338469936 0.3722521519245131 555
1694338469963 0.3719282558638965 556
1694338469987 0.37162104344700786 557
1694338470013 0.3713223549930126 558
1694338470038 0.37100651081943126 559
1694338470061 0.37074097754401353 560
1694338470088 0.37041495630301285 561
1694338470112 0.370139971022725 562
1694338470137 0.3698444368097017 563
1694338470161 0.3695480820046122 564
1694338470185 0.369264567586664 565
1694338470210 0.3689765321177277 566
1694338470236 0.3686626895102214 567
1694338470260 0.36839812192243176 568
1694338470284 0.36811739242849634 569
1694338470308 0.36783558088729457 570
1694338470335 0.3675400540018713 571
1694338470359 0.367237140798463 572
1694338470390 0.3669442776486487 573
1694338470416 0.36664237149607193 574
1694338470440 0.3663597643337349 575
1694338470466 0.366082052982857 576
1694338470493 0.3657944493290062 577
1694338470520 0.3654932256165156 578
1694338470543 0.3651992968400888 579
1694338470568 0.3649034717545175 580
1694338470592 0.36460674163131507 581
1694338470615 0.36432178268479176 582
1694338470641 0.3640188358444553 583
1694338470666 0.3637409104320699 584
1694338470691 0.36346845881763035 585
1694338470715 0.3631718651803437 586
1694338470743 0.3628852586771175 587
1694338470766 0.3626140692313733 588
1694338470790 0.36232789049603986 589
1694338470815 0.36203371750711943 590
1694338470850 0.3617474094877236 591
1694338470903 0.3614719730463281 592
1694338470929 0.36119794679499534 593
1694338470983 0.36092851240333224 594
1694338471008 0.36064867032784537 595
1694338471032 0.3603719940384092 596
1694338471058 0.3600719956522165 597
1694338471087 0.3598027750845276 598
1694338471112 0.35945935307432697 599
1694338471136 0.3591730498003141 600
1694338471161 0.35889198314537657 601
1694338471186 0.3586289361957031 602
1694338471209 0.3583535080800809 603
1694338471234 0.3580427823627356 604
1694338471259 0.3577339985310513 605
1694338471285 0.3574464951256019 606
1694338471311 0.3571703122874811 607
1694338471334 0.3569361350242228 608
1694338471361 0.35664706284332365 609
1694338471411 0.3563839337805719 610
1694338471435 0.3560917650468282 611
1694338471461 0.35582083157293887 612
1694338471487 0.3555818904526462 613
1694338471514 0.35531157391910856 614
1694338471539 0.35501305637913105 615
1694338471561 0.35473420607421374 616
1694338471590 0.3544723820555671 617
1694338471614 0.35420178162798893 618
1694338471638 0.35394571598624225 619
1694338471662 0.3536790215614221 620
1694338471686 0.35345037028750165 621
1694338471711 0.3532063396903124 622
1694338471736 0.3529624651302128 623
1694338471763 0.35271955797292365 624
1694338471788 0.3524383030960983 625
1694338471812 0.3521824153478418 626
1694338471839 0.35192018411826853 627
1694338471864 0.35164635801172894 628
1694338471893 0.35138275222846466 629
1694338471954 0.3511323016582969 630
1694338471978 0.3508750441835863 631
1694338472003 0.3505841729312447 632
1694338472040 0.3503266432830611 633
1694338472065 0.35005279578206533 634
1694338472088 0.3498030857444483 635
1694338472113 0.34952207470815627 636
1694338472137 0.3492713670625302 637
1694338472161 0.3489972893240451 638
1694338472188 0.34872677714626404 639
1694338472217 0.34845584288852277 640
1694338472242 0.3481936578867972 641
1694338472268 0.3479192606700046 642
1694338472295 0.3476425052161041 643
1694338472320 0.3473523623058975 644
1694338472346 0.34710684328023467 645
1694338472378 0.3468438894894683 646
1694338472405 0.3465698068810373 647
1694338472429 0.34633152192882555 648
1694338472455 0.3460843272098701 649
1694338472480 0.3458222950095984 650
1694338472508 0.3455324715292273 651
1694338472538 0.34528876034777667 652
1694338472564 0.34504132393002834 653
1694338472590 0.3447910301723952 654
1694338472616 0.3445471328935698 655
1694338472641 0.3442790290549309 656
1694338472667 0.3440395307649893 657
1694338472693 0.34377029872075826 658
1694338472719 0.3435288641476501 659
1694338472746 0.3432737972611526 660
1694338472772 0.3430164641439059 661
1694338472799 0.34276734438256434 662
1694338472826 0.3425121064353184 663
1694338472854 0.3422328903644331 664
1694338472885 0.3419469178257108 665
1694338472911 0.3416670545493881 666
1694338472938 0.3413875079170021 667
1694338473073 0.34112408085987667 668
1694338473096 0.34086651620632913 669
1694338473121 0.3406028022491453 670
1694338473145 0.3403573900864012 671
1694338473170 0.34010136482743203 672
1694338473192 0.33986988012601443 673
1694338473216 0.3396387083314955 674
1694338473239 0.33941475464466037 675
1694338473262 0.339170704190128 676
1694338473287 0.3389248810348047 677
1694338473311 0.33868292565804564 678
1694338473336 0.33843255801476047 679
1694338473364 0.33819119579660817 680
1694338473389 0.3379228259432409 681
1694338473440 0.33767400103074685 682
1694338473463 0.33744355609953325 683
1694338473487 0.3371670462530919 684
1694338473509 0.33693938402387547 685
1694338473537 0.33672018580348717 686
1694338473563 0.3364742376321946 687
1694338473587 0.33623833054291447 688
1694338473610 0.33601570326467833 689
1694338473636 0.33576631502892385 690
1694338473662 0.3355231452624817 691
1694338473688 0.3352934590698166 692
1694338473713 0.33503406306537814 693
1694338473739 0.3348043890070714 694
1694338473763 0.3345585572043495 695
1694338473790 0.33434255868509133 696
1694338473816 0.33409178628988623 697
1694338473839 0.3338802265051055 698
1694338473866 0.33363045234272737 699
1694338473890 0.3333838316995061 700
1694338473915 0.3331682084815727 701
1694338473938 0.33294906531874735 702
1694338473998 0.3327261536062571 703
1694338474022 0.3325047681079833 704
1694338474061 0.3322502822147517 705
1694338474088 0.33201012200302576 706
1694338474111 0.33179195335855016 707
1694338474139 0.3315476951460805 708
1694338474162 0.331309096758069 709
1694338474189 0.33107909679068465 710
1694338474212 0.330805852701345 711
1694338474421 0.330567840528774 712
1694338474462 0.3303289262098611 713
1694338474485 0.33010118980880365 714
1694338474513 0.3298737119538849 715
1694338474537 0.3296406923796463 716
1694338474563 0.3294137507797959 717
1694338474586 0.32920234987168456 718
1694338474609 0.3289686356672525 719
1694338474633 0.3287313240780857 720
1694338474810 0.32854412327086185 721
1694338474834 0.32828299138380695 722
1694338474864 0.328034663030522 723
1694338474889 0.3278069007488869 724
1694338474913 0.32759756066171536 725
1694338474938 0.32737316091858226 726
1694338474962 0.32716549890024094 727
1694338475000 0.3269306483958552 728
1694338475024 0.32671399346754554 729
1694338475156 0.3264761088148775 730
1694338475185 0.3262185500157289 731
1694338475208 0.3259714881375767 732
1694338475234 0.325718288794447 733
1694338475258 0.325495267953395 734
1694338475282 0.3252704635584802 735
1694338475307 0.32503194586344114 736
1694338475331 0.3248398379507651 737
1694338475356 0.3245983371698842 738
1694338475385 0.32438902814766163 739
1694338475409 0.32416654482100005 740
1694338475433 0.32394354630406297 741
1694338475484 0.32371685460393623 742
1694338475508 0.32350625376679015 743
1694338475532 0.32325309306148475 744
1694338475557 0.3230237173479488 745
1694338475585 0.32279481339629895 746
1694338475609 0.32257315685753424 747
1694338475633 0.3223196862287286 748
1694338475657 0.3221083060851997 749
1694338475681 0.32188574368536443 750
1694338475707 0.3216666895859795 751
1694338475731 0.32144410319785033 752
1694338475754 0.3212115481474054 753
1694338475779 0.3209856855119053 754
1694338475803 0.32075624702187555 755
1694338475830 0.3205499443503403 756
1694338475853 0.32036150276510666 757
1694338475884 0.32011823810371376 758
1694338475909 0.319887702687986 759
1694338475934 0.31962783462605987 760
1694338475958 0.31938914789925615 761
1694338475983 0.3191820573212703 762
1694338476047 0.3189606784118325 763
1694338476070 0.318713330629485 764
1694338476094 0.31850422125224437 765
1694338476126 0.3182759117533996 766
1694338476151 0.3180467371066279 767
1694338476175 0.31783749720098026 768
1694338476199 0.3176117945283975 769
1694338476226 0.31740108127218475 770
1694338476251 0.31719694582769165 771
1694338476276 0.3169928284139446 772
1694338476302 0.31677433697319063 773
1694338476326 0.3165324130371003 774
1694338476351 0.3163193916506483 775
1694338476382 0.31609423125303704 776
1694338476407 0.31586946860672493 777
1694338476431 0.31564438946717854 778
1694338476457 0.3154188342702967 779
1694338476482 0.31521665055288484 780
1694338476506 0.3150406040077359 781
1694338476531 0.31479095193684276 782
1694338476557 0.31455864393091054 783
1694338476584 0.314337714127881 784
1694338476608 0.31413133864456905 785
1694338476632 0.31391926966278966 786
1694338476660 0.31370197255557697 787
1694338476685 0.3135211720968219 788
1694338476711 0.3133113525166467 789
1694338476737 0.31308808621855855 790
1694338476762 0.31288538315033526 791
1694338476788 0.3126615920006122 792
1694338476813 0.31245336169886295 793
1694338476837 0.31225931046896105 794
1694338476866 0.312071350539068 795
1694338476892 0.3118628903257727 796
1694338476916 0.31165079915363314 797
1694338476941 0.3114471551490232 798
1694338476965 0.31121866561277833 799
1694338476988 0.31104688508740436 800
1694338477026 0.3108895112383862 801
1694338477050 0.3106948546884249 802
1694338477075 0.310494533249486 803
1694338477099 0.3102899419897085 804
1694338477124 0.3100907410424927 805
1694338477221 0.30987435504708527 806
1694338477258 0.30966065383654867 807
1694338477282 0.3094464753857605 808
1694338477308 0.30923283471155094 809
1694338477333 0.3089846327577981 810
1694338477359 0.30878741579185004 811
1694338477390 0.30856785096218997 812
1694338477418 0.30834729205055333 813
1694338477445 0.3081312316628146 814
1694338477472 0.30792595043764825 815
1694338477523 0.30772189737993155 816
1694338477545 0.3075260532702663 817
1694338477569 0.307343311335688 818
1694338477596 0.30712651237493693 819
1694338477621 0.3069068002395771 820
1694338477644 0.306710409059 821
1694338477668 0.3064908933208114 822
1694338477692 0.3062667772397163 823
1694338477717 0.30605258261579554 824
1694338477741 0.30582905194607424 825
1694338477765 0.305634717392413 826
1694338477789 0.3054201039714478 827
1694338477814 0.30522917707665737 828
1694338477841 0.3050172362161731 829
1694338477870 0.30481971103351857 830
1694338477895 0.30462783255717935 831
1694338477919 0.3044396744083681 832
1694338477944 0.30423441278738617 833
1694338477968 0.30404945791396076 834
1694338477991 0.303854909753978 835
1694338478017 0.30364172832958364 836
1694338478040 0.3034691276247054 837
1694338478101 0.3033041121845363 838
1694338478128 0.3030925765812214 839
1694338478151 0.302896977952068 840
1694338478178 0.3027006272888927 841
1694338478201 0.3025153758057549 842
1694338478226 0.30228242110235454 843
1694338478250 0.30210150093553234 844
1694338478276 0.30189415654246976 845
1694338478300 0.30169407470446785 846
1694338478325 0.3014876371166929 847
1694338478349 0.3012932387244605 848
1694338478380 0.3011000372696896 849
1694338478405 0.3009224003939343 850
1694338478428 0.3007425799342296 851
1694338478455 0.30054889059481904 852
1694338478482 0.30033300652671097 853
1694338478507 0.30014557585348245 854
1694338478532 0.29996018667650026 855
1694338478556 0.29974893608458064 856
1694338478594 0.29954770363821076 857
1694338478620 0.299343495102447 858
1694338478644 0.2991306760596412 859
1694338478669 0.2989449401085301 860
1694338478696 0.2987608355700796 861
1694338478722 0.29858046811006 862
1694338478745 0.2983859428690615 863
1694338478774 0.2981552925523179 864
1694338478798 0.29794029180221554 865
1694338478824 0.29775145396178776 866
1694338478850 0.29752727518457245 867
1694338478879 0.2973581323661801 868
1694338478904 0.29713953384368497 869
1694338478929 0.29696356633686943 870
1694338478954 0.2967571445464086 871
1694338478980 0.2965831116493295 872
1694338479006 0.29639170490073946 873
1694338479047 0.29620100064998733 874
1694338479072 0.2960118707455673 875
1694338479097 0.2958278924140694 876
1694338479122 0.29565275350143744 877
1694338479148 0.29546269367099787 878
1694338479178 0.29526424073857405 879
1694338479204 0.2950673794525615 880
1694338479230 0.29486734293746436 881
1694338479261 0.2946857936638238 882
1694338479290 0.29450442523704146 883
1694338479365 0.29432540992542156 884
1694338479401 0.2941304902243362 885
1694338479427 0.2939404136020189 886
1694338479450 0.29377011959842103 887
1694338479477 0.29358017690887617 888
1694338479503 0.2934054196199333 889
1694338479553 0.29321654928876023 890
1694338479576 0.293013545646547 891
1694338479600 0.2928163315904229 892
1694338479625 0.2926225123148114 893
1694338479653 0.29243080429708623 894
1694338479677 0.2922452546665335 895
1694338479703 0.29205422119416563 896
1694338479728 0.2918709377101599 897
1694338479752 0.29167157925753384 898
1694338479776 0.29144540119436924 899
1694338479799 0.29125259954185934 900
1694338479824 0.29108706107661014 901
1694338479849 0.2908795323522734 902
1694338479879 0.29070533620942823 903
1694338479904 0.29052838323080904 904
1694338479928 0.2903660164184152 905
1694338479953 0.2901906482706254 906
1694338479977 0.29000342087060776 907
1694338480001 0.2898081762631518 908
1694338480026 0.2896299939805881 909
1694338480060 0.2894601896606631 910
1694338480088 0.28925707146361895 911
1694338480146 0.2890574067874979 912
1694338480171 0.28886251794931617 913
1694338480194 0.28868163218991094 914
1694338480222 0.28847402354377305 915
1694338480296 0.2882772701343792 916
1694338480318 0.288080688203037 917
1694338480342 0.2879065477762403 918
1694338480374 0.28773283331358773 919
1694338480399 0.28754395954423695 920
1694338480425 0.28735364395509866 921
1694338480449 0.2871691734174802 922
1694338480474 0.28698760869559836 923
1694338480498 0.28679632096469027 924
1694338480523 0.28661491365626834 925
1694338480547 0.28645695082023676 926
1694338480571 0.28626230390316737 927
1694338480596 0.2860813688092352 928
1694338480621 0.2858911596033073 929
1694338480644 0.2857213028020134 930
1694338480668 0.2855264721546166 931
1694338480692 0.2853507616844728 932
1694338480717 0.2851715248176954 933
1694338480742 0.2849857305876415 934
1694338480767 0.2848078354322562 935
1694338480789 0.28463922108939105 936
1694338480815 0.28444175475131656 937
1694338480839 0.2842628160116449 938
1694338480865 0.28408055096131174 939
1694338480893 0.2838782256818345 940
1694338480917 0.28369201067313865 941
1694338480942 0.28351282744630985 942
1694338480967 0.2833522867447554 943
1694338480989 0.28318143637935445 944
1694338481014 0.2830188267582306 945
1694338481038 0.2828425328778111 946
1694338481077 0.2826731742134835 947
1694338481100 0.28251329436065403 948
1694338481125 0.2823455774239927 949
1694338481147 0.2821908472250568 950
1694338481172 0.282032479354724 951
1694338481196 0.2818544041097063 952
1694338481221 0.2816720144197892 953
1694338481247 0.28149001837921434 954
1694338481273 0.28130285369701974 955
1694338481300 0.2811283341451488 956
1694338481325 0.2809642161400648 957
1694338481363 0.28078787899866653 958
1694338481401 0.28061615455400934 959
1694338481478 0.2804454058505138 960
1694338481532 0.28027609863375 961
1694338481583 0.2800981502840706 962
1694338481607 0.2799331629319772 963
1694338481633 0.2797671020819426 964
1694338481657 0.2796084557078178 965
1694338481682 0.27942185656229124 966
1694338481707 0.2792482326292922 967
1694338481731 0.2790542190603612 968
1694338481756 0.2788926245544763 969
1694338481782 0.2787050577768822 970
1694338481807 0.2785390221668676 971
1694338481830 0.2783844027681185 972
1694338481855 0.27820865313091353 973
1694338481882 0.27805293598508557 974
1694338481908 0.2778879895235935 975
1694338481933 0.27768421490938183 976
1694338481958 0.27751636277436154 977
1694338481982 0.27734961442898065 978
1694338482006 0.2772100001649137 979
1694338482030 0.27705094559705457 980
1694338482053 0.276896340161196 981
1694338482076 0.2767102968224699 982
1694338482101 0.27653103336970675 983
1694338482127 0.2763603787009474 984
1694338482192 0.2761868566948508 985
1694338482214 0.2760563201971629 986
1694338482238 0.27587561877599526 987
1694338482265 0.275723958328439 988
1694338482291 0.27554359096914344 989
1694338482314 0.2753806050246213 990
1694338482343 0.2752116166305293 991
1694338482372 0.2750240718611375 992
1694338482400 0.2748940335687366 993
1694338482425 0.2747201578177149 994
1694338482451 0.274537930988476 995
1694338482477 0.27436582045039937 996
1694338482502 0.2741995810368007 997
1694338482526 0.2740387989538614 998
1694338482550 0.273865704363666 999
1694338482575 0.2737120100874048 1000
1694338482599 0.27355043609314555 1001
1694338482625 0.2733643974550375 1002
1694338482651 0.27317851181986097 1003
1694338482676 0.273021761905983 1004
1694338482700 0.2728737571372221 1005
1694338482726 0.27271232428228415 1006
1694338482751 0.2725215665444838 1007
1694338482776 0.27236073604583083 1008
1694338482803 0.2721770246757581 1009
1694338482826 0.272024561184806 1010
1694338482850 0.2718770926651131 1011
1694338482880 0.27171114013453135 1012
1694338482906 0.27154400812381174 1013
1694338482930 0.27135913409901824 1014
1694338482954 0.2711811779886726 1015
1694338482978 0.27100468207137063 1016
1694338483002 0.2708281927800821 1017
1694338483027 0.2706538040669334 1018
1694338483049 0.2704870220707882 1019
1694338483086 0.2703232119550563 1020
1694338483109 0.27016226126940984 1021
1694338483133 0.27000904775122186 1022
1694338483158 0.269832100112538 1023
1694338483182 0.269676459552774 1024
1694338483207 0.26952535893325236 1025
1694338483233 0.26936870902488763 1026
1694338483258 0.2692055444176108 1027
1694338483283 0.2690422276377042 1028
1694338483310 0.26890776183656884 1029
1694338483335 0.2687636030686519 1030
1694338483365 0.2686500363394234 1031
1694338483390 0.2684906572656518 1032
1694338483415 0.26833685476540026 1033
1694338483441 0.26816534285293636 1034
1694338483468 0.2680062417150966 1035
1694338483494 0.26783371264330114 1036
1694338483588 0.26768894059882964 1037
1694338483680 0.26751345813477034 1038
1694338483706 0.2673376329788219 1039
1694338483732 0.2671906592811262 1040
1694338483757 0.26704019007986934 1041
1694338483781 0.2669008460274802 1042
1694338483810 0.26673548542180237 1043
1694338483834 0.26657491297090824 1044
1694338483867 0.26642506023648715 1045
1694338483889 0.2662720813686142 1046
1694338483914 0.26611567211286813 1047
1694338483939 0.2659499170035261 1048
1694338483962 0.26580569223682987 1049
1694338483988 0.2656305223578243 1050
1694338484012 0.26546606958003677 1051
1694338484037 0.26527821404242563 1052
1694338484073 0.26512961508816846 1053
1694338484098 0.2649568700223854 1054
1694338484123 0.2647973092757787 1055
1694338484146 0.2646451164480071 1056
1694338484171 0.26447277932003593 1057
1694338484237 0.2643169106567942 1058
1694338484266 0.2641528843902817 1059
1694338484289 0.2640085867633464 1060
1694338484316 0.26383664095331283 1061
1694338484340 0.2636706633917593 1062
1694338484369 0.26351626288363894 1063
1694338484393 0.26333037881632365 1064
1694338484417 0.2631769089607667 1065
1694338484440 0.26302692962531926 1066
1694338484464 0.26285787829609003 1067
1694338484491 0.2627013079918801 1068
1694338484516 0.2625228925596519 1069
1694338484540 0.2623703269445628 1070
1694338484564 0.2622152393319802 1071
1694338484586 0.2620584470629638 1072
1694338484613 0.2618980772951584 1073
1694338484639 0.261726399556214 1074
1694338484663 0.26155437487485095 1075
1694338484689 0.26138877083182177 1076
1694338484711 0.26124893757012757 1077
1694338484737 0.26108487123728036 1078
1694338484761 0.26094339099978864 1079
1694338484783 0.26080568268086424 1080
1694338484807 0.26064500154504244 1081
1694338484836 0.26048138949145566 1082
1694338484861 0.2603243092310028 1083
1694338484892 0.2601530206419512 1084
1694338484915 0.26001180815718294 1085
1694338484941 0.25984300271413063 1086
1694338484966 0.2596885896210205 1087
1694338484989 0.25955506038578835 1088
1694338485013 0.25940717619461184 1089
1694338485037 0.25925334035416925 1090
1694338485063 0.25909881795020184 1091
1694338485103 0.25893110673702074 1092
1694338485128 0.25877609186893274 1093
1694338485155 0.258622809472511 1094
1694338485179 0.25847972654174245 1095
1694338485204 0.2583477044441082 1096
1694338485229 0.25817959439129695 1097
1694338485254 0.2580362461041294 1098
1694338485281 0.25788491035511507 1099
1694338485305 0.2577336913824589 1100
1694338485330 0.25758341760178066 1101
1694338485363 0.25744231472312545 1102
1694338485388 0.25728581036814213 1103
1694338485411 0.2571473849373504 1104
1694338485436 0.2569956680723481 1105
1694338485461 0.2568542503485323 1106
1694338485495 0.25668132011497435 1107
1694338485521 0.25652610729879444 1108
1694338485546 0.2563794826745518 1109
1694338485572 0.2562302364034697 1110
1694338485597 0.256076868800522 1111
1694338485656 0.2559442202709972 1112
1694338485724 0.25580646904801313 1113
1694338485760 0.2556539724436021 1114
1694338485785 0.2555073384796315 1115
1694338485810 0.25534909802423467 1116
1694338485834 0.2552030538798481 1117
1694338485857 0.25504408822097324 1118
1694338485889 0.2548928175125802 1119
1694338485916 0.2547515523617721 1120
1694338485942 0.25460113448530847 1121
1694338485967 0.2544487156111266 1122
1694338485992 0.25427171012008987 1123
1694338486018 0.2541143136959828 1124
1694338486043 0.2539448061947227 1125
1694338486068 0.25379057829823676 1126
1694338486095 0.25363433135403324 1127
1694338486121 0.2534870952731266 1128
1694338486147 0.2533568499478962 1129
1694338486173 0.2532219745807447 1130
1694338486198 0.2530904352727744 1131
1694338486224 0.25293250194897493 1132
1694338486285 0.2527937787732236 1133
1694338486314 0.25263644465621715 1134
1694338486338 0.25249192200161474 1135
1694338486363 0.2523240144428119 1136
1694338486391 0.25216418407555835 1137
1694338486415 0.25200016544865944 1138
1694338486438 0.25185658976281344 1139
1694338486461 0.2517123856377894 1140
1694338486487 0.2515721017051855 1141
1694338486511 0.25142161476021213 1142
1694338486534 0.25128562778581787 1143
1694338486557 0.25113708793548456 1144
1694338486581 0.25099506888487605 1145
1694338486606 0.25083993095669893 1146
1694338486631 0.2506919783067536 1147
1694338486655 0.2505510016852877 1148
1694338486678 0.2504193363059847 1149
1694338486707 0.2502763731083497 1150
1694338486729 0.25012547032827276 1151
1694338486753 0.2499754557631464 1152
1694338486778 0.24981991302791698 1153
1694338486801 0.24968480797585169 1154
1694338486824 0.24954614541777986 1155
1694338486848 0.24939611899196085 1156
1694338486880 0.24924291949843486 1157
1694338486903 0.24909576605940298 1158
1694338486928 0.24894737766244976 1159
1694338486951 0.24880337983527806 1160
1694338486974 0.24866437027077332 1161
1694338486996 0.24852192784686897 1162
1694338487021 0.24837283329835574 1163
1694338487045 0.24821849811876068 1164
1694338487070 0.24805224683621097 1165
1694338487094 0.2479115640804761 1166
1694338487133 0.24775501262159919 1167
1694338487158 0.24759737468900817 1168
1694338487183 0.24744406700025529 1169
1694338487208 0.24730287499787806 1170
1694338487231 0.24715552252019607 1171
1694338487257 0.2470222730938233 1172
1694338487282 0.24688026017260306 1173
1694338487307 0.24674536343963963 1174
1694338487332 0.2466120465577282 1175
1694338487359 0.24645891980814238 1176
1694338487391 0.24632402152513058 1177
1694338487420 0.246183615492962 1178
1694338487444 0.2460347119754437 1179
1694338487468 0.245895016723383 1180
1694338487494 0.2457673477951267 1181
1694338487518 0.2456096524838651 1182
1694338487542 0.24545621188045336 1183
1694338487566 0.24530337201652555 1184
1694338487591 0.24516095048768474 1185
1694338487615 0.24501893621790813 1186
1694338487640 0.24487547786931407 1187
1694338487663 0.24473384376524893 1188
1694338487712 0.2445862194650346 1189
1694338487737 0.24443749678075039 1190
1694338487770 0.2442941763631255 1191
1694338487834 0.2441406132070456 1192
1694338487894 0.24400544950834183 1193
1694338487922 0.2438773673630382 1194
1694338487963 0.2437461558536885 1195
1694338487984 0.2436230754935199 1196
1694338488008 0.2434930749057709 1197
1694338488032 0.2433683384685878 1198
1694338488057 0.24324917941491994 1199
1694338488094 0.24311605013661816 1200
1694338488119 0.2429870940696499 1201
1694338488144 0.24285933407684485 1202
1694338488169 0.24271710094921053 1203
1694338488195 0.242561386482467 1204
1694338488221 0.2424231717191686 1205
1694338488247 0.24225821261077213 1206
1694338488312 0.24211998354710323 1207
1694338488334 0.2419802372255442 1208
1694338488356 0.2418558602557588 1209
1694338488388 0.2417206623672055 1210
1694338488412 0.24159199497626446 1211
1694338488435 0.2414468718000062 1212
1694338488461 0.24130282553586777 1213
1694338488486 0.2411675613301099 1214
1694338488512 0.2410275854632971 1215
1694338488539 0.24089658318127066 1216
1694338488561 0.2407617261510252 1217
1694338488597 0.24061602375605043 1218
1694338488621 0.240477357702733 1219
1694338488644 0.24034168340740933 1220
1694338488678 0.24017947393099903 1221
1694338488704 0.24004831087098819 1222
1694338488731 0.23992852991490357 1223
1694338488754 0.2398042328630429 1224
1694338488777 0.23967262950478602 1225
1694338488800 0.2395288177340661 1226
1694338488824 0.23937845514565603 1227
1694338488850 0.23923277378722693 1228
1694338488882 0.2391039089187136 1229
1694338488909 0.23896290687356342 1230
1694338488933 0.23882417686048418 1231
1694338488957 0.2386951543207712 1232
1694338488982 0.23855802756861044 1233
1694338489006 0.23842848903533734 1234
1694338489031 0.23829131728830094 1235
1694338489056 0.23813955306064988 1236
1694338489082 0.23799802976796677 1237
1694338489107 0.23786638345755984 1238
1694338489131 0.23773498529819267 1239
1694338489172 0.23759918723744247 1240
1694338489198 0.23746200975870163 1241
1694338489223 0.23734717905911754 1242
1694338489250 0.23721732137044413 1243
1694338489276 0.23708695073529198 1244
1694338489302 0.2369659747104303 1245
1694338489329 0.23682281114748233 1246
1694338489352 0.23672236506455446 1247
1694338489386 0.23659081466374157 1248
1694338489413 0.23647197450858545 1249
1694338489438 0.23636379251376993 1250
1694338489464 0.23621717948229742 1251
1694338489494 0.23608263320834064 1252
1694338489519 0.23593830555039563 1253
1694338489545 0.23580232068473467 1254
1694338489572 0.23567781057292697 1255
1694338489597 0.23554161775247134 1256
1694338489624 0.23541281457462088 1257
1694338489653 0.23530643456073227 1258
1694338489680 0.2351741383944025 1259
1694338489732 0.2350338386665027 1260
1694338489757 0.23487501081344797 1261
1694338489780 0.23473984436057108 1262
1694338489801 0.23459904784814092 1263
1694338489828 0.2344787830343938 1264
1694338489851 0.23432831770003987 1265
1694338489879 0.2341968178771716 1266
1694338489914 0.2340649259463075 1267
1694338489979 0.23389793795689753 1268
1694338490030 0.23375954760793224 1269
1694338490056 0.2336177042830734 1270
1694338490078 0.23347970508523988 1271
1694338490101 0.2333529032890813 1272
1694338490125 0.23323315730614477 1273
1694338490148 0.2331029392297506 1274
1694338490171 0.23299587404101835 1275
1694338490195 0.2328459229939657 1276
1694338490220 0.232715973438869 1277
1694338490246 0.23257508842093563 1278
1694338490270 0.232448112707864 1279
1694338490296 0.23231483603213807 1280
1694338490357 0.23218107566931293 1281
1694338490382 0.23204706185817967 1282
1694338490406 0.23191644059173155 1283
1694338490433 0.2317974642751582 1284
1694338490456 0.23166469688868035 1285
1694338490480 0.231528903937097 1286
1694338490504 0.23140497414737035 1287
1694338490528 0.2312762672260085 1288
1694338490554 0.23114705714569475 1289
1694338490578 0.23100576440886805 1290
1694338490604 0.2308479017873229 1291
1694338490628 0.2307191729391062 1292
1694338490654 0.2305833335376212 1293
1694338490684 0.23046655057325838 1294
1694338490709 0.23033376848369072 1295
1694338490735 0.23017525799329192 1296
1694338490763 0.23004992292499837 1297
1694338490787 0.22991940405278805 1298
1694338490812 0.22979124895126393 1299
1694338490835 0.22965341750773263 1300
1694338490859 0.2295425638868017 1301
1694338490889 0.22941961390753574 1302
1694338490913 0.2293076583775549 1303
1694338490941 0.2291589083763043 1304
1694338490966 0.22903610814122466 1305
1694338490992 0.2289077171747174 1306
1694338491017 0.22878272909115424 1307
1694338491041 0.2286538299984629 1308
1694338491065 0.2285297277309854 1309
1694338491090 0.22840694883128906 1310
1694338491115 0.22829301575836264 1311
1694338491137 0.22817422146775956 1312
1694338491176 0.22805417667419656 1313
1694338491203 0.22792149929755587 1314
1694338491229 0.22778802909143223 1315
1694338491253 0.22765394125354593 1316
1694338491276 0.2275339092091622 1317
1694338491301 0.2273943810895646 1318
1694338491325 0.2272630835370714 1319
1694338491349 0.22711638693857797 1320
1694338491377 0.22698326343946393 1321
1694338491400 0.22686644640398546 1322
1694338491423 0.22673611558519893 1323
1694338491449 0.22660511945876652 1324
1694338491475 0.22647452808037546 1325
1694338491499 0.2263385036313496 1326
1694338491523 0.22621881972357946 1327
1694338491548 0.22607412436917412 1328
1694338491572 0.2259457515843588 1329
1694338491594 0.22582500146381762 1330
1694338491617 0.2257108283220676 1331
1694338491642 0.22557930547132227 1332
1694338491668 0.2254515878879288 1333
1694338491690 0.22531433279095225 1334
1694338491715 0.22518032149553113 1335
1694338491769 0.22505805742498644 1336
1694338491791 0.22492522253498792 1337
1694338491816 0.2247921460656374 1338
1694338491839 0.22466437740305656 1339
1694338491871 0.2245523957544563 1340
1694338491894 0.22441407796370974 1341
1694338491919 0.22427912570285724 1342
1694338491942 0.22415629147694166 1343
1694338491966 0.2240408972476785 1344
1694338491991 0.22390386447264501 1345
1694338492037 0.22378503255872678 1346
1694338492125 0.22366669751637078 1347
1694338492149 0.2235341825395494 1348
1694338492176 0.22339800417033015 1349
1694338492199 0.22326458923978643 1350
1694338492224 0.22314158330266615 1351
1694338492247 0.22301957686925725 1352
1694338492274 0.22289054184457 1353
1694338492300 0.22276390614604089 1354
1694338492325 0.22264724430934205 1355
1694338492352 0.2225460018655907 1356
1694338492413 0.22242180597186087 1357
1694338492458 0.22228971662759545 1358
1694338492481 0.22217615372866548 1359
1694338492506 0.2220506448563915 1360
1694338492529 0.2219327967589348 1361
1694338492553 0.22181192278931144 1362
1694338492578 0.2216846456349532 1363
1694338492601 0.22156020344088964 1364
1694338492626 0.2214166398321091 1365
1694338492649 0.2212937073811107 1366
1694338492673 0.22116970837201835 1367
1694338492700 0.22104487776061435 1368
1694338492728 0.2209427203824857 1369
1694338492762 0.22081737646148814 1370
1694338492794 0.220690753191927 1371
1694338492817 0.2205770798945401 1372
1694338492840 0.2204562798722564 1373
1694338492865 0.220332342451728 1374
1694338492896 0.22021878141813853 1375
1694338492920 0.2200944938999523 1376
1694338492944 0.21996924231960271 1377
1694338492968 0.21984754211097474 1378
1694338492992 0.21971996204575236 1379
1694338493021 0.21960256675840997 1380
1694338493044 0.2194748279351678 1381
1694338493066 0.21935661962460334 1382
1694338493091 0.21923945520047844 1383
1694338493114 0.21910687289660857 1384
1694338493139 0.21897993388908016 1385
1694338493163 0.21886342370378847 1386
1694338493204 0.21875226910148243 1387
1694338493226 0.21864006448052675 1388
1694338493252 0.21853594259529519 1389
1694338493277 0.21841465719789271 1390
1694338493303 0.21829196194043432 1391
1694338493327 0.2181810868323742 1392
1694338493352 0.21806296214488305 1393
1694338493380 0.21794432286432222 1394
1694338493405 0.21781223567690638 1395
1694338493428 0.21770106835196731 1396
1694338493468 0.2175867463996762 1397
1694338493491 0.2174806878357697 1398
1694338493518 0.21735408692666286 1399
1694338493541 0.21722855385043424 1400
1694338493565 0.2171069196193802 1401
1694338493588 0.2169905108808909 1402
1694338493612 0.21687014097245888 1403
1694338493637 0.21675399167911877 1404
1694338493661 0.21664376757585718 1405
1694338493686 0.21653623454089038 1406
1694338493711 0.2164029197900066 1407
1694338493735 0.21628554003377623 1408
1694338493758 0.21618392699457262 1409
1694338493810 0.21606552073002358 1410
1694338493833 0.21594947182139884 1411
1694338493858 0.2158225031798271 1412
1694338493892 0.2157006593296857 1413
1694338493915 0.21559863578153318 1414
1694338493951 0.21547210534164987 1415
1694338493977 0.21535320940301247 1416
1694338494002 0.21524152985764028 1417
1694338494027 0.2151394682405296 1418
1694338494051 0.21503354719093445 1419
1694338494074 0.21491889105406464 1420
1694338494103 0.21480219772026887 1421
1694338494133 0.2146738698704796 1422
1694338494236 0.21456330254018685 1423
1694338494259 0.21443186621243426 1424
1694338494286 0.2143202019583102 1425
1694338494309 0.21418976888345323 1426
1694338494333 0.21407188928256934 1427
1694338494362 0.21395298751266628 1428
1694338494386 0.21385073757787423 1429
1694338494446 0.21373298063077337 1430
1694338494470 0.21362631627485523 1431
1694338494494 0.2135123233797936 1432
1694338494522 0.21340742928974166 1433
1694338494546 0.213304173967297 1434
1694338494570 0.21317847779685947 1435
1694338494595 0.21306103862133216 1436
1694338494618 0.21295082776013594 1437
1694338494640 0.212842655503474 1438
1694338494665 0.21272116525499926 1439
1694338494691 0.21259468932283193 1440
1694338494715 0.21246269790188557 1441
1694338494739 0.21234574569839812 1442
1694338494762 0.21223792612154294 1443
1694338494787 0.21214086687168313 1444
1694338494814 0.2120364485303486 1445
1694338494837 0.2119373714858746 1446
1694338494861 0.21182806252995015 1447
1694338494889 0.21170407062321062 1448
1694338494913 0.21159918467072883 1449
1694338494935 0.21148980268932258 1450
1694338494958 0.21138147478273941 1451
1694338494982 0.2112801892055399 1452
1694338495005 0.21115788115155745 1453
1694338495029 0.21103705181115817 1454
1694338495056 0.21092873558170905 1455
1694338495079 0.21080939566423695 1456
1694338495104 0.21070438786731321 1457
1694338495128 0.2105927882041893 1458
1694338495151 0.210473071905567 1459
1694338495174 0.21036088444927276 1460
1694338495196 0.21023970823627552 1461
1694338495234 0.21012851672930521 1462
1694338495258 0.21001534684579742 1463
1694338495283 0.2099025247835062 1464
1694338495307 0.2097862237205191 1465
1694338495331 0.20970007379906128 1466
1694338495357 0.20958229469335704 1467
1694338495386 0.20946078425534664 1468
1694338495410 0.2093574980084405 1469
1694338495435 0.20923853388220767 1470
1694338495458 0.20912172875597523 1471
1694338495483 0.20900872386528288 1472
1694338495507 0.20890766927343632 1473
1694338495532 0.2087791788934 1474
1694338495559 0.20866869756476839 1475
1694338495583 0.20855101007209542 1476
1694338495607 0.20844333124725767 1477
1694338495630 0.20833303302079206 1478
1694338495654 0.2082153761281448 1479
1694338495679 0.20810675478140594 1480
1694338495705 0.20799214753523887 1481
1694338495728 0.20788407594267158 1482
1694338495753 0.20776411409559967 1483
1694338495777 0.2076410157932068 1484
1694338495802 0.2075445877283123 1485
1694338495852 0.20743572835433677 1486
1694338495880 0.20731762424841627 1487
1694338495905 0.20719119505729955 1488
1694338495929 0.20707354688142282 1489
1694338495951 0.20696210937896892 1490
1694338495975 0.20686456074593668 1491
1694338495999 0.20675627051078194 1492
1694338496026 0.20665342865830982 1493
1694338496049 0.20656034736036524 1494
1694338496076 0.2064609257874915 1495
1694338496099 0.20636089043825032 1496
1694338496133 0.20625556282729554 1497
1694338496157 0.2061326754965832 1498
1694338496180 0.20602034243356446 1499
1694338496535 0.20602034243356446 1500
