1694357984402 1.910867382905353 0
1694357984523 1.8743461219500088 1
1694357984552 1.8412938098578737 2
1694357984581 1.809853880155774 3
1694357984605 1.7802509900275572 4
1694357984628 1.7520117032338802 5
1694357984653 1.725358048051905 6
1694357984680 1.6999915262172174 7
1694357984707 1.6753022021156196 8
1694357984730 1.6516414608094496 9
1694357984753 1.6289500248087798 10
1694357984777 1.6071749950828202 11
1694357984803 1.585953872538229 12
1694357984827 1.565627034552701 13
1694357984850 1.5460378845377594 14
1694357984875 1.527076279990832 15
1694357984900 1.5085442196396932 16
1694357984925 1.4905136373654821 17
1694357984950 1.4730411133007366 18
1694357984974 1.4562073925137586 19
1694357984999 1.440084395729123 20
1694357985029 1.423899966112288 21
1694357985058 1.4083508591402003 22
1694357985088 1.393272198367461 23
1694357985116 1.3784996189013319 24
1694357985141 1.3641985837476243 25
1694357985167 1.3500392537891177 26
1694357985192 1.3360051034208085 27
1694357985216 1.3225112737140088 28
1694357985316 1.3093452147405291 29
1694357985344 1.2967199899190305 30
1694357985375 1.2840487694099898 31
1694357985398 1.2717081206813514 32
1694357985423 1.2597378798896184 33
1694357985453 1.2480412976993525 34
1694357985479 1.2366044242413528 35
1694357985507 1.2252208569777534 36
1694357985534 1.2142682119471495 37
1694357985565 1.2035893298125848 38
1694357985594 1.192926723170772 39
1694357985620 1.1825800962852426 40
1694357985645 1.1724867654569024 41
1694357985671 1.162674637938054 42
1694357985696 1.1528376732610897 43
1694357985722 1.143134861366054 44
1694357985748 1.1336175245789533 45
1694357985775 1.1243322482037579 46
1694357985800 1.115312574821511 47
1694357985825 1.1062885324932152 48
1694357985851 1.097645720653688 49
1694357985880 1.0891799376713756 50
1694357985907 1.080791178528874 51
1694357985935 1.0725332161351466 52
1694357985962 1.064402651602143 53
1694357985989 1.0564820135156834 54
1694357986015 1.0486540691895627 55
1694357986042 1.0410165587579754 56
1694357986068 1.0334381871002811 57
1694357986100 1.0259783721276607 58
1694357986127 1.0187291564835612 59
1694357986154 1.011612681892941 60
1694357986180 1.0045030712863545 61
1694357986206 0.9975483434119741 62
1694357986232 0.9907396739634716 63
1694357986260 0.9840135683902987 64
1694357986289 0.9774340185912139 65
1694357986338 0.9709941374048506 66
1694357986372 0.9646022795086179 67
1694357986399 0.9583125203269223 68
1694357986424 0.9521799521549573 69
1694357986449 0.9461098810924374 70
1694357986475 0.9401451097173514 71
1694357986507 0.9342926347609688 72
1694357986538 0.928410228798838 73
1694357986604 0.922750638493787 74
1694357986648 0.9170838057768053 75
1694357986677 0.9114610722798461 76
1694357986703 0.9060550063875621 77
1694357986731 0.9006984401006016 78
1694357986755 0.8954366596080302 79
1694357986779 0.8902762108134059 80
1694357986806 0.8852301377085545 81
1694357986833 0.8801647647913503 82
1694357986860 0.875224589818416 83
1694357986885 0.8703263922819847 84
1694357986911 0.8654567790562067 85
1694357986939 0.8606587999862673 86
1694357986965 0.8559855873828235 87
1694357986991 0.851378654888428 88
1694357987018 0.8467899719075541 89
1694357987045 0.8423529771246164 90
1694357987073 0.8379418454569312 91
1694357987101 0.8336049613234331 92
1694357987127 0.8293217659708296 93
1694357987157 0.825056347189883 94
1694357987191 0.8208608360216574 95
1694357987216 0.8167526304880031 96
1694357987242 0.8127733986345936 97
1694357987268 0.8088201435904461 98
1694357987295 0.8048780162362544 99
1694357987321 0.8009933215307729 100
1694357987380 0.7971580627078217 101
1694357987406 0.7934299644031886 102
1694357987430 0.7896254598410679 103
1694357987459 0.7859851935596549 104
1694357987485 0.7823412906583319 105
1694357987512 0.7788306961261295 106
1694357987538 0.7752296700696751 107
1694357987575 0.7716884975680217 108
1694357987606 0.7681603341923324 109
1694357987632 0.7647620432525567 110
1694357987661 0.7613479595495605 111
1694357987687 0.7580340201703398 112
1694357987715 0.7548454336504298 113
1694357987743 0.751515777505351 114
1694357987767 0.7483205816875539 115
1694357987793 0.7452470422757451 116
1694357987819 0.7421798659525881 117
1694357987845 0.7390861687595924 118
1694357987872 0.7360173409094768 119
1694357987897 0.7330368232959533 120
1694357987924 0.7300591258640979 121
1694357987952 0.7272114330780834 122
1694357987978 0.7243478684237937 123
1694357988003 0.7215095497418825 124
1694357988029 0.7186759546968126 125
1694357988057 0.7159054190449473 126
1694357988088 0.7131667275711481 127
1694357988113 0.710450796235945 128
1694357988139 0.7078091476275208 129
1694357988166 0.7051467384741937 130
1694357988191 0.7025103847060176 131
1694357988224 0.6998943483359743 132
1694357988252 0.6973923984594093 133
1694357988280 0.6948919868419117 134
1694357988310 0.6922723283432743 135
1694357988365 0.6897885082942816 136
1694357988392 0.6873695830137841 137
1694357988417 0.684921056325058 138
1694357988446 0.6825558712702302 139
1694357988473 0.6801763732180997 140
1694357988498 0.6778448048814432 141
1694357988525 0.6755219632264972 142
1694357988551 0.6732381714124581 143
1694357988582 0.670979351704752 144
1694357988609 0.668737772887691 145
1694357988699 0.6665351937484515 146
1694357988735 0.6643245970233453 147
1694357988764 0.6621781257994692 148
1694357988789 0.6600450362544614 149
1694357988814 0.657918205905537 150
1694357988839 0.655869673043402 151
1694357988865 0.6538121947961028 152
1694357988891 0.6518004820201853 153
1694357988917 0.6497437197815391 154
1694357988943 0.6477440035057269 155
1694357988971 0.6457927875200851 156
1694357988999 0.6438091150939516 157
1694357989025 0.6418661942570876 158
1694357989051 0.6399258912406091 159
1694357989078 0.63805134768435 160
1694357989110 0.6361026673702336 161
1694357989135 0.6342246014407199 162
1694357989162 0.6323611533226354 163
1694357989189 0.6305334257250387 164
1694357989216 0.628734283055869 165
1694357989246 0.6269327108116872 166
1694357989277 0.6251580834175638 167
1694357989304 0.6234136589196847 168
1694357989330 0.6216604271675914 169
1694357989358 0.6199611105142055 170
1694357989410 0.6182388508175438 171
1694357989435 0.6165394165476007 172
1694357989461 0.6148589136636293 173
1694357989492 0.613169626240692 174
1694357989518 0.6115239554491071 175
1694357989544 0.6098823330996864 176
1694357989568 0.6082450540121718 177
1694357989599 0.6066297201718157 178
1694357989625 0.60506595518125 179
1694357989651 0.6034768115161602 180
1694357989676 0.6019080828702313 181
1694357989702 0.6003399254398294 182
1694357989729 0.5988074467832656 183
1694357989757 0.5972506019321137 184
1694357989787 0.5957732316823237 185
1694357989813 0.5943019584342661 186
1694357989838 0.5927962744246946 187
1694357989867 0.5913275635925013 188
1694357989897 0.5898473683999454 189
1694357989923 0.5883686749150547 190
1694357989949 0.5869219941869466 191
1694357989978 0.5854935041724548 192
1694357990009 0.5840994816561242 193
1694357990036 0.5827404666574767 194
1694357990065 0.5813717362770215 195
1694357990097 0.5800609755266121 196
1694357990125 0.5787238454773156 197
1694357990152 0.5773930882830441 198
1694357990180 0.5760586763063527 199
1694357990209 0.5747382971185638 200
1694357990236 0.5734721346305366 201
1694357990269 0.5721751277697933 202
1694357990309 0.5708816787630386 203
1694357990336 0.569590764214161 204
1694357990387 0.5683327482678024 205
1694357990413 0.5670853927455471 206
1694357990439 0.5658278588961491 207
1694357990467 0.5646133490119905 208
1694357990493 0.563422250972699 209
1694357990519 0.5622215221183329 210
1694357990545 0.5610075987742652 211
1694357990574 0.5597671785702393 212
1694357990599 0.5585498848892173 213
1694357990625 0.5573383441717116 214
1694357990652 0.5562081007982279 215
1694357990677 0.5550733175089626 216
1694357990703 0.5539433971030072 217
1694357990750 0.5528064115512289 218
1694357990828 0.551688863435946 219
1694357990856 0.5505689779865353 220
1694357990884 0.549477173677777 221
1694357990909 0.5483999061070401 222
1694357990938 0.5473004724150363 223
1694357990965 0.5462240595013844 224
1694357990992 0.5451183817701187 225
1694357991019 0.5440725408775337 226
1694357991043 0.5430215340791757 227
1694357991069 0.5419642759621406 228
1694357991096 0.5409484312133823 229
1694357991121 0.5399450810435587 230
1694357991147 0.5388978773925694 231
1694357991174 0.5378752214446199 232
1694357991201 0.5368464347582226 233
1694357991227 0.5358363774700027 234
1694357991255 0.5348310954543346 235
1694357991281 0.5338448050044059 236
1694357991310 0.5328749809546525 237
1694357991337 0.5318891411126723 238
1694357991382 0.5309158896188018 239
1694357991440 0.5299730416461185 240
1694357991465 0.5290154876707406 241
1694357991502 0.5280657052737405 242
1694357991531 0.5271242446292478 243
1694357991555 0.5262093414671322 244
1694357991594 0.5252912579067419 245
1694357991619 0.5243119335494877 246
1694357991645 0.5233659502654117 247
1694357991672 0.5224374347403692 248
1694357991698 0.5215346329558953 249
1694357991723 0.5206416913809974 250
1694357991749 0.5197268041508225 251
1694357991776 0.5188044655292542 252
1694357991803 0.5179566206913474 253
1694357991827 0.5170538925076427 254
1694357991852 0.516181551778969 255
1694357991876 0.5153065920033979 256
1694357991912 0.5144453667397743 257
1694357991938 0.5135962769276948 258
1694357991964 0.5127411584738499 259
1694357991990 0.5118920006737281 260
1694357992019 0.5110508109785202 261
1694357992044 0.510226242962677 262
1694357992069 0.5093776801999937 263
1694357992099 0.5085292929570522 264
1694357992125 0.5077442357264352 265
1694357992157 0.5069086527359533 266
1694357992182 0.5060968021303446 267
1694357992208 0.5052743776067317 268
1694357992234 0.5044966232340228 269
1694357992260 0.5036852139139384 270
1694357992286 0.5029056447811532 271
1694357992311 0.5021080634227718 272
1694357992340 0.5013149690266436 273
1694357992367 0.500535967829536 274
1694357992418 0.4997666613807164 275
1694357992447 0.4990162560282151 276
1694357992473 0.49825672760796225 277
1694357992502 0.49747395387807664 278
1694357992529 0.49672619423447817 279
1694357992555 0.49598421880440285 280
1694357992586 0.4952540230303445 281
1694357992613 0.4945053036135884 282
1694357992639 0.4937972243065314 283
1694357992667 0.49303201019728643 284
1694357992693 0.49231488049582606 285
1694357992718 0.4915735263569121 286
1694357992742 0.4908250087334063 287
1694357992768 0.4900876099327857 288
1694357992796 0.48935326852922373 289
1694357992832 0.4886675614268289 290
1694357992885 0.4879700548818664 291
1694357992933 0.48730069102717166 292
1694357992957 0.4866273015228869 293
1694357992990 0.48594877108788403 294
1694357993015 0.4852456481649885 295
1694357993041 0.4845665390284573 296
1694357993066 0.48385710500564044 297
1694357993095 0.4832028380926032 298
1694357993120 0.48251069031410515 299
1694357993146 0.4818177386053115 300
1694357993172 0.48114598501975236 301
1694357993197 0.48049462528126113 302
1694357993223 0.4798088442872519 303
1694357993250 0.4791355147536736 304
1694357993278 0.4784723282612773 305
1694357993305 0.4777925252499407 306
1694357993330 0.4771369417141919 307
1694357993357 0.47646686877728267 308
1694357993383 0.47580938697566694 309
1694357993408 0.4751819339148119 310
1694357993434 0.4745442649532046 311
1694357993487 0.47389410737596604 312
1694357993514 0.4732400951997394 313
1694357993539 0.4726604502324013 314
1694357993568 0.4720448201082327 315
1694357993595 0.47142798152588955 316
1694357993621 0.4707946300455179 317
1694357993645 0.4702011840091265 318
1694357993669 0.46959494459059903 319
1694357993694 0.4689903399824297 320
1694357993720 0.46838287416898483 321
1694357993744 0.4677902247559511 322
1694357993769 0.4671889780820366 323
1694357993794 0.4665768756219328 324
1694357993823 0.46599060484379573 325
1694357993846 0.46541071193525074 326
1694357993875 0.4648008420194723 327
1694357993900 0.46420757049965805 328
1694357993925 0.46361513703487683 329
1694357993951 0.46306036376793747 330
1694357993978 0.46249947167700545 331
1694357994005 0.4619088280288172 332
1694357994034 0.46131558859946054 333
1694357994061 0.46072702714156005 334
1694357994096 0.4601574139637262 335
1694357994123 0.4595663604375696 336
1694357994149 0.4590191985212471 337
1694357994176 0.4584518402302624 338
1694357994202 0.4578690520653662 339
1694357994228 0.4573041838931306 340
1694357994256 0.4567205780754633 341
1694357994284 0.4561509402910315 342
1694357994311 0.4555909775470622 343
1694357994338 0.4550238912834563 344
1694357994365 0.45449197542309216 345
1694357994392 0.4539559751814915 346
1694357994443 0.45342684512481174 347
1694357994467 0.45284181261245204 348
1694357994491 0.4523433911420153 349
1694357994515 0.45182054959070456 350
1694357994543 0.45130835649126366 351
1694357994571 0.45082464357612373 352
1694357994601 0.45028490688480655 353
1694357994627 0.44977405582642177 354
1694357994652 0.4492265494583623 355
1694357994678 0.4487018017941075 356
1694357994703 0.44820631762474256 357
1694357994730 0.44769666059317226 358
1694357994754 0.4472149994118361 359
1694357994779 0.446705954798056 360
1694357994804 0.44618632703586 361
1694357994831 0.4456971708244972 362
1694357994856 0.4451928085307683 363
1694357994881 0.4446999296739525 364
1694357994906 0.4441968711945091 365
1694357995014 0.4437005349268974 366
1694357995041 0.4432043726261787 367
1694357995065 0.4426959279186834 368
1694357995098 0.4421775987657076 369
1694357995122 0.4416873786487799 370
1694357995147 0.44117652197302737 371
1694357995171 0.4406974267633394 372
1694357995198 0.4402188428544322 373
1694357995222 0.4396873655605617 374
1694357995247 0.439217894497015 375
1694357995272 0.4387190527585812 376
1694357995299 0.4382503870024439 377
1694357995325 0.4377837960747061 378
1694357995351 0.4373097943774034 379
1694357995379 0.4368052070132083 380
1694357995403 0.4363523051258694 381
1694357995431 0.4358759656672347 382
1694357995458 0.4353855594006611 383
1694357995508 0.434920566536715 384
1694357995543 0.43444869714688583 385
1694357995569 0.4339758431642881 386
1694357995607 0.4335093682921069 387
1694357995635 0.43303336152467414 388
1694357995661 0.4325653436787309 389
1694357995686 0.432112281719495 390
1694357995710 0.4316593300855764 391
1694357995736 0.4312060851198068 392
1694357995762 0.43074309426117185 393
1694357995787 0.43027056430939054 394
1694357995813 0.4298129760881199 395
1694357995841 0.4293570921025478 396
1694357995865 0.4289147713025534 397
1694357995890 0.4284361051205656 398
1694357995914 0.42796970697281433 399
1694357995940 0.4275250166211077 400
1694357995966 0.4271303301607684 401
1694357995992 0.4267077877877021 402
1694357996017 0.42624947465114876 403
1694357996351 0.4257946603347804 404
1694357996376 0.4253456338496401 405
1694357996401 0.42490953939812737 406
1694357996425 0.4244810758489279 407
1694357996475 0.4240321197150421 408
1694357996498 0.4235913208994852 409
1694357996523 0.4231543969039955 410
1694357996547 0.42271021419229177 411
1694357996574 0.4223008704888909 412
1694357996605 0.4218501528965272 413
1694357996630 0.4214366284552066 414
1694357996657 0.4210137580057915 415
1694357996686 0.42058303916726303 416
1694357996712 0.420143152439817 417
1694357996737 0.41970084454004153 418
1694357996762 0.41926913785828546 419
1694357996787 0.41886552542454925 420
1694357996812 0.41843816328492917 421
1694357996837 0.4180319505765146 422
1694357996864 0.41761199323509873 423
1694357996889 0.4172173624783716 424
1694357996915 0.41681222397132156 425
1694357996940 0.41641001949678214 426
1694357996964 0.4160147986141024 427
1694357996988 0.4156091813395385 428
1694357997076 0.4152191245884876 429
1694357997132 0.41482092604789106 430
1694357997156 0.4144008979197857 431
1694357997179 0.4140096578117471 432
1694357997203 0.41358567810685104 433
1694357997233 0.4131961610053349 434
1694357997259 0.41279610241014436 435
1694357997282 0.4124117172424963 436
1694357997308 0.4120266648066129 437
1694357997333 0.41163911493777566 438
1694357997358 0.41123560575775714 439
1694357997382 0.41087411712221245 440
1694357997410 0.4104564655103345 441
1694357997434 0.41007221457954224 442
1694357997459 0.4096909655895976 443
1694357997484 0.4092858270959034 444
1694357997536 0.40889700158314396 445
1694357997561 0.4085159499641506 446
1694357997589 0.40807551051811086 447
1694357997617 0.4076693512354288 448
1694357997642 0.4072806933924751 449
1694357997668 0.4068860918389019 450
1694357997693 0.40651492049180227 451
1694357997718 0.4061174576301878 452
1694357997745 0.40575616738966164 453
1694357997769 0.4053605205597769 454
1694357997796 0.4049434902051334 455
1694357997820 0.4045491009513349 456
1694357997845 0.40418368224270484 457
1694357997872 0.4038299667900484 458
1694357997897 0.40344825105188215 459
1694357997923 0.403074661133482 460
1694357997947 0.4027247684298418 461
1694357997972 0.4023822742979889 462
1694357997998 0.40199076144138574 463
1694357998024 0.40161310150886637 464
1694357998048 0.401256528707417 465
1694357998073 0.40088587815834903 466
1694357998103 0.4005161495629878 467
1694357998133 0.40014489147026894 468
1694357998158 0.3997691829213043 469
1694357998183 0.3994450077206174 470
1694357998208 0.3991077039993264 471
1694357998234 0.39875240889287694 472
1694357998260 0.39837807206548986 473
1694357998291 0.39801799340664007 474
1694357998316 0.39766708584651705 475
1694357998344 0.39730944976045085 476
1694357998370 0.39697448743926883 477
1694357998396 0.39660402305187004 478
1694357998422 0.39623441569042595 479
1694357998449 0.39588678910115527 480
1694357998500 0.3955327894621819 481
1694357998523 0.3951936241795002 482
1694357998546 0.3948567461532134 483
1694357998577 0.39449670739288956 484
1694357998602 0.3941283861272205 485
1694357998625 0.3938050507375172 486
1694357998650 0.3934623702238966 487
1694357998676 0.39310582817024636 488
1694357998700 0.3927681681092773 489
1694357998725 0.3924146008647109 490
1694357998750 0.3920452003459238 491
1694357998775 0.39172776774121587 492
1694357998802 0.39137689080454047 493
1694357998827 0.39101254294577786 494
1694357998852 0.39066924272765785 495
1694357998879 0.3903063771267721 496
1694357998903 0.390022771157746 497
1694357998927 0.38966071355825876 498
1694357998951 0.3893150595775681 499
1694357999064 0.3893150595775681 500
