1696075080186 1.8794637321122654 0
1696075080246 1.8098356732985865 1
1696075080269 1.7470632464009075 2
1696075080299 1.6950309559257604 3
1696075080327 1.6418356030669836 4
1696075080351 1.598104329256799 5
1696075080374 1.553062034813675 6
1696075080398 1.5144616483789295 7
1696075080426 1.4763196164566446 8
1696075080450 1.4420655585968072 9
1696075080477 1.403367917493976 10
1696075080500 1.3665478590439695 11
1696075080527 1.3327739594359882 12
1696075080553 1.300495067724136 13
1696075080583 1.2681495165446588 14
1696075080606 1.2371238492221572 15
1696075080630 1.2134669226180026 16
1696075080653 1.1859539962737966 17
1696075080677 1.1623443230201131 18
1696075080699 1.1388854965311954 19
1696075080728 1.118814713701866 20
1696075080751 1.094283815439006 21
1696075080814 1.0718424285730848 22
1696075080837 1.0477565927008787 23
1696075080858 1.0255055852190056 24
1696075080880 1.0038251839709202 25
1696075080944 0.9826306726319058 26
1696075081244 0.9643565023128915 27
1696075081274 0.947343955673513 28
1696075081302 0.9276597441259953 29
1696075081328 0.9079111019980618 30
1696075081351 0.8898354716677078 31
1696075081387 0.8751199864116413 32
1696075081412 0.8594101627974705 33
1696075081464 0.8425052736013492 34
1696075081488 0.8261968640299311 35
1696075081554 0.8097229463601785 36
1696075081582 0.7962120984190343 37
1696075081602 0.7799677088081725 38
1696075081871 0.7667982812655675 39
1696075081923 0.7519418577180567 40
1696075081966 0.7368043389117497 41
1696075081988 0.7225833123582107 42
1696075082016 0.7112653148691938 43
1696075082038 0.6975780504840262 44
1696075082061 0.6848192850179955 45
1696075082085 0.6723367098296888 46
1696075082107 0.6597234982129355 47
1696075082129 0.6478537814699534 48
1696075082156 0.6377003104793264 49
1696075082178 0.6261545086838372 50
1696075082201 0.6151508967175489 51
1696075082224 0.6038560866981997 52
1696075082247 0.592175976236586 53
1696075082270 0.5821714500449224 54
1696075082294 0.571914597109645 55
1696075082317 0.5615255089259512 56
1696075082340 0.5508194737680677 57
1696075082363 0.5409819965147126 58
1696075082388 0.5312089528127234 59
1696075082432 0.5225763049533009 60
1696075082453 0.5126606072267692 61
1696075082476 0.502945721589184 62
1696075082499 0.49403919966476106 63
1696075082524 0.4850186165546464 64
1696075082546 0.4771417879276693 65
1696075082567 0.46819828151441295 66
1696075082593 0.46005747136692215 67
1696075082615 0.4526116682884572 68
1696075082701 0.4443476965959013 69
1696075082712 0.4375113946391255 70
1696075082736 0.4303257572262027 71
1696075082756 0.4223582167792717 72
1696075082782 0.4151321873490855 73
1696075082804 0.4083406021029834 74
1696075082831 0.4007796670890904 75
1696075082853 0.39438106263683786 76
1696075082874 0.3870998935665563 77
1696075082904 0.38012787913454 78
1696075082932 0.3737628380265025 79
1696075082955 0.36752498380854953 80
1696075082979 0.36160657279718145 81
1696075083005 0.3556013265734988 82
1696075083029 0.34983297068397023 83
1696075083050 0.34345444337899256 84
1696075083072 0.3371832003393577 85
1696075083101 0.33151460491628904 86
1696075083127 0.32587656766240913 87
1696075083156 0.32022785062219267 88
1696075083181 0.3155198596045901 89
1696075083242 0.309946991561038 90
1696075083271 0.30569330855813404 91
1696075083295 0.30073509000961735 92
1696075083319 0.29528640860134786 93
1696075083388 0.2899441230952487 94
1696075083411 0.2847056734382407 95
1696075083444 0.2801951928399636 96
1696075083470 0.27540915272224226 97
1696075083495 0.2710599273291092 98
1696075083516 0.26634132033006913 99
1696075083542 0.26154907589977705 100
1696075083565 0.2571347667587418 101
1696075083634 0.25322227388470464 102
1696075083681 0.24937191353372556 103
1696075083722 0.24511463569505126 104
1696075083746 0.241252262569648 105
1696075083767 0.2371567759557796 106
1696075083789 0.23303501976068006 107
1696075083849 0.22929995282172913 108
1696075083872 0.2261120899458531 109
1696075083897 0.22254816148796122 110
1696075083923 0.2187593311569007 111
1696075083950 0.21597971960148096 112
1696075083974 0.2125970777599809 113
1696075084002 0.2090130581868192 114
1696075084030 0.20579572097649262 115
1696075084051 0.2021290558137012 116
1696075084077 0.19875852120020304 117
1696075084098 0.19522677873613975 118
1696075084163 0.1922921924934229 119
1696075084190 0.1890362435900392 120
1696075084236 0.18567996506443982 121
1696075084258 0.18256149079698875 122
1696075084283 0.1799059834946994 123
1696075084305 0.1768193095400116 124
1696075084339 0.17380381434489428 125
1696075084364 0.17110899585242084 126
1696075084389 0.16825208211360645 127
1696075084411 0.16544097340788194 128
1696075084435 0.16305336169545462 129
1696075084458 0.16072343221756957 130
1696075084485 0.1579835152620632 131
1696075084622 0.15555703194283166 132
1696075084644 0.15295573547051167 133
1696075084667 0.15042125335237014 134
1696075084691 0.14804851943935668 135
1696075084731 0.1455723676674424 136
1696075084756 0.14301136918416765 137
1696075084778 0.14058678044740403 138
1696075084797 0.13819497160100877 139
1696075084819 0.13576571119192543 140
1696075084841 0.1335201457283857 141
1696075084864 0.13153306189727434 142
1696075084887 0.12934106046513627 143
1696075084909 0.12713553220044083 144
1696075084932 0.12519053587865664 145
1696075084955 0.12299736879015792 146
1696075084979 0.121032096389901 147
1696075085004 0.11942496403657278 148
1696075085034 0.11760941371954835 149
1696075085056 0.11555033790386934 150
1696075085080 0.11370977052009969 151
1696075085103 0.11185146567700398 152
1696075085125 0.11011828302790211 153
1696075085152 0.10835515676836038 154
1696075085179 0.10681871792990678 155
1696075085216 0.1052648678104947 156
1696075085275 0.10348814784410347 157
1696075085297 0.10174281136602338 158
1696075085321 0.1002402947013641 159
1696075085345 0.09864935719558733 160
1696075085367 0.09698737262356098 161
1696075085390 0.09554914484760425 162
1696075085413 0.09388511243645405 163
1696075085436 0.09248011920850044 164
1696075085459 0.09101452040578303 165
1696075085481 0.08943099770113751 166
1696075085504 0.08792899083729537 167
1696075085542 0.08654017157614967 168
1696075085565 0.08511641096028529 169
1696075085589 0.08390770082691659 170
1696075085613 0.08258038667370894 171
1696075085635 0.08137686594839025 172
1696075085658 0.07996582206386954 173
1696075085687 0.0787070278271632 174
1696075085736 0.0774673949953338 175
1696075085765 0.07612740567356839 176
1696075085807 0.07509974415690927 177
1696075085828 0.07380015661506305 178
1696075085889 0.07268579460452601 179
1696075085911 0.07147184698926204 180
1696075085935 0.07028113010615952 181
1696075085955 0.06910149687373872 182
1696075085979 0.06815088063462035 183
1696075086001 0.06697293199287184 184
1696075086023 0.06585816954441634 185
1696075086047 0.06487180457911718 186
1696075086071 0.06375360717817746 187
1696075086095 0.06272496197986314 188
1696075086122 0.061894918849709074 189
1696075086152 0.06101825451218023 190
1696075086176 0.060176581615344844 191
1696075086199 0.05918023408687471 192
1696075086223 0.05830027836351667 193
1696075086246 0.05738818039295137 194
1696075086269 0.056424227802692586 195
1696075086290 0.05550852176408429 196
1696075086315 0.05467613961690444 197
1696075086341 0.053759381986455884 198
1696075086366 0.052902130935659604 199
1696075086389 0.05207539189007251 200
1696075086414 0.05125837652430149 201
1696075086439 0.05044315319925947 202
1696075086462 0.049687504228663394 203
1696075086487 0.048974883088312944 204
1696075086509 0.048372759200781816 205
1696075086530 0.04760373013015739 206
1696075086666 0.04686389653574253 207
1696075086691 0.04619551417659944 208
1696075086732 0.04544854808566588 209
1696075086758 0.044759113858817826 210
1696075086787 0.04401925226680213 211
1696075086815 0.043339539264324364 212
1696075086838 0.04259819801311922 213
1696075086865 0.042016358022376146 214
1696075086890 0.0413244802263774 215
1696075086923 0.040745805555533574 216
1696075086949 0.04009167487891167 217
1696075086972 0.039408926896068376 218
1696075087001 0.03876359157550923 219
1696075087024 0.03814020006243194 220
1696075087051 0.03754154068000846 221
1696075087076 0.03694715139304269 222
1696075087102 0.03635454060619995 223
1696075087127 0.035870863512438664 224
1696075087155 0.03534695781188756 225
1696075087185 0.034781393612393796 226
1696075087209 0.034222610516595094 227
1696075087238 0.03375286502421004 228
1696075087266 0.03320021837323566 229
1696075087332 0.03271017135379078 230
1696075087358 0.03229036895497503 231
1696075087385 0.0317433272453579 232
1696075087455 0.0312044445939376 233
1696075087482 0.030705557708799222 234
1696075087506 0.030249301371667876 235
1696075087535 0.029824479271215853 236
1696075087560 0.029353228553459534 237
1696075087588 0.02889675813929665 238
1696075087614 0.028522006663924102 239
1696075087635 0.028056647561717194 240
1696075087659 0.027616713093387625 241
1696075087684 0.02716272188770613 242
1696075087708 0.02670490194545525 243
1696075087730 0.026263796050246015 244
1696075087752 0.025844368512362766 245
1696075087775 0.025417630585279988 246
1696075087796 0.025025015557737812 247
1696075087818 0.024626116043772617 248
1696075087883 0.024210726080954603 249
1696075087958 0.0238515504236878 250
1696075087981 0.02349615123317219 251
1696075088006 0.023164951515955056 252
1696075088028 0.022793032235319054 253
1696075088050 0.022423005123479212 254
1696075088073 0.022067812318403775 255
1696075088096 0.021809009258779318 256
1696075088122 0.02145519315950103 257
1696075088143 0.021094216202857154 258
1696075088167 0.020803151232036417 259
1696075088202 0.020485487330146764 260
1696075088226 0.02019523612264655 261
1696075088248 0.01988640060067067 262
1696075088272 0.01957858292130071 263
1696075088298 0.01930187587805245 264
1696075088323 0.019056894866055277 265
1696075088344 0.01876056441180661 266
1696075088365 0.018447835615790272 267
1696075088388 0.01815872884579814 268
1696075088414 0.017921746347866 269
1696075088436 0.017647464302344075 270
1696075088459 0.017370147022470743 271
1696075088481 0.017158157769825683 272
1696075088503 0.01690677644081749 273
1696075088533 0.016661511928697574 274
1696075088564 0.01641165688007611 275
1696075088587 0.016200485254706673 276
1696075088611 0.01594812230425981 277
1696075088635 0.015688906188519303 278
1696075088658 0.015475345403359982 279
1696075088683 0.015244647316167854 280
1696075088705 0.014992844463469586 281
1696075088731 0.014762674297009106 282
1696075088754 0.014532965148157094 283
1696075088779 0.014323599421490172 284
1696075088801 0.01413737532733891 285
1696075088823 0.013941397938386148 286
1696075088846 0.01371127302005884 287
1696075088868 0.013491895290833838 288
1696075088890 0.01328385048678096 289
1696075088911 0.013065183813194676 290
1696075088934 0.012884924876527516 291
1696075088958 0.01269362235919349 292
1696075088985 0.012529471878385486 293
1696075089008 0.01233860591256146 294
1696075089031 0.012155371514729873 295
1696075089141 0.011997095044851826 296
1696075089166 0.01182779299369276 297
1696075089193 0.011675563070432304 298
1696075090116 0.0115140976089949 299
1696075091115 0.011342574428301451 300
1696075091136 0.011168456083657756 301
1696075091161 0.011014449568768228 302
1696075091188 0.0108482343131195 303
1696075091215 0.01069842362947925 304
1696075091249 0.01056813512975478 305
1696075091273 0.0104471855809088 306
1696075091297 0.010277418792337355 307
1696075091321 0.010132115201244471 308
1696075091346 0.00997204483715156 309
1696075091370 0.009818537722082039 310
1696075091536 0.009662971228247389 311
1696075091592 0.009505631381969939 312
1696075091619 0.009364319278089308 313
1696075091643 0.009217043895585671 314
1696075091663 0.009068120256284474 315
1696075091687 0.008929364668072433 316
1696075091713 0.008820544458486297 317
1696075091742 0.00870015987123921 318
1696075091766 0.008572972883561498 319
1696075091788 0.008433528447829087 320
1696075091813 0.008328683158583964 321
1696075091838 0.008202415290395886 322
1696075091863 0.008094302539206795 323
1696075091890 0.007979217211766176 324
1696075091921 0.007859271318995293 325
1696075091943 0.007735177944495134 326
1696075091968 0.007622912275133353 327
1696075092032 0.007533240870462556 328
1696075092085 0.0074426394492856434 329
1696075092110 0.007333205409126942 330
1696075092136 0.007222382022405578 331
1696075092215 0.007115566312797567 332
1696075092238 0.007016944092239255 333
1696075092262 0.006926557693688605 334
1696075092288 0.006837267010987216 335
1696075092311 0.006738766628649173 336
1696075092334 0.006634409476860659 337
1696075092358 0.006554551388600406 338
1696075092381 0.0064639087763846085 339
1696075092404 0.006367898600756222 340
1696075092444 0.006277521633931382 341
1696075092470 0.006209948127216032 342
1696075092491 0.006121145507409167 343
1696075092525 0.006054612173755103 344
1696075092551 0.005973281270698475 345
1696075092601 0.0058941283607111565 346
1696075092622 0.005804328626124317 347
1696075092645 0.005728296766284338 348
1696075092666 0.005645706673204924 349
1696075092695 0.0055726510863690955 350
1696075092718 0.005495472502849011 351
1696075092740 0.005425126581745692 352
1696075092760 0.00534108856211224 353
1696075092784 0.005261674671052021 354
1696075092805 0.00517878264733678 355
1696075092826 0.005102760528796472 356
1696075092845 0.005022515057660859 357
1696075092869 0.0049548268481328095 358
1696075092889 0.004876694653120142 359
1696075092912 0.004805833778279744 360
1696075092936 0.00473997921089026 361
1696075093027 0.004666082354849747 362
1696075093051 0.00460360083264698 363
1696075093075 0.004544684922066678 364
1696075093098 0.004473603943899071 365
1696075093119 0.0044060962707958996 366
1696075093142 0.004352570127510061 367
1696075093164 0.004294869664906778 368
1696075093187 0.004236423227969409 369
1696075093209 0.004176370320542342 370
1696075093230 0.004114315293725015 371
1696075093253 0.004056149427414957 372
1696075093292 0.00399933461275759 373
1696075093313 0.0039455267341199024 374
1696075093337 0.003888244050842726 375
1696075093358 0.003839847101789115 376
1696075093378 0.0037815393493363363 377
1696075093401 0.0037390182416327127 378
1696075093422 0.0036944477877891607 379
1696075093479 0.003644511028688274 380
1696075093501 0.003592434882538728 381
1696075093526 0.0035460245158060646 382
1696075093547 0.003497155369982081 383
1696075093589 0.0034481480539591868 384
1696075093613 0.003398697592008788 385
1696075093640 0.0033518661497792626 386
1696075093668 0.003301900041337657 387
1696075093699 0.0032662796311982508 388
1696075093723 0.0032165786883317153 389
1696075093745 0.0031677878115651194 390
1696075093774 0.003130403559857472 391
1696075093796 0.0030824357266087377 392
1696075093825 0.003040839823840447 393
1696075093848 0.0029960346470510836 394
1696075093874 0.002957952275948399 395
1696075093912 0.0029141217218807045 396
1696075094295 0.0028740004303422447 397
1696075094337 0.0028436591729369895 398
1696075094364 0.0028129458310421187 399
1696075094391 0.00278116561831814 400
1696075094417 0.0027460676831874294 401
1696075094439 0.0027085690036395566 402
1696075094466 0.0026729484593736967 403
1696075094492 0.0026332885188600787 404
1696075094518 0.0025965712299022997 405
1696075094540 0.0025579065311057934 406
1696075094575 0.002525356295244611 407
1696075094609 0.0024901214678976205 408
1696075094633 0.0024599621267780837 409
1696075094655 0.0024237199829456116 410
1696075094771 0.0023891218479671003 411
1696075094793 0.0023559999343975273 412
1696075094814 0.0023234270165322633 413
1696075094838 0.0022912950454603656 414
1696075094889 0.0022625257874126377 415
1696075094908 0.0022291861692047368 416
1696075094930 0.002200750679457904 417
1696075094954 0.0021733952913616755 418
1696075094979 0.002146544595663991 419
1696075095122 0.0021210353044141274 420
1696075095141 0.002093755221523123 421
1696075095163 0.0020647677623440663 422
1696075095184 0.0020378106000859828 423
1696075095221 0.0020096498787429795 424
1696075095241 0.0019819631840836175 425
1696075095261 0.001955138055525368 426
1696075095283 0.001933550482302467 427
1696075095306 0.0019087817427166673 428
1696075095330 0.0018847834909874303 429
1696075095350 0.00185789419253259 430
1696075095371 0.001831892735664339 431
1696075095394 0.0018086426845366132 432
1696075095414 0.0017843201073331353 433
1696075095434 0.001758356416414559 434
1696075095454 0.001733506548360482 435
1696075095551 0.0017107508007926499 436
1696075095572 0.0016887299655170926 437
1696075095596 0.0016667691115951392 438
1696075095617 0.001644634148807347 439
1696075095638 0.001623255709912581 440
1696075095658 0.001601815875035273 441
1696075095680 0.0015808610990980382 442
1696075095703 0.001561718765048302 443
1696075095726 0.001540848029951253 444
1696075095750 0.0015229460622772097 445
1696075095771 0.001504270267217817 446
1696075095791 0.0014852839294037994 447
1696075095814 0.0014698254691033307 448
1696075095835 0.0014491997074144887 449
1696075095855 0.0014325373939825137 450
1696075095876 0.0014139197583341217 451
1696075095897 0.0013948177289571009 452
1696075095919 0.0013768635416481286 453
1696075095942 0.0013614941414796195 454
1696075095962 0.0013427543838570154 455
1696075095983 0.0013245921412021406 456
1696075096006 0.0013107634426879127 457
1696075096038 0.0012984840089965654 458
1696075096058 0.001280675264913797 459
1696075096081 0.0012650421708870641 460
1696075096141 0.0012496319600764168 461
1696075096164 0.0012354665042406323 462
1696075096194 0.0012191429953060042 463
1696075096220 0.0012061006562347932 464
1696075096242 0.0011908139026151334 465
1696075096271 0.001174943823621803 466
1696075096301 0.0011608326307582968 467
1696075096319 0.001144818138495643 468
1696075096344 0.001129830205140162 469
1696075096371 0.0011162547622096492 470
1696075096468 0.0011032170956188224 471
1696075096489 0.001091080366981857 472
1696075096515 0.0010768824883868084 473
1696075096536 0.001062726116607215 474
1696075096558 0.0010508584670042601 475
1696075096581 0.0010395917607447793 476
1696075096606 0.0010268737761096596 477
1696075096627 0.001013675524196833 478
1696075096646 0.0010002260208679973 479
1696075096668 0.0009874076233313388 480
1696075096690 0.0009747649708156977 481
1696075096713 0.0009624470821582596 482
1696075096737 0.000952032635506951 483
1696075096758 0.0009396366926389128 484
1696075096782 0.0009304738830274122 485
1696075096807 0.0009184970639544481 486
1696075096835 0.0009091604855888346 487
1696075096860 0.0008977083399114963 488
1696075096888 0.0008865239559147513 489
1696075096910 0.0008765207216790382 490
1696075096928 0.0008649868321023305 491
1696075096951 0.0008539997963517275 492
1696075096973 0.0008437504756161379 493
1696075096995 0.0008342214306168077 494
1696075097021 0.000824112888770279 495
1696075097042 0.0008134517788377856 496
1696075097066 0.0008035475360911696 497
1696075097095 0.0007939406552166529 498
1696075097117 0.0007847124836284725 499
1696075097138 0.0007756803598630344 500
1696075097160 0.0007668320963391493 501
1696075097181 0.0007578675022472944 502
1696075097202 0.0007482235937797906 503
1696075097236 0.0007390270179904178 504
1696075097257 0.0007307698411200151 505
1696075097278 0.0007219271215028232 506
1696075097299 0.0007132484377812316 507
1696075097481 0.0007043826025232959 508
1696075097503 0.0006954151648389619 509
1696075097560 0.00068713238932132 510
1696075097580 0.0006789860167059989 511
1696075097605 0.0006720247616934795 512
1696075097624 0.0006634456619169097 513
1696075097675 0.0006556231733793609 514
1696075097696 0.0006486214102584458 515
1696075097719 0.000640493509348636 516
1696075097815 0.0006325979787694699 517
1696075097876 0.0006264990872360521 518
1696075097897 0.0006194394452905363 519
1696075097926 0.0006122357251267304 520
1696075097955 0.0006054934825821175 521
1696075097977 0.000598827297384483 522
1696075097996 0.000591703199177362 523
1696075098019 0.0005843226212982732 524
1696075098038 0.00057724646408039 525
1696075098061 0.0005716820676336076 526
1696075098092 0.0005648971452105265 527
1696075098111 0.0005577756576508692 528
1696075098131 0.0005515238078150768 529
1696075098194 0.0005452090616330218 530
1696075098220 0.0005387827913665158 531
1696075098241 0.0005338758089775358 532
1696075098276 0.000527716599573378 533
1696075098300 0.0005216830724026862 534
1696075098319 0.0005155443895397996 535
1696075098354 0.0005095231192755639 536
1696075098376 0.0005034435211429062 537
1696075098399 0.0004985304774279941 538
1696075098423 0.0004924638536465046 539
1696075098444 0.0004865091959916382 540
1696075098467 0.0004809577207790824 541
1696075098569 0.00047531133262022625 542
1696075098590 0.0004700383160665281 543
1696075098613 0.00046510639265358544 544
1696075098634 0.000459654544627927 545
1696075098653 0.00045446273096607677 546
1696075098676 0.0004500374337757783 547
1696075098697 0.00044503708063744145 548
1696075098718 0.00044028760823537226 549
1696075098737 0.00043526370011096586 550
1696075098758 0.0004302463019321962 551
1696075098779 0.0004249825230160389 552
1696075098860 0.00042028505929118503 553
1696075098912 0.00041521794215479505 554
1696075098934 0.0004113346385404131 555
1696075098957 0.00040778887784684444 556
1696075098978 0.00040310867321080297 557
1696075099005 0.0003983904923438031 558
1696075099030 0.0003946227549763093 559
1696075099051 0.0003908168223861389 560
1696075099072 0.0003866368317978244 561
1696075099093 0.00038211531653874247 562
1696075099115 0.00037844792023959434 563
1696075099137 0.00037430053824208625 564
1696075099156 0.0003699287403306163 565
1696075099176 0.0003658770819102043 566
1696075099200 0.00036238042249325645 567
1696075099223 0.00035897247501129564 568
1696075099248 0.00035530299044722927 569
1696075099270 0.00035121631097458506 570
1696075099293 0.0003471844776551472 571
1696075099314 0.0003430657099867616 572
1696075099366 0.0003390171817809993 573
1696075099517 0.0003349881584867399 574
1696075099536 0.00033085807672217577 575
1696075099556 0.00032723906272980166 576
1696075099633 0.00032343178945307865 577
1696075099653 0.00031951955849533124 578
1696075099673 0.00031589143408475593 579
1696075099702 0.00031271588232417556 580
1696075099721 0.00030895583261751343 581
1696075099745 0.0003053155066774477 582
1696075099764 0.00030197131451196936 583
1696075099786 0.00029840215143391534 584
1696075099806 0.0002951897643352644 585
1696075099831 0.000292731818609091 586
1696075099855 0.0002894866403812371 587
1696075099877 0.00028605650775597466 588
1696075099899 0.00028324425490619624 589
1696075099921 0.0002804751575608008 590
1696075099957 0.00027782882096679166 591
1696075099983 0.0002749774650534773 592
1696075100004 0.00027219136184803414 593
1696075100025 0.0002692708047771038 594
1696075100046 0.0002662599726713496 595
1696075100067 0.00026300004322408257 596
1696075100088 0.00026033291979941946 597
1696075100132 0.00025756094978267606 598
1696075100152 0.0002545367514801694 599
1696075100185 0.0002519038203554291 600
1696075100333 0.00043526370011096586 601
