1694356858481 1.9112559708306014 0
1694356858510 1.8749211141451962 1
1694356858545 1.8420563924212046 2
1694356858571 1.8104302335875366 3
1694356858595 1.7807909723099327 4
1694356858618 1.7523693454119451 5
1694356858644 1.7256789309932485 6
1694356858674 1.7002696761228009 7
1694356858698 1.675533048762924 8
1694356858724 1.652075670673125 9
1694356858750 1.62929157105139 10
1694356858775 1.6075080341345855 11
1694356858801 1.5863146803010502 12
1694356858826 1.565990996771489 13
1694356858852 1.546311798554798 14
1694356858880 1.5274009805526911 15
1694356858905 1.5087165595684287 16
1694356858929 1.4908607470585264 17
1694356858957 1.4735261253239045 18
1694356858985 1.4565848639000682 19
1694356859061 1.4405003527272329 20
1694356859105 1.4244690709162704 21
1694356859138 1.4089654058178318 22
1694356859164 1.3938859672965622 23
1694356859190 1.3790751474994862 24
1694356859215 1.364702393145773 25
1694356859241 1.3505486792144343 26
1694356859266 1.3366231941121298 27
1694356859292 1.3230397452074956 28
1694356859317 1.3099312423843747 29
1694356859344 1.2972204328005554 30
1694356859370 1.2846402468952054 31
1694356859396 1.272290509675846 32
1694356859423 1.2603801393942367 33
1694356859448 1.2486699404780877 34
1694356859473 1.237214589884323 35
1694356859498 1.2259230816822837 36
1694356859523 1.2149289440079016 37
1694356859549 1.2042898355630152 38
1694356859573 1.1937752305110658 39
1694356859611 1.1833800736601563 40
1694356859640 1.173195933081948 41
1694356859664 1.1634330402767594 42
1694356859691 1.153603549990022 43
1694356859717 1.1440271502814061 44
1694356859769 1.1346302145200975 45
1694356859794 1.1253626972579254 46
1694356859821 1.1163356366020276 47
1694356859850 1.1073460967606459 48
1694356859879 1.0986956845800642 49
1694356859906 1.0901929249927578 50
1694356859932 1.0818996138058432 51
1694356859960 1.0736837106364574 52
1694356860134 1.0656240754984876 53
1694356860238 1.0577601491515782 54
1694356860278 1.0500078982901229 55
1694356860304 1.042295372382858 56
1694356860329 1.0347983948969228 57
1694356860355 1.0273136257954323 58
1694356860380 1.0199992935902626 59
1694356860486 1.0128580827274436 60
1694356860514 1.0057898373571295 61
1694356860543 0.9988779247605227 62
1694356860570 0.9921373822529643 63
1694356860595 0.9853346129458661 64
1694356860623 0.9788019473556858 65
1694356860656 0.9723358387153778 66
1694356860687 0.9659981039660446 67
1694356860713 0.9598126508969407 68
1694356860738 0.9537381903550085 69
1694356860767 0.947699675746616 70
1694356860796 0.9417380870511188 71
1694356860824 0.9357912876929957 72
1694356860852 0.9300171780927167 73
1694356860887 0.9242615469747087 74
1694356860922 0.9186106838544417 75
1694356860961 0.9129957036630951 76
1694356860987 0.9076192738170238 77
1694356861043 0.9022719175852614 78
1694356861094 0.8969984070210648 79
1694356861132 0.8918329949820568 80
1694356861191 0.8867508072415241 81
1694356861218 0.8817336850953321 82
1694356861267 0.8767487157345409 83
1694356861292 0.8719152013705104 84
1694356861318 0.8670866270438045 85
1694356861344 0.8622621853665897 86
1694356861370 0.8576276090928978 87
1694356861396 0.8530637179395251 88
1694356861422 0.8485400404949354 89
1694356861449 0.844028549665568 90
1694356861475 0.8396225898511278 91
1694356861502 0.8353314226732471 92
1694356861529 0.8311089869650063 93
1694356861555 0.8268689724434503 94
1694356861580 0.8226805539300933 95
1694356861607 0.8185501604076555 96
1694356861634 0.8146285795827596 97
1694356861660 0.8107224423052756 98
1694356861686 0.8067542038378359 99
1694356861728 0.8028752058238998 100
1694356861754 0.799022545529773 101
1694356861805 0.795293932462067 102
1694356861831 0.7915306130605368 103
1694356861858 0.7878732231737853 104
1694356861886 0.7842382921348013 105
1694356861912 0.7807343658304232 106
1694356861939 0.777233779571029 107
1694356861966 0.7736581249297599 108
1694356861993 0.7701606009516033 109
1694356862033 0.7667609167130939 110
1694356862060 0.7633508932172709 111
1694356862087 0.7600510589339327 112
1694356862113 0.7568531233444965 113
1694356862141 0.7536200176824699 114
1694356862167 0.7504124382718063 115
1694356862195 0.7473337738634885 116
1694356862221 0.7442834496019186 117
1694356862249 0.7411767466462388 118
1694356862277 0.7381648847647836 119
1694356862305 0.7352009644431339 120
1694356862333 0.7322262399404029 121
1694356862362 0.7293624113497013 122
1694356862393 0.7264583545316339 123
1694356862421 0.7235956755330187 124
1694356862449 0.7207688382904404 125
1694356862480 0.717961342586622 126
1694356862508 0.7152436811533367 127
1694356862535 0.7125007816796027 128
1694356862562 0.7098449726279864 129
1694356862589 0.707123982946933 130
1694356862617 0.7044975852274138 131
1694356862646 0.7019220222101108 132
1694356862678 0.6994692036142655 133
1694356862705 0.6969150422911224 134
1694356862733 0.6944422178426596 135
1694356862761 0.6919668200599238 136
1694356862789 0.6895271801784569 137
1694356862816 0.6870524320862772 138
1694356862844 0.6846650012560627 139
1694356862872 0.6822757523167893 140
1694356862902 0.6799266362424145 141
1694356862935 0.6776454370330645 142
1694356862981 0.6753625713326081 143
1694356863016 0.6731398303975977 144
1694356863045 0.6709290886391946 145
1694356863074 0.6688034194643652 146
1694356863124 0.6665719575528994 147
1694356863149 0.6643957307316107 148
1694356863175 0.662287099782642 149
1694356863201 0.6601633569159744 150
1694356863229 0.6580937736518693 151
1694356863266 0.6560681738653613 152
1694356863296 0.6540939409467351 153
1694356863407 0.6520526942572249 154
1694356863436 0.6500386087402854 155
1694356863462 0.6480602383838056 156
1694356863488 0.646106449590132 157
1694356863515 0.6442097554193374 158
1694356863541 0.6422849679085009 159
1694356863567 0.6403848467772943 160
1694356863594 0.6384494477247251 161
1694356863621 0.6365760892744142 162
1694356863647 0.6347001687465283 163
1694356863692 0.6328998491099482 164
1694356863719 0.6311201140873586 165
1694356863745 0.6293398032137478 166
1694356863771 0.6275971798696552 167
1694356863797 0.6258514099339292 168
1694356863848 0.6240755896748768 169
1694356863875 0.6224013801893986 170
1694356863901 0.6207222727749103 171
1694356863931 0.6190475751630486 172
1694356863957 0.617387877917698 173
1694356863984 0.615710443057812 174
1694356864013 0.6140498341843573 175
1694356864039 0.6124206272554881 176
1694356864064 0.610755476447719 177
1694356864090 0.6091308009445938 178
1694356864118 0.6075354866770442 179
1694356864144 0.6059750384545838 180
1694356864169 0.6044278559475652 181
1694356864195 0.602886229295652 182
1694356864223 0.6013594708408717 183
1694356864249 0.5998471013510985 184
1694356864273 0.5983763356889925 185
1694356864299 0.5968529243943451 186
1694356864324 0.5953725929270506 187
1694356864351 0.5939286974172128 188
1694356864377 0.5924354874478625 189
1694356864403 0.5910149026005123 190
1694356864430 0.5895384854500432 191
1694356864459 0.5881343713812032 192
1694356864484 0.5867425213673623 193
1694356864511 0.5853260347320791 194
1694356864537 0.5839251054327643 195
1694356864564 0.5825971516403678 196
1694356864590 0.5812611622936026 197
1694356864616 0.5799365182128259 198
1694356864642 0.5786244752519232 199
1694356864669 0.577304646487871 200
1694356864695 0.576008397774052 201
1694356864720 0.5746532741883099 202
1694356864747 0.5733723143404679 203
1694356864773 0.5720661789172962 204
1694356864802 0.5708094829103985 205
1694356864829 0.5695910890743053 206
1694356864856 0.5683539314143063 207
1694356864883 0.5671148670416746 208
1694356864909 0.5659068780209168 209
1694356864939 0.5647055629206402 210
1694356864964 0.5635100725348278 211
1694356864989 0.5623114964917549 212
1694356865017 0.5611528872481564 213
1694356865043 0.559969931301887 214
1694356865069 0.5588173328710199 215
1694356865096 0.5576865712604022 216
1694356865147 0.5565532071516802 217
1694356865171 0.5554003748159919 218
1694356865196 0.5542775267746636 219
1694356865223 0.5531751655341871 220
1694356865252 0.5520983434743889 221
1694356865277 0.5509551570222407 222
1694356865302 0.5498688900596286 223
1694356865329 0.5487982125466154 224
1694356865406 0.547746339094922 225
1694356865462 0.5466571994033567 226
1694356865488 0.5455365280211433 227
1694356865513 0.5445206470995766 228
1694356865542 0.5434705882951936 229
1694356865568 0.5424239241166302 230
1694356865595 0.5414236188363393 231
1694356865620 0.5404580974053402 232
1694356865646 0.5394422537975574 233
1694356865672 0.5384672039145212 234
1694356865699 0.537469369942704 235
1694356865725 0.5364987277593549 236
1694356865752 0.5355019797969492 237
1694356865778 0.5345267312155079 238
1694356865812 0.5335271618332109 239
1694356865837 0.5325912114986732 240
1694356865888 0.5316279658276716 241
1694356865914 0.5307056508966685 242
1694356865939 0.529774763037218 243
1694356865968 0.5288412700927514 244
1694356865996 0.5278960383942333 245
1694356866021 0.5269403661725784 246
1694356866056 0.5260484848436726 247
1694356866081 0.5251237854541525 248
1694356866105 0.5242335255507296 249
1694356866130 0.5233121360327385 250
1694356866155 0.5224021622854949 251
1694356866181 0.521496658746834 252
1694356866205 0.5206498740529405 253
1694356866233 0.519756101587746 254
1694356866257 0.5188908285197478 255
1694356866281 0.5180071379046508 256
1694356866305 0.517149457763079 257
1694356866330 0.5163013823396211 258
1694356866355 0.5154612495299776 259
1694356866380 0.5146201758503737 260
1694356866405 0.5137865509050286 261
1694356866432 0.5129745322844227 262
1694356866456 0.5121576494776308 263
1694356866482 0.5113389790733098 264
1694356866509 0.5105183682209089 265
1694356866534 0.5097174134875715 266
1694356866559 0.5089138259146291 267
1694356866584 0.5080949532830714 268
1694356866610 0.5072738640833651 269
1694356866635 0.5065009796665693 270
1694356866660 0.5056973597853706 271
1694356866685 0.5049185668444083 272
1694356866714 0.5041479903359491 273
1694356866739 0.503386665712364 274
1694356866764 0.5025859053636744 275
1694356866788 0.5018512388943899 276
1694356866815 0.5010933343878247 277
1694356866841 0.5003048132493695 278
1694356866866 0.4995595937514664 279
1694356866892 0.4988138999340486 280
1694356866916 0.49809465551145327 281
1694356866943 0.4973525345785103 282
1694356866968 0.4965946029565147 283
1694356866993 0.4958949741936955 284
1694356867019 0.4951727701366609 285
1694356867045 0.49444243373140384 286
1694356867072 0.4936987674931742 287
1694356867097 0.4929301090260985 288
1694356867123 0.49220080033401403 289
1694356867148 0.4914879953527305 290
1694356867198 0.49078459432476423 291
1694356867222 0.4900830027180312 292
1694356867249 0.48940816538599285 293
1694356867274 0.488715099090848 294
1694356867300 0.4880295228854901 295
1694356867325 0.487371603979221 296
1694356867350 0.4866990371953818 297
1694356867376 0.48602064538981915 298
1694356867403 0.48534881568701743 299
1694356867429 0.4846687344996419 300
1694356867532 0.48401363724637503 301
1694356867556 0.48336600133219465 302
1694356867580 0.482700707217532 303
1694356867606 0.48204112805642496 304
1694356867631 0.48138529120227286 305
1694356867656 0.4807209628058872 306
1694356867681 0.4800780671599243 307
1694356867706 0.47945339583223184 308
1694356867731 0.4788039791686721 309
1694356867755 0.4781587350415479 310
1694356867782 0.477539152395799 311
1694356867809 0.4769220757021474 312
1694356867835 0.47626820134926073 313
1694356867862 0.4756472005039645 314
1694356867914 0.4750033100529048 315
1694356867938 0.4743738501085424 316
1694356867966 0.47375621568022225 317
1694356867995 0.4731482998275567 318
1694356868019 0.47252373338951165 319
1694356868046 0.47192883369666605 320
1694356868070 0.4713431477882293 321
1694356868096 0.4707636732134204 322
1694356868121 0.4701665428873053 323
1694356868148 0.4695464845481405 324
1694356868173 0.46895702083156127 325
1694356868197 0.46834831843137226 326
1694356868223 0.46777985702554714 327
1694356868252 0.4672160611249286 328
1694356868278 0.46661083970424505 329
1694356868302 0.4660537232833843 330
1694356868328 0.4654546509918577 331
1694356868353 0.46485702274288515 332
1694356868380 0.46426786221092586 333
1694356868406 0.46366159967709786 334
1694356868430 0.4630980110489204 335
1694356868458 0.46250575497142854 336
1694356868484 0.4619779894053383 337
1694356868513 0.46141627203780006 338
1694356868539 0.46081479280413074 339
1694356868564 0.46023795262102385 340
1694356868589 0.45966483936050473 341
1694356868615 0.4591380613045705 342
1694356868642 0.45861132981024555 343
1694356868667 0.45809770792031085 344
1694356868694 0.4575589825344083 345
1694356868722 0.456997631745123 346
1694356868748 0.45645067054868127 347
1694356868776 0.45590591884102655 348
1694356868802 0.4553374043790956 349
1694356868830 0.45480036630737297 350
1694356868857 0.4542920406514396 351
1694356868885 0.4538042097112651 352
1694356868911 0.45328492217194455 353
1694356868940 0.4527499526610831 354
1694356868965 0.45224897073455517 355
1694356868991 0.4517232347992388 356
1694356869023 0.4512119161901449 357
1694356869051 0.4506854074711454 358
1694356869077 0.45017939225957354 359
1694356869103 0.4496585755519253 360
1694356869129 0.44913197309391345 361
1694356869156 0.44859958580951426 362
1694356869183 0.44812569014380715 363
1694356869234 0.4475876042496517 364
1694356869258 0.447115732628956 365
1694356869286 0.446556301008997 366
1694356869314 0.4460632067230479 367
1694356869339 0.4455901641267963 368
1694356869363 0.44509158596788045 369
1694356869388 0.4446077454373779 370
1694356869414 0.4441076254114167 371
1694356869439 0.4436145371754977 372
1694356869465 0.4431393816940736 373
1694356869489 0.442687584670938 374
1694356869577 0.4422220898668918 375
1694356869625 0.44172488751367495 376
1694356869648 0.4412838803803401 377
1694356869672 0.44079983407797413 378
1694356869726 0.4403178609474728 379
1694356869751 0.4398283346461862 380
1694356869776 0.43932419446500537 381
1694356869804 0.43881153163248543 382
1694356869831 0.43834559538836765 383
1694356869856 0.43788330236953193 384
1694356869880 0.4374376008694341 385
1694356869904 0.4369909666869237 386
1694356869956 0.4365277980453177 387
1694356869983 0.43606539335807165 388
1694356870011 0.43563359577512756 389
1694356870038 0.43518359229701786 390
1694356870073 0.43475841116214375 391
1694356870098 0.4343128160168002 392
1694356870124 0.4338778927986216 393
1694356870149 0.4334287641273625 394
1694356870174 0.43298423231455274 395
1694356870201 0.4325270877952861 396
1694356870227 0.4320528036495229 397
1694356870252 0.43159519322551537 398
1694356870292 0.43115379771296936 399
1694356870318 0.4306764263728828 400
1694356870343 0.43021173211097374 401
1694356870368 0.4297340074494945 402
1694356870393 0.4292546204407214 403
1694356870418 0.4288137249501151 404
1694356870443 0.4284069446351258 405
1694356870468 0.42798632414857823 406
1694356870492 0.42756987203907787 407
1694356870517 0.4271106459283934 408
1694356870545 0.42667380542807415 409
1694356870571 0.42625281421758937 410
1694356870597 0.42576826209322755 411
1694356870622 0.42537786708892933 412
1694356870649 0.4249679662532864 413
1694356870673 0.4245276521048944 414
1694356870702 0.4240702541275322 415
1694356870727 0.423663118776266 416
1694356870752 0.4232447517940672 417
1694356870779 0.4228063265159064 418
1694356870805 0.42238316923605784 419
1694356870830 0.4219629646018557 420
1694356870855 0.4215377177084133 421
1694356870881 0.42107989531418916 422
1694356870907 0.42065341212433893 423
1694356870933 0.4202300056511062 424
1694356870957 0.4198261902302992 425
1694356870983 0.41938274637608036 426
1694356871008 0.41898932333001415 427
1694356871032 0.41856537177478054 428
1694356871056 0.4181542546672857 429
1694356871087 0.4177082485274509 430
1694356871111 0.4173234588733592 431
1694356871138 0.41690537394380967 432
1694356871163 0.4164855138522907 433
1694356871189 0.4160907011769826 434
1694356871215 0.41567552425636306 435
1694356871283 0.41527940516431655 436
1694356871310 0.4148905581295544 437
1694356871334 0.4144814667985798 438
1694356871361 0.41409964583565473 439
1694356871385 0.41371363884650186 440
1694356871410 0.41331995534391885 441
1694356871436 0.41291720154282574 442
1694356871462 0.412516066314751 443
1694356871487 0.41209184574176316 444
1694356871512 0.41168550301554646 445
1694356871539 0.4113045427332372 446
1694356871566 0.4109187549250507 447
1694356871592 0.4105309668659058 448
1694356871694 0.4101653901978716 449
1694356871717 0.40977501000528355 450
1694356871746 0.4093968241768329 451
1694356871771 0.40902500141713294 452
1694356871796 0.40863957655022765 453
1694356871823 0.40824824121051356 454
1694356871849 0.40789065296797505 455
1694356871874 0.40752641438733794 456
1694356871902 0.40717205782203636 457
1694356871928 0.40684215625621273 458
1694356871954 0.40647394863540776 459
1694356872005 0.4061008321991046 460
1694356872032 0.405735969682569 461
1694356872057 0.4053461662953576 462
1694356872084 0.4049795637384928 463
1694356872110 0.4046028213123869 464
1694356872137 0.4042309387167745 465
1694356872161 0.4038612901410459 466
1694356872185 0.4035008792774365 467
1694356872211 0.40312789453191106 468
1694356872235 0.4028060420376472 469
1694356872260 0.4024470653092048 470
1694356872285 0.4020866633410544 471
1694356872312 0.40171435199053546 472
1694356872339 0.4013538760595598 473
1694356872364 0.4009626628535546 474
1694356872388 0.40062043578103684 475
1694356872413 0.4002622115820015 476
1694356872440 0.399902143147978 477
1694356872464 0.3995608402477469 478
1694356872489 0.3992143803704061 479
1694356872514 0.39885075574917545 480
1694356872541 0.39848587961474435 481
1694356872565 0.39815271674350705 482
1694356872590 0.3978273093033187 483
1694356872619 0.39744450505568324 484
1694356872644 0.3971008683985878 485
1694356872670 0.3967470365437987 486
1694356872696 0.396423184663112 487
1694356872722 0.39604379106830884 488
1694356872748 0.3957123966824104 489
1694356872776 0.3953347852911988 490
1694356872802 0.39498566625612314 491
1694356872828 0.39465419888481784 492
1694356872854 0.39430409347172507 493
1694356872882 0.3939718351841043 494
1694356872907 0.39362807327035637 495
1694356872932 0.3932832684067351 496
1694356872959 0.39296515354678174 497
1694356872988 0.39262956327340415 498
1694356873013 0.3923265593792767 499
1694356873122 0.3923265593792767 500
