1694357875747 1.9110737750511635 0
1694357875780 1.8744299169026646 1
1694357875810 1.841571881589343 2
1694357875837 1.8099558342036932 3
1694357875862 1.7803085926992104 4
1694357875887 1.752261784735173 5
1694357875912 1.7254122122273436 6
1694357875936 1.699941514831035 7
1694357875967 1.675339338224722 8
1694357875992 1.6516251761332177 9
1694357876016 1.6288789110515 10
1694357876041 1.6070422368481196 11
1694357876065 1.5857869743157906 12
1694357876091 1.5653826456693032 13
1694357876115 1.5457332935638408 14
1694357876141 1.5267389870915224 15
1694357876166 1.5080347296819185 16
1694357876193 1.4901156306292007 17
1694357876228 1.4727385910414323 18
1694357876252 1.4557310099367011 19
1694357876278 1.4395554408650757 20
1694357876302 1.4233418051685431 21
1694357876331 1.4077319231667227 22
1694357876356 1.392720506925152 23
1694357876381 1.3778810268977966 24
1694357876407 1.3634646245426283 25
1694357876432 1.3493235150227207 26
1694357876463 1.3353564253672225 27
1694357876514 1.3217511881053343 28
1694357876538 1.308551880137504 29
1694357876562 1.2958677377130814 30
1694357876586 1.283311015861361 31
1694357876617 1.2709762235074749 32
1694357876644 1.2589524445390983 33
1694357876668 1.2472622066011696 34
1694357876694 1.2358027899143587 35
1694357876720 1.2243951550580163 36
1694357876750 1.213455495382681 37
1694357876776 1.2026996720329552 38
1694357876801 1.1921420723628149 39
1694357876839 1.1818871322658058 40
1694357876897 1.1716894029480385 41
1694357876923 1.1619335442975298 42
1694357876980 1.1521772361295612 43
1694357877006 1.1425638718989106 44
1694357877030 1.1331711420571853 45
1694357877059 1.1238516978112694 46
1694357877088 1.114903759085883 47
1694357877112 1.1058724478256556 48
1694357877139 1.097238797208409 49
1694357877164 1.08873854795698 50
1694357877189 1.0803615638730868 51
1694357877216 1.0721154450132409 52
1694357877241 1.0639776332716417 53
1694357877269 1.0561128800194641 54
1694357877295 1.0482993667044376 55
1694357877323 1.0406183269893365 56
1694357877348 1.033068657377852 57
1694357877375 1.0255668727052345 58
1694357877401 1.0183064574037377 59
1694357877428 1.0112056608844493 60
1694357877459 1.0040976386936218 61
1694357877509 0.9971787192288819 62
1694357877533 0.9904118878701443 63
1694357877563 0.9835838499861753 64
1694357877592 0.977060318227912 65
1694357877616 0.9706450496955895 66
1694357877645 0.9643001177286 67
1694357877671 0.9580591615175468 68
1694357877696 0.9518460631493559 69
1694357877721 0.9458070392211619 70
1694357877745 0.9398874736814012 71
1694357877772 0.9340185962488573 72
1694357877802 0.9282613723172871 73
1694357877829 0.9225072479184371 74
1694357877855 0.9168140144040205 75
1694357877882 0.9112155846774049 76
1694357877910 0.9058474938312516 77
1694357877936 0.9004996639216953 78
1694357877967 0.8951956485546013 79
1694357877994 0.8900272653363185 80
1694357878020 0.884943769119168 81
1694357878046 0.8799453062001745 82
1694357878074 0.8749359093652499 83
1694357878104 0.8700605467571021 84
1694357878131 0.8652682682537376 85
1694357878158 0.8604604253929684 86
1694357878184 0.8558118065820982 87
1694357878212 0.8512178640810778 88
1694357878241 0.846694521988028 89
1694357878266 0.8422413233784191 90
1694357878291 0.8378488807732722 91
1694357878317 0.8335792239434068 92
1694357878345 0.8293329100946792 93
1694357878372 0.8251526739204851 94
1694357878398 0.8209534495424943 95
1694357878424 0.8168426077077846 96
1694357878456 0.8128792198176493 97
1694357878483 0.8089543829650915 98
1694357878509 0.8050386383220363 99
1694357878560 0.8012003226208658 100
1694357878584 0.7973748246313236 101
1694357878610 0.7936435579675368 102
1694357878636 0.789899359053554 103
1694357878662 0.7862241246594325 104
1694357878689 0.7825911664248764 105
1694357878714 0.779067348678767 106
1694357878740 0.7755533502795957 107
1694357878766 0.771988171739234 108
1694357878792 0.7685120734276728 109
1694357878819 0.7651131451001546 110
1694357878847 0.7616656998052477 111
1694357878873 0.7583607137531477 112
1694357878901 0.7551895130740698 113
1694357878927 0.7519624117291398 114
1694357879049 0.7487964597206801 115
1694357879076 0.7456740931486536 116
1694357879101 0.7426343217006105 117
1694357879127 0.7395110791140143 118
1694357879153 0.7365027838578582 119
1694357879178 0.7335258283538536 120
1694357879204 0.7305139041581362 121
1694357879230 0.7276032012820891 122
1694357879256 0.7247172237926857 123
1694357879282 0.7218664909312169 124
1694357879307 0.7190220890738251 125
1694357879332 0.7162449133220544 126
1694357879358 0.7134574662704715 127
1694357879390 0.7107814867104986 128
1694357879417 0.7081414009575715 129
1694357879449 0.7055096462722508 130
1694357879479 0.7028831562753877 131
1694357879507 0.700237123628649 132
1694357879553 0.6977471265804646 133
1694357879582 0.6952093629537656 134
1694357879608 0.692636078150345 135
1694357879633 0.6901744317961231 136
1694357879661 0.6877290241163193 137
1694357879686 0.6852319806438159 138
1694357879711 0.6828453867530927 139
1694357879737 0.6804986889327025 140
1694357879762 0.678157104741039 141
1694357879788 0.6758483491454766 142
1694357879814 0.6735825524668414 143
1694357879841 0.6713511016310048 144
1694357879865 0.6691204755486686 145
1694357879893 0.6669479448206364 146
1694357879924 0.6647400277491243 147
1694357879956 0.6625733845018434 148
1694357879984 0.6604215817115394 149
1694357880008 0.6583347282698744 150
1694357880053 0.6562487356171154 151
1694357880091 0.6541811934007251 152
1694357880116 0.6522026802109785 153
1694357880148 0.6501418666583878 154
1694357880181 0.648091725002268 155
1694357880209 0.6461094692947945 156
1694357880236 0.6441615719604852 157
1694357880262 0.6422393988195637 158
1694357880286 0.6403070219072959 159
1694357880313 0.6384154396885351 160
1694357880339 0.6364743779707249 161
1694357880364 0.6346438436615377 162
1694357880391 0.632815981652296 163
1694357880416 0.6309805854197008 164
1694357880445 0.6291613820769961 165
1694357880476 0.6273471339041021 166
1694357880502 0.6255871073332481 167
1694357880529 0.6238011287218636 168
1694357880557 0.6220761304346362 169
1694357880605 0.6204075920522182 170
1694357880631 0.6186859263147236 171
1694357880656 0.6170255054787104 172
1694357880682 0.6153540322444055 173
1694357880707 0.6137172746525554 174
1694357880734 0.6121075631677199 175
1694357880761 0.6105028561388468 176
1694357880786 0.6088529814016015 177
1694357880821 0.6072825374452023 178
1694357880848 0.6056778313394051 179
1694357880874 0.6041532812077359 180
1694357880899 0.6026385361332963 181
1694357880924 0.6010959187990677 182
1694357880950 0.5995693654936052 183
1694357880985 0.5980556549133383 184
1694357881011 0.5965584381107455 185
1694357881036 0.5950670077882907 186
1694357881073 0.5936100178193978 187
1694357881159 0.5921387825730325 188
1694357881185 0.5906775692466364 189
1694357881213 0.5892613760262684 190
1694357881239 0.5877771256691258 191
1694357881264 0.5863659574315775 192
1694357881291 0.5849840962095639 193
1694357881323 0.583572476439407 194
1694357881347 0.5822302926872052 195
1694357881371 0.5809060214636691 196
1694357881399 0.5795487567515841 197
1694357881424 0.5781766350779479 198
1694357881467 0.576870935352462 199
1694357881492 0.5755640804478724 200
1694357881519 0.5742658976842081 201
1694357881570 0.5729901799072531 202
1694357881596 0.5716684932209892 203
1694357881621 0.5704038509613664 204
1694357881650 0.5691460840369209 205
1694357881677 0.5678861988194175 206
1694357881702 0.5666120009974334 207
1694357881727 0.5654015555513742 208
1694357881751 0.5642591808130378 209
1694357881777 0.5630446236862922 210
1694357881802 0.5618481525870153 211
1694357881827 0.560658196880483 212
1694357881852 0.5595030370591482 213
1694357881879 0.5583383167744502 214
1694357881906 0.5571344203600129 215
1694357881931 0.5559850539746088 216
1694357881966 0.5548306081316499 217
1694357881993 0.5536980524762241 218
1694357882018 0.5525733793674555 219
1694357882047 0.5514849825255426 220
1694357882075 0.5503860715022628 221
1694357882102 0.5492833884358622 222
1694357882128 0.548222456023 223
1694357882156 0.547148071696747 224
1694357882181 0.5460755624287088 225
1694357882209 0.5450030289859629 226
1694357882235 0.5439785622697839 227
1694357882262 0.5429003852198144 228
1694357882290 0.5418155296986127 229
1694357882317 0.5407721123088557 230
1694357882345 0.5397636830406112 231
1694357882372 0.5387409424759726 232
1694357882400 0.5377337094365937 233
1694357882430 0.5367204123112448 234
1694357882466 0.5357169307967451 235
1694357882493 0.5347124221799137 236
1694357882520 0.5337101334913561 237
1694357882547 0.5327121150486139 238
1694357882580 0.5317678337629709 239
1694357882632 0.5308242685303892 240
1694357882658 0.5298613539859935 241
1694357882686 0.5288971599242278 242
1694357882710 0.5279946331501068 243
1694357882734 0.5270390807303572 244
1694357882759 0.5261035686744359 245
1694357882784 0.5251593070042899 246
1694357882809 0.5242360697994067 247
1694357882836 0.5233164915945903 248
1694357882863 0.5224077457297829 249
1694357882892 0.5215021038873718 250
1694357882920 0.5206015724638124 251
1694357882968 0.5197046490835865 252
1694357882998 0.5188313541368448 253
1694357883036 0.5179100990114491 254
1694357883064 0.5170131851980958 255
1694357883090 0.5161491229288057 256
1694357883121 0.515263104400568 257
1694357883156 0.5143989150765044 258
1694357883261 0.5135453289171362 259
1694357883285 0.5127060069455626 260
1694357883310 0.5118763151660468 261
1694357883335 0.5110530359308387 262
1694357883360 0.5102012046357609 263
1694357883385 0.5093691149193146 264
1694357883411 0.5085721293247026 265
1694357883437 0.5077811903175715 266
1694357883470 0.5069715740536828 267
1694357883495 0.5061747679362355 268
1694357883521 0.5053645368841657 269
1694357883546 0.5045519463302612 270
1694357883572 0.5037739724370787 271
1694357883623 0.5029777179398316 272
1694357883647 0.5022111933182358 273
1694357883671 0.5014800579616142 274
1694357883696 0.5007437907747775 275
1694357883726 0.4999765602375458 276
1694357883750 0.49925159987732237 277
1694357883775 0.4985123702661207 278
1694357883799 0.49778583698431816 279
1694357883825 0.49703030847569013 280
1694357883850 0.4962952979050667 281
1694357883876 0.4955699503202003 282
1694357883902 0.4948270045218093 283
1694357883928 0.4940934643689778 284
1694357883980 0.4933817227190538 285
1694357884003 0.4926683510461942 286
1694357884027 0.49195390648740556 287
1694357884052 0.491265913688521 288
1694357884081 0.49052702925577757 289
1694357884106 0.4897956657097586 290
1694357884131 0.4891292238177522 291
1694357884159 0.4884356767351004 292
1694357884185 0.4877208359074613 293
1694357884209 0.4870247140217648 294
1694357884234 0.4863043754203834 295
1694357884263 0.48559436096368813 296
1694357884289 0.48491152458555836 297
1694357884316 0.4842302480546374 298
1694357884342 0.4835651491924146 299
1694357884369 0.4829132249186633 300
1694357884395 0.48226321030041075 301
1694357884423 0.4816347692111908 302
1694357884449 0.48095833737319454 303
1694357884482 0.4802864347535249 304
1694357884508 0.47963975086312355 305
1694357884534 0.4790413863844639 306
1694357884562 0.4783958298537448 307
1694357884590 0.47774668700109346 308
1694357884616 0.477112908405114 309
1694357884666 0.4764873923098228 310
1694357884694 0.4758566619702867 311
1694357884721 0.47519307354449064 312
1694357884749 0.47454632603798874 313
1694357884773 0.4739111903596992 314
1694357884797 0.4733161442967193 315
1694357884823 0.47269599641450205 316
1694357884848 0.4720431545316508 317
1694357884873 0.47141124766481407 318
1694357884899 0.4707852824984941 319
1694357884924 0.4701922352435271 320
1694357884950 0.469581472224959 321
1694357884977 0.4689758727449853 322
1694357885007 0.4683810589200446 323
1694357885031 0.4677863324619787 324
1694357885054 0.46718653268766136 325
1694357885080 0.46660235943585343 326
1694357885104 0.46601859141805213 327
1694357885128 0.4654386016227001 328
1694357885153 0.46487183862067943 329
1694357885178 0.46428945870939 330
1694357885202 0.4637008544543789 331
1694357885229 0.46311870211056033 332
1694357885368 0.46253057789601354 333
1694357885393 0.4619404318868408 334
1694357885417 0.4613394359848104 335
1694357885442 0.46080158120725523 336
1694357885473 0.46022984384861115 337
1694357885498 0.45968675107942497 338
1694357885524 0.45910822382813843 339
1694357885548 0.45855361294985825 340
1694357885574 0.4579678177296122 341
1694357885628 0.45742142950545084 342
1694357885651 0.45687867143244676 343
1694357885675 0.45633664467510515 344
1694357885700 0.4558014586684563 345
1694357885731 0.45524505241259183 346
1694357885759 0.454689931772304 347
1694357885783 0.45415432345688883 348
1694357885809 0.45360419441887795 349
1694357885833 0.45305573920684816 350
1694357885858 0.4525215984416913 351
1694357885882 0.45201853298134015 352
1694357885908 0.45149612587962423 353
1694357885933 0.4509580869014772 354
1694357885965 0.45045956404700443 355
1694357885991 0.44996509734040163 356
1694357886015 0.4494432560019989 357
1694357886040 0.4489161776695073 358
1694357886066 0.44839836274297934 359
1694357886091 0.44789597376012613 360
1694357886116 0.4473952205637477 361
1694357886141 0.4469021925594676 362
1694357886165 0.4463520194551353 363
1694357886190 0.44585417463527316 364
1694357886226 0.44532768441083015 365
1694357886250 0.44482776398062157 366
1694357886278 0.4442915276476045 367
1694357886302 0.44378207099135264 368
1694357886327 0.443276205159967 369
1694357886351 0.4427918410596464 370
1694357886376 0.4422983529524621 371
1694357886402 0.4418020629588446 372
1694357886427 0.4412888092622095 373
1694357886458 0.4408019137326317 374
1694357886484 0.44030380357084287 375
1694357886509 0.4398461826496817 376
1694357886533 0.43940573455436854 377
1694357886560 0.4388980178624438 378
1694357886585 0.4384236663406077 379
1694357886610 0.43796173934228627 380
1694357886636 0.4374859766337385 381
1694357886662 0.4369968398747161 382
1694357886713 0.4364962575315395 383
1694357886737 0.4360198945138711 384
1694357886766 0.4355201276761722 385
1694357886792 0.43506145757061543 386
1694357886818 0.4346277123500197 387
1694357886843 0.43415353878154656 388
1694357886867 0.4336695115136292 389
1694357886893 0.4331989839002569 390
1694357886916 0.4327590907408167 391
1694357886940 0.4322958656383368 392
1694357886969 0.4318372006328601 393
1694357886995 0.43135624509666876 394
1694357887020 0.43090090974865974 395
1694357887056 0.4304273130830355 396
1694357887080 0.4299753537283053 397
1694357887107 0.4295209781841565 398
1694357887133 0.4290878826633396 399
1694357887161 0.42863027240304247 400
1694357887187 0.4281768521008859 401
1694357887215 0.4276992009054048 402
1694357887241 0.42724780311015437 403
1694357887266 0.42679571713186126 404
1694357887293 0.4263763975430087 405
1694357887411 0.42592546802716064 406
1694357887439 0.4255101975618273 407
1694357887469 0.42510947386384 408
1694357887493 0.4246925596561747 409
1694357887518 0.42426976172750513 410
1694357887543 0.42382705471241805 411
1694357887567 0.42341821723651435 412
1694357887592 0.4229749932300446 413
1694357887617 0.42255722758574854 414
1694357887654 0.4221191580567516 415
1694357887689 0.42172980962497736 416
1694357887712 0.42129373790083585 417
1694357887736 0.42089227880114355 418
1694357887762 0.42049665301535444 419
1694357887787 0.42007408549782727 420
1694357887812 0.419662463157333 421
1694357887838 0.41925332875419463 422
1694357887864 0.4188525838530321 423
1694357887890 0.4184483398163244 424
1694357887915 0.4180227581977339 425
1694357887940 0.41761518982879875 426
1694357887973 0.41720646821035734 427
1694357887998 0.4167935503127556 428
1694357888023 0.4163663900102661 429
1694357888048 0.4159521633488728 430
1694357888073 0.4155368625177575 431
1694357888096 0.4151026632733426 432
1694357888121 0.4146905388125679 433
1694357888147 0.4142746877417139 434
1694357888171 0.4138853094329979 435
1694357888195 0.41347154251898877 436
1694357888220 0.4130714087476865 437
1694357888246 0.41266990525819053 438
1694357888271 0.4122413405862718 439
1694357888295 0.4118309067798376 440
1694357888320 0.41142949494598235 441
1694357888345 0.41099312846493485 442
1694357888370 0.4106017004039988 443
1694357888399 0.41017422398831177 444
1694357888424 0.4097773179307341 445
1694357888458 0.40939291496080027 446
1694357888482 0.4090337559909145 447
1694357888508 0.40863884873350587 448
1694357888533 0.40826364404265736 449
1694357888559 0.40786745168802474 450
1694357888585 0.4074640374900529 451
1694357888610 0.4070878122598804 452
1694357888635 0.406706321785054 453
1694357888660 0.40633620627638717 454
1694357888686 0.40595090147321533 455
1694357888738 0.4055461668842983 456
1694357888764 0.4051635004820797 457
1694357888791 0.4047908828036939 458
1694357888820 0.40440701030635046 459
1694357888845 0.40403183712295593 460
1694357888871 0.4036565796426118 461
1694357888897 0.4032756875860113 462
1694357888927 0.40287885477116603 463
1694357888953 0.40249754618194117 464
1694357888984 0.4021276430758964 465
1694357889010 0.4017925629728434 466
1694357889036 0.40143558859706113 467
1694357889061 0.4010741594660616 468
1694357889088 0.40070865239373515 469
1694357889114 0.4003425253642525 470
1694357889142 0.4000162630927927 471
1694357889168 0.3996398847878889 472
1694357889195 0.39927354490808725 473
1694357889221 0.39891276407876336 474
1694357889247 0.39856234577921557 475
1694357889277 0.3981922634436927 476
1694357889301 0.3978205948985984 477
1694357889328 0.39745525534983606 478
1694357889352 0.39709268614967813 479
1694357889378 0.3967323563712272 480
1694357889412 0.3963582128767079 481
1694357889469 0.39598888172755503 482
1694357889495 0.3956171537942193 483
1694357889547 0.39528960899715443 484
1694357889570 0.39496046131356577 485
1694357889595 0.3946021132326677 486
1694357889623 0.3942589874898707 487
1694357889648 0.3938983992508374 488
1694357889673 0.39353258402926955 489
1694357889723 0.3931775944389468 490
1694357889746 0.39282724254327306 491
1694357889772 0.39249690089583583 492
1694357889796 0.39212481807047983 493
1694357889820 0.3918004673541727 494
1694357889845 0.39148077112183416 495
1694357889868 0.39116150239139885 496
1694357889893 0.39080471667862254 497
1694357889920 0.3904370306919765 498
1694357889944 0.3900832201235721 499
1694357890052 0.3900832201235721 500
