1694357264825 1.9108673829053537 0
1694357264868 1.8743461219500084 1
1694357264895 1.8412938098578737 2
1694357264923 1.8098538801557738 3
1694357264956 1.7802509900275572 4
1694357264988 1.7520117032338802 5
1694357265013 1.725358048051905 6
1694357265046 1.699991526217217 7
1694357265074 1.6753022021156196 8
1694357265105 1.6516414608094498 9
1694357265129 1.6289500248087798 10
1694357265152 1.6071749950828202 11
1694357265177 1.585953872538229 12
1694357265201 1.565627034552701 13
1694357265226 1.5460378845377594 14
1694357265298 1.5270762799908317 15
1694357265328 1.5085442196396932 16
1694357265351 1.4905136373654821 17
1694357265376 1.4730411133007366 18
1694357265401 1.4562073925137582 19
1694357265426 1.4400843957291234 20
1694357265453 1.423899966112288 21
1694357265478 1.4083508591402 22
1694357265529 1.393272198367461 23
1694357265554 1.3784996189013319 24
1694357265579 1.3641985837476243 25
1694357265604 1.350039253789118 26
1694357265632 1.3360051034208085 27
1694357265657 1.322511273714009 28
1694357265682 1.3093452147405291 29
1694357265708 1.2967199899190305 30
1694357265734 1.2840487694099898 31
1694357265758 1.2717081206813516 32
1694357265783 1.2597378798896184 33
1694357265807 1.2480412976993525 34
1694357265856 1.2366044242413528 35
1694357265880 1.2252208569777534 36
1694357265905 1.2142682119471495 37
1694357265932 1.203589329812585 38
1694357265959 1.192926723170772 39
1694357265986 1.1825800962852426 40
1694357266010 1.1724867654569027 41
1694357266040 1.1626746379380541 42
1694357266066 1.1528376732610894 43
1694357266092 1.1431348613660541 44
1694357266120 1.1336175245789533 45
1694357266164 1.1243322482037579 46
1694357266518 1.115312574821511 47
1694357266551 1.1062885324932155 48
1694357266578 1.097645720653688 49
1694357266628 1.0891799376713753 50
1694357266652 1.080791178528874 51
1694357266678 1.0725332161351468 52
1694357266703 1.064402651602143 53
1694357266729 1.0564820135156832 54
1694357266753 1.0486540691895627 55
1694357266780 1.0410165587579752 56
1694357266805 1.033438187100281 57
1694357266837 1.0259783721276607 58
1694357266861 1.0187291564835612 59
1694357266888 1.011612681892941 60
1694357266913 1.0045030712863545 61
1694357266938 0.9975483434119741 62
1694357266964 0.9907396739634716 63
1694357266990 0.9840135683902987 64
1694357267022 0.9774340185912139 65
1694357267050 0.9709941374048506 66
1694357267076 0.9646022795086179 67
1694357267101 0.9583125203269223 68
1694357267126 0.9521799521549573 69
1694357267151 0.9461098810924374 70
1694357267177 0.9401451097173514 71
1694357267206 0.9342926347609688 72
1694357267235 0.928410228798838 73
1694357267263 0.9227506384937869 74
1694357267289 0.9170838057768051 75
1694357267322 0.9114610722798461 76
1694357267352 0.9060550063875622 77
1694357267378 0.9006984401006016 78
1694357267402 0.8954366596080302 79
1694357267426 0.8902762108134059 80
1694357267451 0.8852301377085545 81
1694357267476 0.8801647647913503 82
1694357267502 0.875224589818416 83
1694357267559 0.8703263922819847 84
1694357267587 0.8654567790562067 85
1694357267612 0.8606587999862673 86
1694357267639 0.8559855873828235 87
1694357267664 0.8513786548884279 88
1694357267690 0.8467899719075545 89
1694357267716 0.8423529771246164 90
1694357267741 0.8379418454569311 91
1694357267766 0.8336049613234332 92
1694357267791 0.8293217659708296 93
1694357267823 0.825056347189883 94
1694357267847 0.8208608360216574 95
1694357267872 0.816752630488003 96
1694357267898 0.8127733986345936 97
1694357267924 0.8088201435904461 98
1694357267951 0.8048780162362544 99
1694357267977 0.8009933215307729 100
1694357268002 0.7971580627078217 101
1694357268033 0.7934299644031886 102
1694357268057 0.7896254598410678 103
1694357268083 0.7859851935596549 104
1694357268111 0.7823412906583321 105
1694357268141 0.7788306961261295 106
1694357268167 0.7752296700696751 107
1694357268193 0.7716884975680217 108
1694357268219 0.7681603341923323 109
1694357268331 0.7647620432525567 110
1694357268360 0.7613479595495605 111
1694357268386 0.7580340201703398 112
1694357268411 0.7548454336504299 113
1694357268435 0.751515777505351 114
1694357268462 0.7483205816875539 115
1694357268487 0.7452470422757449 116
1694357268518 0.7421798659525881 117
1694357268544 0.7390861687595923 118
1694357268572 0.7360173409094768 119
1694357268597 0.7330368232959533 120
1694357268661 0.7300591258640978 121
1694357268686 0.7272114330780834 122
1694357268712 0.7243478684237937 123
1694357268748 0.7215095497418825 124
1694357268775 0.7186759546968126 125
1694357268802 0.7159054190449473 126
1694357268829 0.7131667275711481 127
1694357268853 0.710450796235945 128
1694357268879 0.7078091476275207 129
1694357268905 0.7051467384741937 130
1694357268929 0.7025103847060177 131
1694357268956 0.6998943483359743 132
1694357268987 0.6973923984594094 133
1694357269014 0.6948919868419116 134
1694357269043 0.6922723283432742 135
1694357269068 0.6897885082942816 136
1694357269093 0.6873695830137841 137
1694357269118 0.684921056325058 138
1694357269144 0.6825558712702302 139
1694357269173 0.6801763732180997 140
1694357269198 0.6778448048814432 141
1694357269224 0.6755219632264972 142
1694357269252 0.6732381714124581 143
1694357269278 0.670979351704752 144
1694357269303 0.668737772887691 145
1694357269330 0.6665351937484515 146
1694357269355 0.6643245970233453 147
1694357269381 0.6621781257994692 148
1694357269406 0.6600450362544614 149
1694357269431 0.657918205905537 150
1694357269457 0.655869673043402 151
1694357269483 0.6538121947961026 152
1694357269509 0.6518004820201853 153
1694357269543 0.6497437197815391 154
1694357269594 0.6477440035057269 155
1694357269619 0.6457927875200852 156
1694357269646 0.6438091150939517 157
1694357269677 0.6418661942570876 158
1694357269703 0.6399258912406092 159
1694357269728 0.63805134768435 160
1694357269754 0.6361026673702335 161
1694357269780 0.63422460144072 162
1694357269806 0.6323611533226354 163
1694357269832 0.6305334257250387 164
1694357269857 0.628734283055869 165
1694357269883 0.6269327108116872 166
1694357269909 0.6251580834175638 167
1694357269936 0.6234136589196847 168
1694357269962 0.6216604271675914 169
1694357269990 0.6199611105142055 170
1694357270023 0.6182388508175438 171
1694357270067 0.6165394165476007 172
1694357270093 0.6148589136636293 173
1694357270118 0.613169626240692 174
1694357270144 0.6115239554491071 175
1694357270169 0.6098823330996864 176
1694357270198 0.6082450540121717 177
1694357270228 0.6066297201718157 178
1694357270254 0.60506595518125 179
1694357270280 0.6034768115161602 180
1694357270372 0.6019080828702313 181
1694357270415 0.6003399254398292 182
1694357270442 0.5988074467832656 183
1694357270467 0.5972506019321139 184
1694357270495 0.5957732316823238 185
1694357270526 0.5943019584342661 186
1694357270552 0.5927962744246946 187
1694357270578 0.5913275635925012 188
1694357270607 0.5898473683999454 189
1694357270634 0.5883686749150547 190
1694357270684 0.5869219941869466 191
1694357270710 0.5854935041724548 192
1694357270735 0.5840994816561242 193
1694357270766 0.5827404666574767 194
1694357270791 0.5813717362770215 195
1694357270817 0.5800609755266121 196
1694357270851 0.5787238454773157 197
1694357270877 0.577393088283044 198
1694357270902 0.5760586763063525 199
1694357270928 0.5747382971185637 200
1694357270953 0.5734721346305366 201
1694357270981 0.5721751277697932 202
1694357271008 0.5708816787630386 203
1694357271039 0.5695907642141609 204
1694357271065 0.5683327482678024 205
1694357271092 0.5670853927455471 206
1694357271121 0.565827858896149 207
1694357271152 0.5646133490119905 208
1694357271180 0.5634222509726992 209
1694357271207 0.5622215221183329 210
1694357271234 0.5610075987742653 211
1694357271261 0.559767178570239 212
1694357271302 0.5585498848892172 213
1694357271327 0.5573383441717115 214
1694357271352 0.5562081007982279 215
1694357271377 0.5550733175089626 216
1694357271401 0.5539433971030072 217
1694357271427 0.5528064115512291 218
1694357271452 0.551688863435946 219
1694357271477 0.5505689779865353 220
1694357271503 0.5494771736777769 221
1694357271535 0.5483999061070401 222
1694357271563 0.5473004724150363 223
1694357271588 0.5462240595013843 224
1694357271638 0.5451183817701186 225
1694357271663 0.5440725408775338 226
1694357271688 0.5430215340791756 227
1694357271714 0.5419642759621406 228
1694357271744 0.5409484312133823 229
1694357271771 0.5399450810435587 230
1694357271798 0.5388978773925694 231
1694357271830 0.5378752214446199 232
1694357271856 0.5368464347582225 233
1694357271882 0.5358363774700026 234
1694357271909 0.5348310954543346 235
1694357271935 0.5338448050044058 236
1694357271963 0.5328749809546525 237
1694357271990 0.5318891411126723 238
1694357272023 0.5309158896188017 239
1694357272050 0.5299730416461185 240
1694357272077 0.5290154876707406 241
1694357272103 0.5280657052737405 242
1694357272130 0.5271242446292478 243
1694357272156 0.526209341467132 244
1694357272183 0.525291257906742 245
1694357272209 0.5243119335494876 246
1694357272239 0.5233659502654117 247
1694357272266 0.5224374347403692 248
1694357272300 0.5215346329558953 249
1694357272328 0.5206416913809974 250
1694357272355 0.5197268041508225 251
1694357272388 0.5188044655292543 252
1694357272418 0.5179566206913474 253
1694357272445 0.5170538925076426 254
1694357272519 0.516181551778969 255
1694357272553 0.5153065920033979 256
1694357272580 0.5144453667397744 257
1694357272925 0.5135962769276948 258
1694357272949 0.5127411584738499 259
1694357272975 0.5118920006737281 260
1694357273002 0.5110508109785202 261
1694357273031 0.5102262429626769 262
1694357273056 0.5093776801999937 263
1694357273082 0.5085292929570523 264
1694357273106 0.5077442357264352 265
1694357273131 0.5069086527359533 266
1694357273156 0.5060968021303446 267
1694357273182 0.5052743776067317 268
1694357273207 0.5044966232340229 269
1694357273235 0.5036852139139385 270
1694357273261 0.5029056447811532 271
1694357273286 0.5021080634227718 272
1694357273312 0.5013149690266436 273
1694357273337 0.500535967829536 274
1694357273362 0.4997666613807163 275
1694357273391 0.4990162560282151 276
1694357273418 0.49825672760796225 277
1694357273442 0.49747395387807664 278
1694357273469 0.49672619423447817 279
1694357273493 0.49598421880440285 280
1694357273524 0.4952540230303445 281
1694357273551 0.4945053036135885 282
1694357273576 0.49379722430653145 283
1694357273602 0.4930320101972864 284
1694357273628 0.49231488049582606 285
1694357273677 0.4915735263569121 286
1694357273700 0.4908250087334063 287
1694357273726 0.4900876099327856 288
1694357273751 0.48935326852922373 289
1694357273778 0.4886675614268289 290
1694357273802 0.4879700548818664 291
1694357273827 0.48730069102717166 292
1694357273852 0.48662730152288686 293
1694357273876 0.485948771087884 294
1694357273901 0.48524564816498844 295
1694357273929 0.48456653902845737 296
1694357273956 0.48385710500564044 297
1694357273980 0.48320283809260334 298
1694357274006 0.48251069031410515 299
1694357274038 0.4818177386053115 300
1694357274061 0.48114598501975236 301
1694357274086 0.48049462528126125 302
1694357274110 0.4798088442872519 303
1694357274134 0.4791355147536736 304
1694357274158 0.4784723282612772 305
1694357274182 0.47779252524994065 306
1694357274208 0.47713694171419196 307
1694357274233 0.4764668687772827 308
1694357274258 0.47580938697566677 309
1694357274285 0.4751819339148119 310
1694357274311 0.4745442649532046 311
1694357274336 0.47389410737596593 312
1694357274360 0.4732400951997393 313
1694357274383 0.4726604502324013 314
1694357274407 0.4720448201082327 315
1694357274431 0.47142798152588955 316
1694357274458 0.4707946300455179 317
1694357274482 0.47020118400912647 318
1694357274506 0.46959494459059903 319
1694357274560 0.4689903399824297 320
1694357274633 0.46838287416898483 321
1694357274659 0.46779022475595117 322
1694357274684 0.4671889780820366 323
1694357274708 0.4665768756219327 324
1694357274758 0.46599060484379573 325
1694357274783 0.46541071193525074 326
1694357274807 0.46480084201947225 327
1694357274832 0.46420757049965805 328
1694357274858 0.46361513703487683 329
1694357274882 0.46306036376793747 330
1694357274908 0.46249947167700545 331
1694357274933 0.4619088280288172 332
1694357274960 0.46131558859946054 333
1694357274988 0.46072702714156005 334
1694357275013 0.46015741396372617 335
1694357275043 0.45956636043756954 336
1694357275068 0.4590191985212471 337
1694357275093 0.4584518402302624 338
1694357275118 0.4578690520653662 339
1694357275142 0.4573041838931306 340
1694357275167 0.4567205780754633 341
1694357275191 0.4561509402910315 342
1694357275221 0.45559097754706235 343
1694357275245 0.45502389128345644 344
1694357275270 0.4544919754230923 345
1694357275294 0.4539559751814915 346
1694357275317 0.4534268451248116 347
1694357275343 0.45284181261245204 348
1694357275368 0.45234339114201544 349
1694357275392 0.4518205495907047 350
1694357275416 0.45130835649126366 351
1694357275441 0.45082464357612373 352
1694357275467 0.45028490688480655 353
1694357275491 0.4497740558264218 354
1694357275524 0.4492265494583623 355
1694357275557 0.4487018017941075 356
1694357275729 0.44820631762474256 357
1694357275752 0.4476966605931722 358
1694357275778 0.4472149994118363 359
1694357275804 0.446705954798056 360
1694357275830 0.4461863270358599 361
1694357275856 0.4456971708244972 362
1694357275883 0.44519280853076837 363
1694357275909 0.4446999296739525 364
1694357275938 0.4441968711945092 365
1694357275964 0.4437005349268973 366
1694357275990 0.4432043726261787 367
1694357276019 0.4426959279186834 368
1694357276057 0.4421775987657076 369
1694357276082 0.4416873786487798 370
1694357276110 0.44117652197302737 371
1694357276136 0.4406974267633393 372
1694357276164 0.4402188428544322 373
1694357276193 0.4396873655605618 374
1694357276219 0.439217894497015 375
1694357276245 0.4387190527585812 376
1694357276270 0.43825038700244384 377
1694357276296 0.437783796074706 378
1694357276323 0.4373097943774034 379
1694357276349 0.4368052070132083 380
1694357276375 0.4363523051258694 381
1694357276401 0.4358759656672347 382
1694357276427 0.4353855594006611 383
1694357276455 0.434920566536715 384
1694357276481 0.43444869714688583 385
1694357276507 0.4339758431642881 386
1694357276541 0.43350936829210696 387
1694357276575 0.4330333615246742 388
1694357276602 0.4325653436787309 389
1694357276715 0.43211228171949495 390
1694357276742 0.4316593300855764 391
1694357276792 0.4312060851198068 392
1694357276816 0.43074309426117185 393
1694357276839 0.43027056430939054 394
1694357276864 0.4298129760881199 395
1694357276888 0.4293570921025478 396
1694357276916 0.4289147713025534 397
1694357276940 0.4284361051205656 398
1694357276965 0.4279697069728142 399
1694357276992 0.4275250166211078 400
1694357277019 0.4271303301607684 401
1694357277045 0.4267077877877021 402
1694357277072 0.4262494746511488 403
1694357277098 0.4257946603347804 404
1694357277123 0.4253456338496401 405
1694357277149 0.42490953939812737 406
1694357277173 0.42448107584892786 407
1694357277199 0.4240321197150421 408
1694357277226 0.42359132089948515 409
1694357277257 0.4231543969039955 410
1694357277283 0.42271021419229177 411
1694357277309 0.4223008704888909 412
1694357277336 0.4218501528965273 413
1694357277361 0.4214366284552066 414
1694357277388 0.4210137580057915 415
1694357277415 0.4205830391672629 416
1694357277441 0.420143152439817 417
1694357277467 0.41970084454004153 418
1694357277494 0.4192691378582855 419
1694357277525 0.41886552542454925 420
1694357277552 0.41843816328492917 421
1694357277579 0.41803195057651454 422
1694357277605 0.41761199323509873 423
1694357277636 0.4172173624783716 424
1694357277663 0.41681222397132167 425
1694357277688 0.41641001949678214 426
1694357277737 0.4160147986141024 427
1694357277761 0.41560918133953845 428
1694357277789 0.41521912458848764 429
1694357277815 0.4148209260478909 430
1694357277839 0.41440089791978574 431
1694357277863 0.414009657811747 432
1694357277888 0.413585678106851 433
1694357277912 0.41319616100533485 434
1694357277937 0.41279610241014436 435
1694357277961 0.4124117172424963 436
1694357277985 0.4120266648066129 437
1694357278009 0.41163911493777566 438
1694357278039 0.4112356057577572 439
1694357278066 0.4108741171222124 440
1694357278092 0.4104564655103345 441
1694357278116 0.4100722145795423 442
1694357278139 0.4096909655895976 443
1694357278168 0.4092858270959033 444
1694357278194 0.40889700158314396 445
1694357278220 0.40851594996415047 446
1694357278247 0.40807551051811086 447
1694357278276 0.4076693512354288 448
1694357278302 0.4072806933924751 449
1694357278328 0.4068860918389019 450
1694357278353 0.40651492049180227 451
1694357278380 0.4061174576301877 452
1694357278405 0.40575616738966164 453
1694357278430 0.40536052055977684 454
1694357278456 0.4049434902051334 455
1694357278482 0.4045491009513349 456
1694357278507 0.4041836822427049 457
1694357278539 0.4038299667900484 458
1694357278565 0.40344825105188215 459
1694357278591 0.4030746611334819 460
1694357278618 0.4027247684298418 461
1694357278645 0.4023822742979889 462
1694357278671 0.40199076144138574 463
1694357278707 0.40161310150886637 464
1694357278737 0.401256528707417 465
1694357278763 0.40088587815834903 466
1694357278856 0.4005161495629878 467
1694357278880 0.40014489147026894 468
1694357278908 0.3997691829213044 469
1694357278933 0.3994450077206174 470
1694357278964 0.39910770399932644 471
1694357278987 0.39875240889287694 472
1694357279011 0.39837807206548986 473
1694357279041 0.39801799340663996 474
1694357279069 0.397667085846517 475
1694357279095 0.39730944976045085 476
1694357279119 0.39697448743926883 477
1694357279142 0.39660402305187004 478
1694357279166 0.3962344156904259 479
1694357279191 0.39588678910115527 480
1694357279219 0.3955327894621819 481
1694357279242 0.39519362417950005 482
1694357279267 0.3948567461532134 483
1694357279292 0.39449670739288956 484
1694357279316 0.3941283861272205 485
1694357279340 0.3938050507375172 486
1694357279364 0.3934623702238966 487
1694357279388 0.3931058281702464 488
1694357279417 0.39276816810927734 489
1694357279441 0.3924146008647109 490
1694357279466 0.3920452003459237 491
1694357279490 0.3917277677412158 492
1694357279520 0.39137689080454047 493
1694357279546 0.39101254294577786 494
1694357279570 0.3906692427276579 495
1694357279594 0.390306377126772 496
1694357279618 0.390022771157746 497
1694357279644 0.38966071355825876 498
1694357279669 0.38931505957756823 499
1694357279782 0.38931505957756823 500
