1694357652591 1.9112559708306014 0
1694357652648 1.8749211141451958 1
1694357652674 1.8420563924212048 2
1694357652698 1.8104302335875366 3
1694357652725 1.7807909723099322 4
1694357652749 1.7523693454119453 5
1694357652774 1.7256789309932479 6
1694357652799 1.7002696761228009 7
1694357652825 1.675533048762924 8
1694357652850 1.652075670673125 9
1694357652875 1.62929157105139 10
1694357652899 1.6075080341345855 11
1694357652931 1.5863146803010504 12
1694357652957 1.565990996771489 13
1694357652985 1.5463117985547978 14
1694357653011 1.5274009805526911 15
1694357653038 1.5087165595684287 16
1694357653064 1.4908607470585264 17
1694357653091 1.4735261253239045 18
1694357653177 1.4565848639000682 19
1694357653219 1.4405003527272324 20
1694357653247 1.4244690709162704 21
1694357653273 1.4089654058178318 22
1694357653298 1.3938859672965624 23
1694357653324 1.3790751474994862 24
1694357653348 1.3647023931457731 25
1694357653375 1.3505486792144346 26
1694357653405 1.33662319411213 27
1694357653429 1.3230397452074956 28
1694357653455 1.3099312423843747 29
1694357653483 1.2972204328005554 30
1694357653512 1.2846402468952056 31
1694357653542 1.272290509675846 32
1694357653567 1.2603801393942367 33
1694357653617 1.2486699404780877 34
1694357653642 1.2372145898843234 35
1694357653667 1.2259230816822837 36
1694357653692 1.2149289440079014 37
1694357653718 1.204289835563015 38
1694357653746 1.1937752305110656 39
1694357653772 1.1833800736601565 40
1694357653797 1.173195933081948 41
1694357653824 1.1634330402767594 42
1694357653934 1.153603549990022 43
1694357653962 1.144027150281406 44
1694357653991 1.1346302145200973 45
1694357654017 1.1253626972579254 46
1694357654046 1.1163356366020276 47
1694357654072 1.1073460967606459 48
1694357654098 1.098695684580064 49
1694357654124 1.0901929249927578 50
1694357654152 1.0818996138058432 51
1694357654180 1.0736837106364572 52
1694357654211 1.0656240754984876 53
1694357654243 1.0577601491515782 54
1694357654270 1.0500078982901229 55
1694357654295 1.0422953723828579 56
1694357654320 1.0347983948969228 57
1694357654347 1.0273136257954323 58
1694357654377 1.0199992935902626 59
1694357654401 1.0128580827274436 60
1694357654434 1.0057898373571295 61
1694357654463 0.9988779247605225 62
1694357654490 0.9921373822529641 63
1694357654515 0.9853346129458661 64
1694357654542 0.9788019473556858 65
1694357654570 0.9723358387153778 66
1694357654598 0.9659981039660446 67
1694357654623 0.9598126508969407 68
1694357654648 0.9537381903550085 69
1694357654699 0.947699675746616 70
1694357654724 0.9417380870511186 71
1694357654749 0.9357912876929956 72
1694357654776 0.9300171780927164 73
1694357654804 0.9242615469747087 74
1694357654830 0.9186106838544417 75
1694357654857 0.9129957036630951 76
1694357654884 0.9076192738170238 77
1694357654917 0.9022719175852614 78
1694357654947 0.8969984070210648 79
1694357654973 0.8918329949820568 80
1694357655000 0.886750807241524 81
1694357655043 0.8817336850953321 82
1694357655070 0.8767487157345409 83
1694357655100 0.8719152013705104 84
1694357655128 0.8670866270438045 85
1694357655157 0.8622621853665896 86
1694357655185 0.8576276090928978 87
1694357655213 0.8530637179395251 88
1694357655242 0.8485400404949354 89
1694357655273 0.8440285496655682 90
1694357655301 0.8396225898511278 91
1694357655328 0.8353314226732471 92
1694357655353 0.8311089869650062 93
1694357655378 0.8268689724434504 94
1694357655406 0.8226805539300934 95
1694357655435 0.8185501604076554 96
1694357655461 0.8146285795827596 97
1694357655487 0.8107224423052755 98
1694357655514 0.8067542038378359 99
1694357655540 0.8028752058238998 100
1694357655567 0.7990225455297728 101
1694357655593 0.7952939324620671 102
1694357655645 0.7915306130605368 103
1694357655671 0.7878732231737853 104
1694357655696 0.7842382921348013 105
1694357655722 0.7807343658304232 106
1694357655750 0.777233779571029 107
1694357655775 0.7736581249297602 108
1694357655802 0.7701606009516033 109
1694357655827 0.7667609167130938 110
1694357655854 0.763350893217271 111
1694357655879 0.7600510589339327 112
1694357655999 0.7568531233444965 113
1694357656027 0.7536200176824699 114
1694357656052 0.7504124382718064 115
1694357656079 0.7473337738634888 116
1694357656105 0.7442834496019186 117
1694357656131 0.7411767466462388 118
1694357656160 0.7381648847647838 119
1694357656186 0.7352009644431339 120
1694357656213 0.7322262399404029 121
1694357656241 0.7293624113497013 122
1694357656270 0.7264583545316341 123
1694357656295 0.7235956755330187 124
1694357656320 0.7207688382904404 125
1694357656346 0.7179613425866223 126
1694357656373 0.7152436811533368 127
1694357656404 0.7125007816796027 128
1694357656430 0.7098449726279864 129
1694357656455 0.707123982946933 130
1694357656481 0.7044975852274138 131
1694357656508 0.7019220222101108 132
1694357656535 0.6994692036142657 133
1694357656560 0.6969150422911224 134
1694357656585 0.6944422178426597 135
1694357656612 0.6919668200599238 136
1694357656639 0.6895271801784569 137
1694357656664 0.6870524320862773 138
1694357656693 0.6846650012560627 139
1694357656743 0.6822757523167893 140
1694357656769 0.6799266362424145 141
1694357656794 0.6776454370330645 142
1694357656820 0.6753625713326081 143
1694357656846 0.6731398303975977 144
1694357656873 0.6709290886391946 145
1694357656899 0.6688034194643652 146
1694357656935 0.6665719575528996 147
1694357656967 0.6643957307316107 148
1694357656994 0.6622870997826421 149
1694357657023 0.6601633569159743 150
1694357657052 0.6580937736518693 151
1694357657099 0.6560681738653614 152
1694357657124 0.6540939409467351 153
1694357657149 0.6520526942572249 154
1694357657174 0.6500386087402854 155
1694357657203 0.6480602383838056 156
1694357657230 0.646106449590132 157
1694357657256 0.6442097554193374 158
1694357657285 0.6422849679085008 159
1694357657310 0.6403848467772943 160
1694357657336 0.6384494477247251 161
1694357657362 0.6365760892744142 162
1694357657387 0.6347001687465283 163
1694357657418 0.6328998491099482 164
1694357657445 0.6311201140873586 165
1694357657474 0.6293398032137478 166
1694357657501 0.6275971798696552 167
1694357657532 0.6258514099339292 168
1694357657561 0.6240755896748768 169
1694357657588 0.6224013801893987 170
1694357657616 0.6207222727749103 171
1694357657671 0.6190475751630486 172
1694357657695 0.617387877917698 173
1694357657720 0.6157104430578121 174
1694357657753 0.6140498341843573 175
1694357657779 0.6124206272554881 176
1694357657806 0.610755476447719 177
1694357657832 0.6091308009445936 178
1694357657859 0.6075354866770443 179
1694357657886 0.6059750384545838 180
1694357657920 0.6044278559475653 181
1694357657959 0.602886229295652 182
1694357658047 0.6013594708408717 183
1694357658095 0.5998471013510986 184
1694357658120 0.5983763356889927 185
1694357658146 0.5968529243943452 186
1694357658171 0.5953725929270506 187
1694357658196 0.5939286974172128 188
1694357658223 0.5924354874478625 189
1694357658249 0.5910149026005121 190
1694357658278 0.5895384854500432 191
1694357658305 0.5881343713812031 192
1694357658332 0.5867425213673623 193
1694357658359 0.5853260347320792 194
1694357658384 0.5839251054327644 195
1694357658417 0.5825971516403678 196
1694357658441 0.5812611622936026 197
1694357658467 0.5799365182128259 198
1694357658493 0.5786244752519232 199
1694357658519 0.5773046464878712 200
1694357658545 0.576008397774052 201
1694357658572 0.5746532741883098 202
1694357658600 0.5733723143404678 203
1694357658626 0.5720661789172963 204
1694357658652 0.5708094829103985 205
1694357658678 0.5695910890743053 206
1694357658706 0.5683539314143063 207
1694357658757 0.5671148670416746 208
1694357658781 0.5659068780209169 209
1694357658812 0.5647055629206401 210
1694357658841 0.5635100725348278 211
1694357658866 0.5623114964917549 212
1694357658891 0.5611528872481564 213
1694357658920 0.559969931301887 214
1694357658949 0.5588173328710199 215
1694357658978 0.5576865712604022 216
1694357659004 0.5565532071516802 217
1694357659030 0.5554003748159918 218
1694357659056 0.5542775267746635 219
1694357659081 0.5531751655341871 220
1694357659108 0.5520983434743888 221
1694357659135 0.5509551570222407 222
1694357659161 0.5498688900596286 223
1694357659187 0.5487982125466155 224
1694357659214 0.547746339094922 225
1694357659242 0.5466571994033568 226
1694357659268 0.5455365280211432 227
1694357659294 0.5445206470995766 228
1694357659324 0.5434705882951936 229
1694357659353 0.5424239241166302 230
1694357659378 0.5414236188363393 231
1694357659409 0.5404580974053402 232
1694357659435 0.5394422537975574 233
1694357659461 0.5384672039145212 234
1694357659485 0.5374693699427042 235
1694357659511 0.536498727759355 236
1694357659537 0.5355019797969491 237
1694357659562 0.534526731215508 238
1694357659590 0.5335271618332109 239
1694357659615 0.5325912114986733 240
1694357659641 0.5316279658276717 241
1694357659665 0.5307056508966685 242
1694357659715 0.529774763037218 243
1694357659739 0.5288412700927513 244
1694357659762 0.5278960383942332 245
1694357659787 0.5269403661725783 246
1694357659817 0.5260484848436727 247
1694357659843 0.5251237854541525 248
1694357659875 0.5242335255507294 249
1694357659901 0.5233121360327385 250
1694357659934 0.5224021622854949 251
1694357659964 0.521496658746834 252
1694357660007 0.5206498740529405 253
1694357660037 0.5197561015877461 254
1694357660091 0.5188908285197478 255
1694357660120 0.5180071379046508 256
1694357660194 0.5171494577630787 257
1694357660254 0.516301382339621 258
1694357660279 0.5154612495299777 259
1694357660304 0.5146201758503737 260
1694357660333 0.5137865509050284 261
1694357660360 0.5129745322844227 262
1694357660396 0.5121576494776309 263
1694357660421 0.5113389790733099 264
1694357660449 0.5105183682209089 265
1694357660474 0.5097174134875715 266
1694357660500 0.508913825914629 267
1694357660525 0.5080949532830713 268
1694357660550 0.5072738640833651 269
1694357660575 0.5065009796665693 270
1694357660614 0.5056973597853707 271
1694357660638 0.5049185668444083 272
1694357660663 0.5041479903359491 273
1694357660688 0.503386665712364 274
1694357660713 0.5025859053636744 275
1694357660738 0.5018512388943899 276
1694357660787 0.5010933343878247 277
1694357660827 0.5003048132493696 278
1694357660850 0.4995595937514664 279
1694357660878 0.4988138999340487 280
1694357660907 0.49809465551145327 281
1694357660940 0.4973525345785102 282
1694357660965 0.49659460295651475 283
1694357660989 0.4958949741936955 284
1694357661014 0.49517277013666094 285
1694357661039 0.4944424337314037 286
1694357661064 0.49369876749317415 287
1694357661090 0.4929301090260985 288
1694357661115 0.49220080033401403 289
1694357661140 0.4914879953527306 290
1694357661166 0.49078459432476423 291
1694357661192 0.4900830027180312 292
1694357661217 0.48940816538599285 293
1694357661241 0.4887150990908479 294
1694357661266 0.4880295228854901 295
1694357661290 0.48737160397922097 296
1694357661315 0.4866990371953818 297
1694357661341 0.48602064538981915 298
1694357661366 0.48534881568701754 299
1694357661394 0.4846687344996419 300
1694357661420 0.48401363724637503 301
1694357661446 0.4833660013321947 302
1694357661474 0.482700707217532 303
1694357661499 0.4820411280564249 304
1694357661525 0.48138529120227286 305
1694357661550 0.4807209628058872 306
1694357661578 0.48007806715992424 307
1694357661602 0.47945339583223184 308
1694357661628 0.4788039791686721 309
1694357661652 0.47815873504154793 310
1694357661677 0.477539152395799 311
1694357661701 0.4769220757021474 312
1694357661751 0.47626820134926073 313
1694357661776 0.4756472005039645 314
1694357661801 0.47500331005290486 315
1694357661826 0.4743738501085424 316
1694357661905 0.47375621568022225 317
1694357661929 0.47314829982755674 318
1694357661969 0.47252373338951165 319
1694357661996 0.47192883369666605 320
1694357662020 0.4713431477882293 321
1694357662045 0.47076367321342044 322
1694357662072 0.4701665428873052 323
1694357662096 0.4695464845481406 324
1694357662120 0.46895702083156127 325
1694357662144 0.4683483184313723 326
1694357662170 0.46777985702554714 327
1694357662196 0.46721606112492853 328
1694357662221 0.46661083970424505 329
1694357662300 0.4660537232833843 330
1694357662350 0.4654546509918578 331
1694357662376 0.4648570227428851 332
1694357662408 0.46426786221092586 333
1694357662438 0.46366159967709786 334
1694357662467 0.4630980110489204 335
1694357662491 0.46250575497142854 336
1694357662522 0.4619779894053383 337
1694357662547 0.46141627203779995 338
1694357662574 0.46081479280413074 339
1694357662598 0.4602379526210238 340
1694357662623 0.45966483936050473 341
1694357662648 0.45913806130457063 342
1694357662675 0.45861132981024555 343
1694357662705 0.4580977079203108 344
1694357662728 0.4575589825344083 345
1694357662753 0.456997631745123 346
1694357662776 0.45645067054868127 347
1694357662828 0.45590591884102655 348
1694357662851 0.4553374043790956 349
1694357662876 0.45480036630737297 350
1694357662902 0.4542920406514396 351
1694357662935 0.4538042097112651 352
1694357662961 0.45328492217194455 353
1694357662987 0.4527499526610832 354
1694357663023 0.45224897073455517 355
1694357663051 0.4517232347992388 356
1694357663077 0.4512119161901447 357
1694357663102 0.4506854074711454 358
1694357663127 0.45017939225957365 359
1694357663151 0.4496585755519253 360
1694357663176 0.44913197309391345 361
1694357663201 0.44859958580951426 362
1694357663227 0.4481256901438071 363
1694357663252 0.4475876042496517 364
1694357663278 0.447115732628956 365
1694357663303 0.44655630100899707 366
1694357663329 0.44606320672304794 367
1694357663357 0.44559016412679636 368
1694357663380 0.44509158596788057 369
1694357663404 0.4446077454373779 370
1694357663436 0.44410762541141674 371
1694357663463 0.44361453717549765 372
1694357663489 0.4431393816940736 373
1694357663512 0.442687584670938 374
1694357663536 0.4422220898668917 375
1694357663561 0.44172488751367495 376
1694357663589 0.4412838803803402 377
1694357663614 0.44079983407797424 378
1694357663640 0.4403178609474728 379
1694357663666 0.4398283346461863 380
1694357663691 0.43932419446500537 381
1694357663717 0.4388115316324854 382
1694357663765 0.4383455953883677 383
1694357663791 0.43788330236953193 384
1694357663815 0.4374376008694342 385
1694357663838 0.4369909666869237 386
1694357663863 0.4365277980453177 387
1694357663890 0.4360653933580716 388
1694357663923 0.43563359577512756 389
1694357663948 0.4351835922970179 390
1694357663972 0.43475841116214375 391
1694357663999 0.4343128160168003 392
1694357664023 0.4338778927986217 393
1694357664048 0.43342876412736253 394
1694357664072 0.43298423231455274 395
1694357664100 0.4325270877952861 396
1694357664126 0.4320528036495229 397
1694357664151 0.4315951932255153 398
1694357664177 0.43115379771296936 399
1694357664204 0.4306764263728828 400
1694357664229 0.43021173211097385 401
1694357664255 0.4297340074494945 402
1694357664281 0.4292546204407215 403
1694357664305 0.4288137249501152 404
1694357664331 0.4284069446351258 405
1694357664422 0.4279863241485783 406
1694357664452 0.4275698720390778 407
1694357664480 0.4271106459283934 408
1694357664505 0.4266738054280741 409
1694357664529 0.42625281421758926 410
1694357664554 0.42576826209322743 411
1694357664578 0.4253778670889294 412
1694357664603 0.4249679662532865 413
1694357664627 0.42452765210489435 414
1694357664656 0.42407025412753224 415
1694357664681 0.423663118776266 416
1694357664708 0.4232447517940672 417
1694357664733 0.4228063265159064 418
1694357664758 0.42238316923605784 419
1694357664782 0.4219629646018557 420
1694357664810 0.42153771770841325 421
1694357664860 0.42107989531418905 422
1694357664884 0.42065341212433893 423
1694357664915 0.4202300056511062 424
1694357664950 0.41982619023029916 425
1694357664977 0.41938274637608036 426
1694357665002 0.41898932333001415 427
1694357665029 0.41856537177478054 428
1694357665054 0.41815425466728573 429
1694357665082 0.4177082485274509 430
1694357665107 0.41732345887335914 431
1694357665134 0.41690537394380967 432
1694357665164 0.4164855138522907 433
1694357665190 0.4160907011769826 434
1694357665217 0.41567552425636295 435
1694357665246 0.41527940516431655 436
1694357665272 0.4148905581295544 437
1694357665298 0.4144814667985798 438
1694357665324 0.41409964583565473 439
1694357665350 0.41371363884650186 440
1694357665385 0.4133199553439188 441
1694357665416 0.4129172015428257 442
1694357665445 0.412516066314751 443
1694357665475 0.41209184574176316 444
1694357665498 0.41168550301554646 445
1694357665523 0.4113045427332372 446
1694357665548 0.4109187549250506 447
1694357665572 0.4105309668659058 448
1694357665598 0.4101653901978716 449
1694357665623 0.4097750100052836 450
1694357665648 0.409396824176833 451
1694357665673 0.40902500141713294 452
1694357665702 0.40863957655022765 453
1694357665728 0.40824824121051356 454
1694357665753 0.40789065296797505 455
1694357665803 0.4075264143873379 456
1694357665827 0.40717205782203636 457
1694357665850 0.40684215625621273 458
1694357665874 0.40647394863540776 459
1694357665905 0.4061008321991046 460
1694357665934 0.405735969682569 461
1694357665970 0.40534616629535763 462
1694357665998 0.4049795637384927 463
1694357666024 0.4046028213123869 464
1694357666048 0.4042309387167745 465
1694357666073 0.4038612901410459 466
1694357666097 0.4035008792774366 467
1694357666122 0.40312789453191106 468
1694357666146 0.4028060420376472 469
1694357666170 0.4024470653092048 470
1694357666195 0.4020866633410544 471
1694357666223 0.4017143519905355 472
1694357666250 0.4013538760595598 473
1694357666277 0.4009626628535546 474
1694357666301 0.40062043578103684 475
1694357666330 0.4002622115820015 476
1694357666356 0.3999021431479781 477
1694357666382 0.39956084024774696 478
1694357666412 0.39921438037040596 479
1694357666436 0.39885075574917545 480
1694357666529 0.39848587961474435 481
1694357666578 0.39815271674350705 482
1694357666602 0.3978273093033187 483
1694357666627 0.39744450505568324 484
1694357666651 0.3971008683985879 485
1694357666676 0.3967470365437987 486
1694357666701 0.396423184663112 487
1694357666727 0.3960437910683089 488
1694357666755 0.3957123966824104 489
1694357666781 0.39533478529119886 490
1694357666807 0.39498566625612314 491
1694357666833 0.39465419888481784 492
1694357666857 0.39430409347172507 493
1694357666909 0.3939718351841043 494
1694357666936 0.39362807327035637 495
1694357666959 0.3932832684067351 496
1694357666984 0.39296515354678174 497
1694357667011 0.39262956327340415 498
1694357667035 0.3923265593792768 499
1694357667145 0.3923265593792768 500
