1694356887501 1.9107536336657314 0
1694356887557 1.874007197290785 1
1694356887583 1.8408203752939953 2
1694356887606 1.8091801994170673 3
1694356887633 1.7793470440929542 4
1694356887659 1.750915989219168 5
1694356887682 1.7240237432876706 6
1694356887706 1.6983915940549559 7
1694356887730 1.6736989044148636 8
1694356887756 1.6499840599004216 9
1694356887780 1.6271171328489162 10
1694356887804 1.605186038704913 11
1694356887829 1.5838690908377284 12
1694356887854 1.5635021007710326 13
1694356887880 1.5439076638879494 14
1694356887906 1.5249148009963247 15
1694356887931 1.506215877821325 16
1694356887958 1.4882465434214533 17
1694356887985 1.4708847644810452 18
1694356888010 1.4539828656305198 19
1694356888035 1.4378115350501632 20
1694356888061 1.4216600490221543 21
1694356888086 1.406068990810297 22
1694356888113 1.3909444256121817 23
1694356888138 1.3762139887033449 24
1694356888166 1.3617786839208745 25
1694356888192 1.3475329039185155 26
1694356888220 1.3336225981288765 27
1694356888244 1.3200516090590566 28
1694356888295 1.3067962520083807 29
1694356888319 1.2940704006033523 30
1694356888345 1.2814585031362666 31
1694356888370 1.2691324582732832 32
1694356888398 1.2571036848590362 33
1694356888423 1.2453877221404428 34
1694356888449 1.233874401056613 35
1694356888473 1.2225795938655553 36
1694356888501 1.21163489359911 37
1694356888527 1.2009261004413174 38
1694356888552 1.1903261788314676 39
1694356888578 1.1799756048445917 40
1694356888602 1.169873242359967 41
1694356888677 1.1600725502079985 42
1694356888702 1.1502895701639058 43
1694356888726 1.1406266301012435 44
1694356888763 1.1311312955131185 45
1694356888821 1.1218615164521344 46
1694356888848 1.112825051624061 47
1694356888874 1.1037909795544438 48
1694356888928 1.0950896725395456 49
1694356888952 1.0865733064735856 50
1694356888977 1.0781761863275559 51
1694356889003 1.0699312968806842 52
1694356889030 1.061789171388919 53
1694356889055 1.0538399374131517 54
1694356889080 1.0460048727505613 55
1694356889106 1.0382403180704498 56
1694356889131 1.0306451808138093 57
1694356889159 1.0231105139248635 58
1694356889185 1.015775511728369 59
1694356889211 1.0085687776756849 60
1694356889236 1.0014306960755202 61
1694356889264 0.9944743883363788 62
1694356889291 0.9877416285592218 63
1694356889316 0.9809894728919761 64
1694356889341 0.9744365652919434 65
1694356889366 0.9679393215711996 66
1694356889392 0.9615516254341604 67
1694356889417 0.9552586485845141 68
1694356889442 0.9490165838498811 69
1694356889468 0.9429531248680753 70
1694356889495 0.9369593936441513 71
1694356889580 0.9311283952873635 72
1694356889609 0.9252930113328818 73
1694356889637 0.9195574826154038 74
1694356889683 0.9138148856786243 75
1694356889717 0.9082031678446608 76
1694356889745 0.9027834413994449 77
1694356889772 0.8974099911279383 78
1694356889797 0.892125337480549 79
1694356889827 0.8869419390283034 80
1694356889861 0.8818342660305161 81
1694356889889 0.8768322868814549 82
1694356889918 0.8718589178480334 83
1694356889945 0.8669572864732569 84
1694356889970 0.8621287667602908 85
1694356889997 0.8573024863444441 86
1694356890023 0.8526423512841971 87
1694356890050 0.8480076543651018 88
1694356890080 0.8434152444577991 89
1694356890106 0.8388794307536895 90
1694356890141 0.834381646096191 91
1694356890177 0.8300910682455951 92
1694356890203 0.8258957698267266 93
1694356890230 0.8216506428130108 94
1694356890255 0.8174205664206012 95
1694356890321 0.8132702548323032 96
1694356890345 0.8092874265239924 97
1694356890371 0.8052752410256996 98
1694356890401 0.8013510019152635 99
1694356890426 0.7974633112042604 100
1694356890458 0.7936393721331754 101
1694356890491 0.789885693108728 102
1694356890521 0.7861597917679694 103
1694356890546 0.7825251173312735 104
1694356890571 0.7788463559267013 105
1694356890598 0.7753042234410338 106
1694356890624 0.7717439491719389 107
1694356890652 0.768231491074755 108
1694356890679 0.7647048648688055 109
1694356890705 0.7613026142168917 110
1694356890733 0.7578876865779663 111
1694356890764 0.7545493330928492 112
1694356890792 0.7512931652775208 113
1694356890819 0.7480578430917769 114
1694356890848 0.7448756738038488 115
1694356890875 0.7417046864332875 116
1694356890911 0.7386473708697437 117
1694356890942 0.7356030647272567 118
1694356890987 0.7325496452950637 119
1694356891022 0.7295805663216127 120
1694356891068 0.726592218578646 121
1694356891093 0.7237001236610101 122
1694356891119 0.7208574760680361 123
1694356891144 0.7180423457010653 124
1694356891170 0.7152008563236603 125
1694356891196 0.7124589147300723 126
1694356891221 0.7096794644543479 127
1694356891249 0.7069576736526485 128
1694356891275 0.7042987143456446 129
1694356891302 0.7016405109529201 130
1694356891326 0.6990319771733576 131
1694356891351 0.6963885112500164 132
1694356891377 0.6938900410997051 133
1694356891404 0.6914255284360455 134
1694356891431 0.6888807693117114 135
1694356891458 0.6864080771429557 136
1694356891484 0.6839650877635816 137
1694356891511 0.6814896970496503 138
1694356891540 0.6790549523288366 139
1694356891565 0.6767246543881997 140
1694356891615 0.6743894432880336 141
1694356891640 0.6720574871644134 142
1694356891665 0.669804715299994 143
1694356891690 0.6675445892827819 144
1694356891716 0.6652502005271727 145
1694356891743 0.6630536610330858 146
1694356891769 0.6608662112656541 147
1694356891795 0.6587123818874365 148
1694356891821 0.6565749625203334 149
1694356891847 0.6544038390468845 150
1694356891874 0.6522950371906638 151
1694356891900 0.6501628969235979 152
1694356891932 0.6481542965123281 153
1694356891959 0.6461387043892683 154
1694356892006 0.6441221466311537 155
1694356892031 0.6420854188541205 156
1694356892055 0.6401296378944001 157
1694356892081 0.6382298968544504 158
1694356892107 0.6362681806290253 159
1694356892133 0.6343904620673864 160
1694356892160 0.632479491233531 161
1694356892187 0.6305975233850213 162
1694356892215 0.6287542122226574 163
1694356892242 0.6269544428996954 164
1694356892268 0.6251394348183507 165
1694356892295 0.6233388396024563 166
1694356892322 0.6215428694618235 167
1694356892372 0.6198031509024513 168
1694356892398 0.6180127999512265 169
1694356892425 0.6163301856388279 170
1694356892453 0.6146483644679864 171
1694356892480 0.6129100964424014 172
1694356892506 0.6112434614760351 173
1694356892535 0.6095998327742863 174
1694356892559 0.6079438342615914 175
1694356892584 0.6062392994834817 176
1694356892610 0.6045733252609641 177
1694356892636 0.602969371674057 178
1694356892662 0.6013861298923368 179
1694356892686 0.5998491954749178 180
1694356892713 0.5982973111972888 181
1694356892738 0.596768775527335 182
1694356892764 0.5951992032632251 183
1694356892790 0.5936721455682693 184
1694356892815 0.5921599270049858 185
1694356892841 0.5906695272618081 186
1694356892867 0.5892047718698927 187
1694356892893 0.5877384676687802 188
1694356892919 0.5863057510278918 189
1694356892946 0.5848439925583934 190
1694356892973 0.5834529974551285 191
1694356893000 0.5820317785458032 192
1694356893027 0.5806175038778444 193
1694356893055 0.5792159443462496 194
1694356893089 0.5778749970681966 195
1694356893117 0.5765307847423466 196
1694356893172 0.5751846719908054 197
1694356893200 0.5738270401425001 198
1694356893261 0.5724586353943992 199
1694356893285 0.5711456921622102 200
1694356893310 0.5698699235067034 201
1694356893337 0.5685552799681647 202
1694356893362 0.5672982133991059 203
1694356893387 0.5660382345893761 204
1694356893412 0.5648130319929233 205
1694356893437 0.5635337900553848 206
1694356893465 0.5622492900382943 207
1694356893490 0.5609726450736646 208
1694356893515 0.5598031906286092 209
1694356893541 0.5585994489310725 210
1694356893568 0.5573608732618942 211
1694356893593 0.5561692717184448 212
1694356893617 0.5549783413781879 213
1694356893668 0.5537713041349983 214
1694356893694 0.5526164687448208 215
1694356893718 0.5514675381153255 216
1694356893743 0.5503413070118628 217
1694356893771 0.5492035798992019 218
1694356893798 0.5480850887772241 219
1694356893822 0.5469906094762793 220
1694356893848 0.5458733080351081 221
1694356893873 0.5447697943764509 222
1694356893899 0.5436331921300456 223
1694356893926 0.5425396355454208 224
1694356893952 0.5414544987199313 225
1694356893977 0.5403977996578279 226
1694356894003 0.5392897726238192 227
1694356894029 0.5382510545938592 228
1694356894053 0.5372423023352192 229
1694356894078 0.5362128009491326 230
1694356894104 0.5351702931279547 231
1694356894129 0.5341935780184556 232
1694356894155 0.5331284814641165 233
1694356894191 0.5321072922488628 234
1694356894217 0.5311222921201307 235
1694356894243 0.5301544794101608 236
1694356894269 0.5291575000220854 237
1694356894296 0.5281985350525351 238
1694356894321 0.5272206372520349 239
1694356894347 0.5262552678861497 240
1694356894398 0.5253140147500778 241
1694356894422 0.5243472213775952 242
1694356894448 0.5234083155390195 243
1694356894478 0.522441394327026 244
1694356894503 0.5215004938164627 245
1694356894530 0.5206064173542003 246
1694356894558 0.5196513514343891 247
1694356894581 0.5187175315168985 248
1694356894605 0.5177725109131401 249
1694356894629 0.5168952986509143 250
1694356894655 0.5159560373515494 251
1694356894681 0.5150552742397627 252
1694356894705 0.5141571762660334 253
1694356894730 0.5132548088481296 254
1694356894754 0.5124099369560278 255
1694356894783 0.5115268495433483 256
1694356894810 0.5106762718574565 257
1694356894835 0.5097835462073136 258
1694356894861 0.5089421247197335 259
1694356894888 0.5081058746389706 260
1694356894913 0.5072502435222165 261
1694356894939 0.5063870603169354 262
1694356894964 0.5055583782321823 263
1694356894988 0.5047111626258438 264
1694356895018 0.5039154720566709 265
1694356895044 0.5031126051945292 266
1694356895069 0.5022811310504595 267
1694356895095 0.501465542561816 268
1694356895119 0.5006530390420565 269
1694356895145 0.49981110883163204 270
1694356895171 0.49900470164669164 271
1694356895197 0.4981988962921124 272
1694356895221 0.49741726039783074 273
1694356895344 0.4966702775936679 274
1694356895372 0.49588441249837306 275
1694356895397 0.49512639587751894 276
1694356895422 0.49442836850259786 277
1694356895446 0.4936885797615441 278
1694356895472 0.4929238609311911 279
1694356895497 0.4921931014319483 280
1694356895523 0.49144744705522775 281
1694356895547 0.4907154652065971 282
1694356895573 0.48995732944535103 283
1694356895597 0.48923695720686455 284
1694356895623 0.48849215650159494 285
1694356895653 0.4877587110670933 286
1694356895737 0.48701341760818295 287
1694356895761 0.48628599262373035 288
1694356895789 0.48555861194667155 289
1694356895814 0.48485492394267365 290
1694356895838 0.4841518371891941 291
1694356895863 0.4834645303478593 292
1694356895899 0.48276269687332957 293
1694356895924 0.48207211781893206 294
1694356895950 0.4813780328507633 295
1694356895974 0.4806877328053883 296
1694356896000 0.480007409535435 297
1694356896026 0.47931323415024757 298
1694356896053 0.47863246700332884 299
1694356896081 0.47793706500069266 300
1694356896107 0.4772619855173598 301
1694356896133 0.47660570440010497 302
1694356896160 0.4759529610916767 303
1694356896188 0.47528918247341945 304
1694356896215 0.4746331098231218 305
1694356896245 0.4739955943215856 306
1694356896268 0.4733438596058683 307
1694356896299 0.47271265578703575 308
1694356896322 0.4720276932744209 309
1694356896347 0.4714208894404109 310
1694356896371 0.47078972208212344 311
1694356896395 0.47016722757913537 312
1694356896445 0.46952730531137055 313
1694356896472 0.4688997239228772 314
1694356896496 0.46828182079560976 315
1694356896521 0.46768129829561145 316
1694356896546 0.46709543443429735 317
1694356896571 0.4664854582804828 318
1694356896599 0.46588003803207456 319
1694356896622 0.4652975546717197 320
1694356896647 0.4646863119843596 321
1694356896672 0.4641029718501447 322
1694356896697 0.463500964519474 323
1694356896722 0.46292677899440215 324
1694356896747 0.46234177105347857 325
1694356896772 0.4617536732199934 326
1694356896796 0.46115642269194956 327
1694356896824 0.4605412091062597 328
1694356896849 0.4599662415416246 329
1694356896873 0.4593712998142989 330
1694356896899 0.4588036018114689 331
1694356896923 0.4582308922577544 332
1694356896947 0.45769106222652484 333
1694356896973 0.4570946893417735 334
1694356896997 0.4565166800272685 335
1694356897022 0.45596782584668955 336
1694356897046 0.45543512947545495 337
1694356897073 0.45487369440592 338
1694356897098 0.45427805892454415 339
1694356897123 0.45367050651231283 340
1694356897148 0.453124994956266 341
1694356897173 0.4525592341760685 342
1694356897199 0.45202397880114964 343
1694356897223 0.45148488330494607 344
1694356897247 0.45094091292136695 345
1694356897273 0.4504086390746727 346
1694356897300 0.44992543578645783 347
1694356897409 0.4494005391865896 348
1694356897435 0.448882313170651 349
1694356897460 0.44832799640983617 350
1694356897485 0.44778606818825906 351
1694356897511 0.4472487224810605 352
1694356897535 0.44669207497346614 353
1694356897561 0.4461806914323011 354
1694356897585 0.4456599292999645 355
1694356897610 0.4451280399919289 356
1694356897635 0.4446033541776876 357
1694356897660 0.44407936604611686 358
1694356897684 0.4435601828217752 359
1694356897733 0.4430377431375987 360
1694356897758 0.4425028819480461 361
1694356897782 0.4420175681122494 362
1694356897807 0.441487635221092 363
1694356897836 0.4409971508331416 364
1694356897864 0.4404936348725313 365
1694356897889 0.43999165201138224 366
1694356897914 0.43946181764139003 367
1694356897938 0.43896231857236834 368
1694356897967 0.4384698308446363 369
1694356897992 0.4379743122073891 370
1694356898018 0.4374708301418592 371
1694356898043 0.43696813408394786 372
1694356898068 0.43647206935383437 373
1694356898093 0.43596619144271753 374
1694356898118 0.4354724736210259 375
1694356898143 0.4350221539445782 376
1694356898168 0.4345120424584764 377
1694356898206 0.4340114984055736 378
1694356898233 0.43353185094265845 379
1694356898262 0.43303353542691825 380
1694356898286 0.43258054899654075 381
1694356898310 0.43209018930758636 382
1694356898335 0.43160492554751195 383
1694356898360 0.4311529053057795 384
1694356898384 0.4307237371863173 385
1694356898409 0.4302322101565132 386
1694356898433 0.4297741724529394 387
1694356898494 0.4293066820998556 388
1694356898518 0.4288336037960916 389
1694356898542 0.42839700604787795 390
1694356898570 0.4279768449194068 391
1694356898597 0.427500173933346 392
1694356898622 0.42705116999357456 393
1694356898648 0.42658721642971914 394
1694356898673 0.4261218018353434 395
1694356898698 0.4256735477853474 396
1694356898725 0.4252070008480928 397
1694356898751 0.42473484657336663 398
1694356898780 0.42428108227548833 399
1694356898806 0.4238334850284634 400
1694356898831 0.42342624932597334 401
1694356898856 0.4229596513161635 402
1694356898882 0.42251427300080086 403
1694356898906 0.42209698065889195 404
1694356898933 0.4216696478709452 405
1694356898959 0.4211742556492681 406
1694356898984 0.4207371893096131 407
1694356899010 0.4202894684391113 408
1694356899035 0.4198689489889177 409
1694356899061 0.41942226915366976 410
1694356899087 0.4190112704438643 411
1694356899112 0.41858423064610706 412
1694356899137 0.4181449452040041 413
1694356899161 0.41772713838135955 414
1694356899185 0.41730820627226756 415
1694356899212 0.4168965574604793 416
1694356899237 0.4164878469547352 417
1694356899262 0.4160634298851905 418
1694356899287 0.4156018969052228 419
1694356899312 0.4151584178526747 420
1694356899339 0.4147403686329855 421
1694356899365 0.4143680455634211 422
1694356899391 0.41394607259342814 423
1694356899433 0.41353623402843454 424
1694356899514 0.4131244112284519 425
1694356899540 0.4127285509089029 426
1694356899566 0.4123494909938905 427
1694356899592 0.41191653117190546 428
1694356899618 0.41151847505099237 429
1694356899641 0.4111142431468949 430
1694356899666 0.4107087968272132 431
1694356899690 0.4103020135182285 432
1694356899714 0.4098951232557579 433
1694356899769 0.40944218840436725 434
1694356899793 0.4090310226379965 435
1694356899820 0.4086179623914574 436
1694356899846 0.4082390078098521 437
1694356899870 0.40783588878200594 438
1694356899895 0.4074550340956718 439
1694356899919 0.40707037213597147 440
1694356899943 0.406666945211105 441
1694356899968 0.4062528657998414 442
1694356899992 0.4058555865797662 443
1694356900018 0.40544263479445103 444
1694356900042 0.40507727700868895 445
1694356900067 0.40468739600765957 446
1694356900092 0.4043045782965463 447
1694356900117 0.4039159884215812 448
1694356900143 0.4034875889486613 449
1694356900167 0.4031095036327804 450
1694356900193 0.40271470949957344 451
1694356900223 0.40232751089840946 452
1694356900249 0.4019602818713306 453
1694356900275 0.4015968667710269 454
1694356900316 0.4012016294225929 455
1694356900340 0.40082909175149284 456
1694356900368 0.4004570177316915 457
1694356900392 0.40007744072749557 458
1694356900416 0.3997231540241348 459
1694356900441 0.3993585168531017 460
1694356900466 0.3989893028780901 461
1694356900515 0.39861921300748515 462
1694356900539 0.3982294335325273 463
1694356900563 0.39788114074182257 464
1694356900589 0.3974953121869582 465
1694356900615 0.3971235598382528 466
1694356900640 0.3967543231157674 467
1694356900665 0.39637496570342085 468
1694356900689 0.3960173424320967 469
1694356900714 0.39568378806265 470
1694356900739 0.39531350604094123 471
1694356900763 0.3949660755386833 472
1694356900787 0.39462699900950626 473
1694356900814 0.39425722573104227 474
1694356900839 0.39390953383670185 475
1694356900864 0.39358643165469787 476
1694356900892 0.39325767929294503 477
1694356900917 0.3929139140032212 478
1694356900943 0.39254906385001176 479
1694356900967 0.3922029751074783 480
1694356900991 0.3918479701582854 481
1694356901015 0.3915017901161655 482
1694356901041 0.3911724332505447 483
1694356901065 0.39082840751306336 484
1694356901090 0.39047380478803795 485
1694356901115 0.390116380509742 486
1694356901142 0.38976673085755 487
1694356901167 0.3894201744015661 488
1694356901192 0.38908937461573495 489
1694356901217 0.38874671905642283 490
1694356901241 0.3884047021909167 491
1694356901267 0.38808299049146555 492
1694356901291 0.38775357952935996 493
1694356901316 0.3874189017453509 494
1694356901340 0.38707404767418224 495
1694356901364 0.38673806354350243 496
1694356901393 0.38639127849915345 497
1694356901417 0.3861009759123902 498
1694356901442 0.3857855033416802 499
1694356901563 0.3857855033416802 500
