1694357523930 1.9110737750511633 0
1694357523968 1.8744299169026646 1
1694357524002 1.8415718815893434 2
1694357524026 1.8099558342036932 3
1694357524050 1.7803085926992104 4
1694357524073 1.752261784735173 5
1694357524099 1.7254122122273436 6
1694357524123 1.699941514831035 7
1694357524147 1.6753393382247215 8
1694357524171 1.6516251761332177 9
1694357524218 1.6288789110515 10
1694357524242 1.6070422368481192 11
1694357524266 1.5857869743157909 12
1694357524291 1.5653826456693032 13
1694357524316 1.5457332935638408 14
1694357524341 1.5267389870915224 15
1694357524430 1.5080347296819185 16
1694357524453 1.4901156306292007 17
1694357524484 1.4727385910414323 18
1694357524509 1.4557310099367011 19
1694357524548 1.4395554408650757 20
1694357524573 1.4233418051685431 21
1694357524597 1.4077319231667227 22
1694357524622 1.3927205069251518 23
1694357524649 1.3778810268977963 24
1694357524675 1.363464624542628 25
1694357524702 1.3493235150227205 26
1694357524727 1.3353564253672225 27
1694357524753 1.3217511881053345 28
1694357524779 1.308551880137504 29
1694357524818 1.2958677377130816 30
1694357524842 1.2833110158613612 31
1694357524867 1.2709762235074746 32
1694357524897 1.2589524445390983 33
1694357524923 1.2472622066011696 34
1694357524950 1.2358027899143589 35
1694357524974 1.2243951550580165 36
1694357525005 1.213455495382681 37
1694357525030 1.2026996720329552 38
1694357525054 1.192142072362815 39
1694357525079 1.1818871322658058 40
1694357525165 1.1716894029480385 41
1694357525209 1.1619335442975298 42
1694357525236 1.1521772361295612 43
1694357525260 1.1425638718989106 44
1694357525297 1.1331711420571855 45
1694357525322 1.1238516978112691 46
1694357525349 1.1149037590858832 47
1694357525374 1.1058724478256556 48
1694357525428 1.0972387972084088 49
1694357525453 1.08873854795698 50
1694357525479 1.0803615638730868 51
1694357525508 1.0721154450132409 52
1694357525536 1.0639776332716415 53
1694357525563 1.0561128800194646 54
1694357525588 1.0482993667044376 55
1694357525613 1.0406183269893365 56
1694357525638 1.033068657377852 57
1694357525665 1.0255668727052345 58
1694357525692 1.0183064574037377 59
1694357525717 1.0112056608844493 60
1694357525744 1.004097638693622 61
1694357525772 0.9971787192288819 62
1694357525800 0.9904118878701443 63
1694357525827 0.9835838499861751 64
1694357525854 0.9770603182279118 65
1694357525889 0.9706450496955895 66
1694357525916 0.9643001177285998 67
1694357525943 0.9580591615175467 68
1694357525969 0.9518460631493559 69
1694357525994 0.945807039221162 70
1694357526019 0.9398874736814012 71
1694357526048 0.9340185962488574 72
1694357526078 0.9282613723172873 73
1694357526103 0.9225072479184371 74
1694357526134 0.9168140144040207 75
1694357526160 0.9112155846774049 76
1694357526193 0.9058474938312517 77
1694357526219 0.9004996639216953 78
1694357526245 0.8951956485546013 79
1694357526271 0.8900272653363183 80
1694357526298 0.884943769119168 81
1694357526324 0.8799453062001744 82
1694357526351 0.87493590936525 83
1694357526384 0.8700605467571021 84
1694357526433 0.8652682682537376 85
1694357526459 0.8604604253929683 86
1694357526486 0.8558118065820982 87
1694357526512 0.8512178640810778 88
1694357526538 0.846694521988028 89
1694357526566 0.8422413233784191 90
1694357526596 0.8378488807732724 91
1694357526623 0.8335792239434068 92
1694357526648 0.829332910094679 93
1694357526675 0.8251526739204851 94
1694357526701 0.820953449542494 95
1694357526728 0.8168426077077846 96
1694357526753 0.8128792198176491 97
1694357526779 0.8089543829650915 98
1694357526808 0.8050386383220363 99
1694357526834 0.8012003226208658 100
1694357526859 0.7973748246313234 101
1694357526892 0.7936435579675367 102
1694357526918 0.7898993590535542 103
1694357526944 0.7862241246594325 104
1694357526972 0.7825911664248766 105
1694357526998 0.779067348678767 106
1694357527024 0.7755533502795956 107
1694357527053 0.771988171739234 108
1694357527079 0.7685120734276728 109
1694357527104 0.7651131451001546 110
1694357527134 0.7616656998052478 111
1694357527160 0.7583607137531477 112
1694357527240 0.7551895130740699 113
1694357527288 0.7519624117291398 114
1694357527315 0.7487964597206801 115
1694357527342 0.7456740931486536 116
1694357527374 0.7426343217006104 117
1694357527400 0.7395110791140143 118
1694357527425 0.7365027838578581 119
1694357527475 0.7335258283538536 120
1694357527502 0.7305139041581361 121
1694357527527 0.7276032012820891 122
1694357527553 0.7247172237926857 123
1694357527580 0.7218664909312169 124
1694357527606 0.719022089073825 125
1694357527632 0.7162449133220544 126
1694357527661 0.7134574662704715 127
1694357527686 0.7107814867104986 128
1694357527712 0.7081414009575715 129
1694357527739 0.7055096462722509 130
1694357527765 0.7028831562753877 131
1694357527796 0.700237123628649 132
1694357527823 0.6977471265804644 133
1694357527848 0.6952093629537656 134
1694357527879 0.692636078150345 135
1694357527908 0.6901744317961231 136
1694357527934 0.6877290241163193 137
1694357527961 0.6852319806438159 138
1694357527989 0.6828453867530928 139
1694357528016 0.6804986889327024 140
1694357528042 0.6781571047410389 141
1694357528069 0.6758483491454766 142
1694357528096 0.6735825524668414 143
1694357528122 0.6713511016310049 144
1694357528148 0.6691204755486686 145
1694357528179 0.6669479448206364 146
1694357528209 0.6647400277491243 147
1694357528236 0.6625733845018434 148
1694357528265 0.6604215817115393 149
1694357528294 0.6583347282698743 150
1694357528326 0.6562487356171155 151
1694357528353 0.6541811934007251 152
1694357528389 0.6522026802109786 153
1694357528420 0.6501418666583879 154
1694357528471 0.648091725002268 155
1694357528496 0.6461094692947945 156
1694357528521 0.6441615719604852 157
1694357528555 0.6422393988195638 158
1694357528583 0.6403070219072958 159
1694357528609 0.6384154396885351 160
1694357528643 0.6364743779707249 161
1694357528669 0.6346438436615377 162
1694357528694 0.632815981652296 163
1694357528723 0.6309805854197008 164
1694357528749 0.6291613820769961 165
1694357528775 0.6273471339041021 166
1694357528804 0.6255871073332481 167
1694357528830 0.6238011287218636 168
1694357528859 0.6220761304346362 169
1694357528890 0.6204075920522182 170
1694357528918 0.6186859263147236 171
1694357528945 0.6170255054787104 172
1694357528975 0.6153540322444055 173
1694357529002 0.6137172746525555 174
1694357529027 0.61210756316772 175
1694357529053 0.6105028561388468 176
1694357529081 0.6088529814016015 177
1694357529107 0.6072825374452023 178
1694357529133 0.6056778313394051 179
1694357529159 0.6041532812077359 180
1694357529186 0.6026385361332963 181
1694357529213 0.6010959187990678 182
1694357529243 0.5995693654936051 183
1694357529320 0.5980556549133383 184
1694357529366 0.5965584381107456 185
1694357529398 0.5950670077882907 186
1694357529424 0.5936100178193978 187
1694357529450 0.5921387825730327 188
1694357529502 0.5906775692466364 189
1694357529530 0.5892613760262685 190
1694357529554 0.5877771256691258 191
1694357529587 0.5863659574315775 192
1694357529613 0.5849840962095639 193
1694357529641 0.583572476439407 194
1694357529667 0.5822302926872053 195
1694357529693 0.5809060214636691 196
1694357529718 0.5795487567515841 197
1694357529746 0.5781766350779479 198
1694357529775 0.576870935352462 199
1694357529801 0.5755640804478724 200
1694357529827 0.574265897684208 201
1694357529853 0.5729901799072531 202
1694357529884 0.5716684932209892 203
1694357529910 0.5704038509613664 204
1694357529937 0.569146084036921 205
1694357529963 0.5678861988194175 206
1694357529991 0.5666120009974334 207
1694357530016 0.5654015555513741 208
1694357530040 0.5642591808130378 209
1694357530065 0.5630446236862922 210
1694357530091 0.5618481525870153 211
1694357530123 0.560658196880483 212
1694357530148 0.5595030370591482 213
1694357530173 0.5583383167744503 214
1694357530199 0.5571344203600129 215
1694357530226 0.5559850539746088 216
1694357530252 0.5548306081316501 217
1694357530278 0.5536980524762241 218
1694357530307 0.5525733793674555 219
1694357530335 0.5514849825255425 220
1694357530362 0.5503860715022628 221
1694357530409 0.5492833884358622 222
1694357530435 0.548222456023 223
1694357530485 0.547148071696747 224
1694357530510 0.5460755624287089 225
1694357530534 0.5450030289859628 226
1694357530559 0.5439785622697839 227
1694357530584 0.5429003852198144 228
1694357530609 0.5418155296986127 229
1694357530637 0.5407721123088558 230
1694357530663 0.5397636830406112 231
1694357530689 0.5387409424759727 232
1694357530726 0.5377337094365937 233
1694357530752 0.5367204123112448 234
1694357530779 0.5357169307967451 235
1694357530806 0.5347124221799138 236
1694357530834 0.5337101334913561 237
1694357530860 0.532712115048614 238
1694357530891 0.5317678337629709 239
1694357530916 0.5308242685303892 240
1694357530942 0.5298613539859935 241
1694357530969 0.5288971599242278 242
1694357530998 0.5279946331501068 243
1694357531022 0.5270390807303572 244
1694357531046 0.5261035686744359 245
1694357531071 0.52515930700429 246
1694357531095 0.5242360697994067 247
1694357531122 0.5233164915945903 248
1694357531151 0.5224077457297829 249
1694357531177 0.5215021038873717 250
1694357531203 0.5206015724638126 251
1694357531228 0.5197046490835865 252
1694357531253 0.5188313541368448 253
1694357531280 0.5179100990114492 254
1694357531305 0.5170131851980958 255
1694357531332 0.5161491229288058 256
1694357531358 0.5152631044005681 257
1694357531397 0.5143989150765044 258
1694357531452 0.5135453289171363 259
1694357531479 0.5127060069455625 260
1694357531536 0.5118763151660469 261
1694357531561 0.5110530359308387 262
1694357531585 0.5102012046357608 263
1694357531614 0.5093691149193146 264
1694357531640 0.5085721293247026 265
1694357531665 0.5077811903175715 266
1694357531694 0.5069715740536828 267
1694357531718 0.5061747679362355 268
1694357531743 0.5053645368841657 269
1694357531769 0.5045519463302612 270
1694357531795 0.5037739724370786 271
1694357531819 0.5029777179398316 272
1694357531844 0.5022111933182359 273
1694357531874 0.5014800579616143 274
1694357531902 0.5007437907747775 275
1694357531928 0.4999765602375457 276
1694357531951 0.49925159987732237 277
1694357531978 0.4985123702661207 278
1694357532005 0.4977858369843182 279
1694357532031 0.49703030847569013 280
1694357532054 0.49629529790506666 281
1694357532079 0.49556995032020024 282
1694357532104 0.4948270045218093 283
1694357532133 0.4940934643689777 284
1694357532158 0.4933817227190538 285
1694357532182 0.4926683510461943 286
1694357532207 0.49195390648740556 287
1694357532232 0.491265913688521 288
1694357532257 0.49052702925577757 289
1694357532283 0.4897956657097586 290
1694357532308 0.4891292238177522 291
1694357532334 0.4884356767351004 292
1694357532360 0.48772083590746135 293
1694357532386 0.4870247140217648 294
1694357532415 0.48630437542038324 295
1694357532444 0.48559436096368813 296
1694357532469 0.48491152458555836 297
1694357532493 0.4842302480546374 298
1694357532542 0.4835651491924146 299
1694357532570 0.48291322491866334 300
1694357532593 0.4822632103004108 301
1694357532617 0.4816347692111908 302
1694357532649 0.48095833737319454 303
1694357532675 0.4802864347535248 304
1694357532699 0.47963975086312344 305
1694357532723 0.479041386384464 306
1694357532748 0.4783958298537448 307
1694357532773 0.4777466870010934 308
1694357532799 0.47711290840511394 309
1694357532825 0.4764873923098227 310
1694357532849 0.47585666197028664 311
1694357532874 0.4751930735444906 312
1694357532906 0.47454632603798874 313
1694357532931 0.47391119035969914 314
1694357532958 0.4733161442967194 315
1694357532983 0.472695996414502 316
1694357533010 0.4720431545316507 317
1694357533037 0.47141124766481396 318
1694357533062 0.4707852824984941 319
1694357533087 0.4701922352435271 320
1694357533111 0.469581472224959 321
1694357533137 0.4689758727449852 322
1694357533165 0.4683810589200445 323
1694357533191 0.46778633246197876 324
1694357533215 0.4671865326876613 325
1694357533240 0.46660235943585343 326
1694357533265 0.46601859141805213 327
1694357533290 0.4654386016227001 328
1694357533324 0.46487183862067943 329
1694357533350 0.46428945870939 330
1694357533381 0.4637008544543789 331
1694357533408 0.46311870211056033 332
1694357533434 0.46253057789601354 333
1694357533461 0.4619404318868408 334
1694357533489 0.4613394359848104 335
1694357533514 0.46080158120725523 336
1694357533604 0.46022984384861104 337
1694357533648 0.45968675107942497 338
1694357533672 0.45910822382813843 339
1694357533700 0.45855361294985836 340
1694357533725 0.45796781772961204 341
1694357533750 0.45742142950545067 342
1694357533775 0.45687867143244676 343
1694357533802 0.45633664467510515 344
1694357533828 0.4558014586684563 345
1694357533853 0.45524505241259194 346
1694357533878 0.45468993177230405 347
1694357533909 0.45415432345688883 348
1694357533934 0.45360419441887795 349
1694357533960 0.45305573920684816 350
1694357533986 0.45252159844169143 351
1694357534016 0.45201853298134015 352
1694357534045 0.45149612587962423 353
1694357534068 0.4509580869014772 354
1694357534093 0.45045956404700443 355
1694357534115 0.4499650973404017 356
1694357534140 0.4494432560019989 357
1694357534170 0.4489161776695074 358
1694357534196 0.4483983627429793 359
1694357534221 0.44789597376012613 360
1694357534246 0.4473952205637477 361
1694357534271 0.4469021925594676 362
1694357534326 0.4463520194551353 363
1694357534352 0.44585417463527316 364
1694357534382 0.4453276844108302 365
1694357534426 0.44482776398062157 366
1694357534450 0.4442915276476045 367
1694357534474 0.44378207099135264 368
1694357534498 0.443276205159967 369
1694357534522 0.4427918410596464 370
1694357534571 0.4422983529524622 371
1694357534595 0.44180206295884467 372
1694357534631 0.44128880926220954 373
1694357534656 0.4408019137326317 374
1694357534682 0.44030380357084287 375
1694357534707 0.4398461826496817 376
1694357534733 0.43940573455436854 377
1694357534758 0.4388980178624438 378
1694357534783 0.4384236663406077 379
1694357534809 0.43796173934228627 380
1694357534835 0.4374859766337385 381
1694357534862 0.43699683987471605 382
1694357534893 0.4364962575315395 383
1694357534924 0.43601989451387096 384
1694357534952 0.4355201276761722 385
1694357534977 0.43506145757061543 386
1694357535002 0.4346277123500198 387
1694357535028 0.43415353878154656 388
1694357535056 0.43366951151362926 389
1694357535083 0.433198983900257 390
1694357535105 0.4327590907408167 391
1694357535130 0.4322958656383368 392
1694357535154 0.43183720063286 393
1694357535180 0.43135624509666876 394
1694357535205 0.43090090974865974 395
1694357535230 0.4304273130830355 396
1694357535256 0.4299753537283053 397
1694357535281 0.4295209781841565 398
1694357535307 0.4290878826633395 399
1694357535332 0.4286302724030425 400
1694357535358 0.4281768521008859 401
1694357535390 0.42769920090540486 402
1694357535417 0.42724780311015437 403
1694357535445 0.42679571713186126 404
1694357535470 0.4263763975430087 405
1694357535496 0.42592546802716064 406
1694357535521 0.4255101975618273 407
1694357535545 0.42510947386384 408
1694357535573 0.4246925596561748 409
1694357535628 0.42426976172750525 410
1694357535692 0.42382705471241805 411
1694357535739 0.42341821723651435 412
1694357535763 0.4229749932300445 413
1694357535786 0.4225572275857486 414
1694357535827 0.42211915805675154 415
1694357535852 0.42172980962497725 416
1694357535881 0.42129373790083585 417
1694357535907 0.42089227880114366 418
1694357535931 0.4204966530153545 419
1694357535957 0.42007408549782715 420
1694357535983 0.4196624631573331 421
1694357536008 0.4192533287541946 422
1694357536031 0.4188525838530321 423
1694357536056 0.41844833981632445 424
1694357536081 0.4180227581977339 425
1694357536105 0.41761518982879875 426
1694357536132 0.41720646821035734 427
1694357536156 0.41679355031275567 428
1694357536181 0.41636639001026615 429
1694357536206 0.4159521633488728 430
1694357536231 0.41553686251775745 431
1694357536255 0.4151026632733426 432
1694357536286 0.41469053881256784 433
1694357536311 0.4142746877417139 434
1694357536335 0.4138853094329978 435
1694357536359 0.41347154251898877 436
1694357536390 0.4130714087476866 437
1694357536420 0.4126699052581904 438
1694357536445 0.4122413405862718 439
1694357536469 0.41183090677983747 440
1694357536493 0.41142949494598235 441
1694357536522 0.41099312846493474 442
1694357536547 0.4106017004039988 443
1694357536601 0.41017422398831177 444
1694357536625 0.40977731793073396 445
1694357536649 0.40939291496080027 446
1694357536677 0.4090337559909145 447
1694357536702 0.40863884873350587 448
1694357536727 0.40826364404265736 449
1694357536752 0.40786745168802474 450
1694357536778 0.40746403749005294 451
1694357536803 0.4070878122598804 452
1694357536829 0.40670632178505406 453
1694357536854 0.40633620627638717 454
1694357536883 0.40595090147321533 455
1694357536909 0.4055461668842983 456
1694357536934 0.4051635004820797 457
1694357536961 0.4047908828036939 458
1694357536985 0.40440701030635046 459
1694357537010 0.4040318371229559 460
1694357537034 0.4036565796426117 461
1694357537060 0.4032756875860113 462
1694357537086 0.40287885477116603 463
1694357537110 0.4024975461819412 464
1694357537134 0.40212764307589627 465
1694357537158 0.4017925629728434 466
1694357537181 0.40143558859706113 467
1694357537211 0.40107415946606156 468
1694357537236 0.4007086523937352 469
1694357537262 0.4003425253642525 470
1694357537288 0.4000162630927927 471
1694357537315 0.39963988478788887 472
1694357537353 0.39927354490808714 473
1694357537381 0.39891276407876336 474
1694357537411 0.3985623457792156 475
1694357537439 0.3981922634436928 476
1694357537466 0.39782059489859833 477
1694357537492 0.39745525534983595 478
1694357537518 0.39709268614967813 479
1694357537546 0.3967323563712272 480
1694357537571 0.39635821287670786 481
1694357537599 0.39598888172755503 482
1694357537650 0.3956171537942193 483
1694357537674 0.3952896089971544 484
1694357537697 0.39496046131356577 485
1694357537773 0.3946021132326677 486
1694357537799 0.3942589874898707 487
1694357537864 0.39389839925083747 488
1694357537894 0.3935325840292696 489
1694357537918 0.3931775944389468 490
1694357537945 0.39282724254327317 491
1694357537972 0.39249690089583594 492
1694357537996 0.3921248180704799 493
1694357538021 0.3918004673541726 494
1694357538045 0.39148077112183416 495
1694357538068 0.39116150239139896 496
1694357538095 0.39080471667862254 497
1694357538119 0.3904370306919765 498
1694357538143 0.3900832201235722 499
1694357538252 0.3900832201235722 500
