1694357107301 1.9107536336657314 0
1694357107337 1.874007197290785 1
1694357107372 1.8408203752939953 2
1694357107397 1.8091801994170673 3
1694357107428 1.7793470440929546 4
1694357107452 1.7509159892191681 5
1694357107478 1.7240237432876708 6
1694357107503 1.698391594054956 7
1694357107528 1.6736989044148636 8
1694357107554 1.6499840599004219 9
1694357107579 1.6271171328489167 10
1694357107605 1.605186038704913 11
1694357107631 1.5838690908377284 12
1694357107659 1.5635021007710328 13
1694357107685 1.5439076638879499 14
1694357107710 1.5249148009963247 15
1694357107735 1.506215877821325 16
1694357107760 1.4882465434214531 17
1694357107785 1.4708847644810452 18
1694357107869 1.4539828656305198 19
1694357107893 1.4378115350501632 20
1694357107925 1.4216600490221543 21
1694357107952 1.406068990810297 22
1694357107977 1.3909444256121817 23
1694357108001 1.3762139887033449 24
1694357108026 1.3617786839208745 25
1694357108077 1.3475329039185158 26
1694357108101 1.3336225981288763 27
1694357108127 1.3200516090590566 28
1694357108152 1.3067962520083807 29
1694357108179 1.2940704006033523 30
1694357108204 1.2814585031362666 31
1694357108231 1.2691324582732832 32
1694357108258 1.2571036848590362 33
1694357108283 1.2453877221404428 34
1694357108309 1.2338744010566125 35
1694357108335 1.222579593865555 36
1694357108361 1.21163489359911 37
1694357108386 1.2009261004413174 38
1694357108415 1.1903261788314676 39
1694357108442 1.1799756048445915 40
1694357108468 1.1698732423599671 41
1694357108492 1.1600725502079987 42
1694357108517 1.1502895701639058 43
1694357108540 1.1406266301012435 44
1694357108566 1.1311312955131185 45
1694357108591 1.1218615164521344 46
1694357108618 1.112825051624061 47
1694357108645 1.1037909795544438 48
1694357108678 1.0950896725395456 49
1694357108703 1.0865733064735856 50
1694357108732 1.0781761863275559 51
1694357108757 1.0699312968806842 52
1694357108784 1.061789171388919 53
1694357108810 1.0538399374131515 54
1694357108847 1.0460048727505613 55
1694357108900 1.0382403180704498 56
1694357108952 1.0306451808138093 57
1694357108983 1.0231105139248635 58
1694357109011 1.015775511728369 59
1694357109036 1.0085687776756849 60
1694357109061 1.0014306960755204 61
1694357109086 0.9944743883363788 62
1694357109114 0.9877416285592215 63
1694357109140 0.9809894728919761 64
1694357109166 0.9744365652919433 65
1694357109192 0.9679393215711997 66
1694357109243 0.9615516254341605 67
1694357109267 0.9552586485845143 68
1694357109290 0.9490165838498811 69
1694357109315 0.9429531248680753 70
1694357109344 0.9369593936441513 71
1694357109370 0.9311283952873635 72
1694357109397 0.9252930113328818 73
1694357109429 0.9195574826154036 74
1694357109455 0.9138148856786243 75
1694357109481 0.9082031678446608 76
1694357109507 0.9027834413994449 77
1694357109531 0.8974099911279383 78
1694357109556 0.8921253374805491 79
1694357109582 0.8869419390283036 80
1694357109607 0.8818342660305158 81
1694357109631 0.8768322868814549 82
1694357109662 0.8718589178480333 83
1694357109690 0.8669572864732572 84
1694357109714 0.8621287667602909 85
1694357109741 0.8573024863444441 86
1694357109767 0.8526423512841971 87
1694357109794 0.8480076543651017 88
1694357109819 0.8434152444577991 89
1694357109850 0.8388794307536895 90
1694357109876 0.834381646096191 91
1694357109902 0.8300910682455951 92
1694357109934 0.8258957698267266 93
1694357109980 0.8216506428130108 94
1694357110006 0.8174205664206013 95
1694357110032 0.8132702548323032 96
1694357110057 0.8092874265239924 97
1694357110109 0.8052752410256996 98
1694357110133 0.8013510019152633 99
1694357110158 0.7974633112042604 100
1694357110183 0.7936393721331754 101
1694357110211 0.7898856931087278 102
1694357110237 0.7861597917679695 103
1694357110263 0.7825251173312735 104
1694357110288 0.7788463559267013 105
1694357110314 0.7753042234410337 106
1694357110340 0.7717439491719389 107
1694357110367 0.768231491074755 108
1694357110392 0.7647048648688053 109
1694357110423 0.7613026142168917 110
1694357110450 0.7578876865779663 111
1694357110489 0.7545493330928492 112
1694357110513 0.7512931652775209 113
1694357110537 0.7480578430917769 114
1694357110564 0.744875673803849 115
1694357110589 0.7417046864332876 116
1694357110615 0.7386473708697437 117
1694357110642 0.7356030647272567 118
1694357110670 0.7325496452950638 119
1694357110702 0.7295805663216127 120
1694357110729 0.7265922185786461 121
1694357110758 0.7237001236610104 122
1694357110786 0.7208574760680361 123
1694357110813 0.7180423457010653 124
1694357110839 0.7152008563236603 125
1694357110863 0.7124589147300725 126
1694357110889 0.7096794644543479 127
1694357110915 0.7069576736526485 128
1694357110947 0.7042987143456445 129
1694357111022 0.70164051095292 130
1694357111079 0.6990319771733575 131
1694357111103 0.6963885112500164 132
1694357111128 0.6938900410997052 133
1694357111157 0.6914255284360455 134
1694357111182 0.6888807693117115 135
1694357111219 0.6864080771429556 136
1694357111245 0.6839650877635816 137
1694357111295 0.6814896970496503 138
1694357111320 0.6790549523288366 139
1694357111345 0.6767246543881998 140
1694357111377 0.6743894432880336 141
1694357111404 0.6720574871644133 142
1694357111436 0.669804715299994 143
1694357111463 0.6675445892827818 144
1694357111489 0.6652502005271727 145
1694357111516 0.6630536610330858 146
1694357111543 0.6608662112656541 147
1694357111569 0.6587123818874366 148
1694357111595 0.6565749625203335 149
1694357111622 0.6544038390468845 150
1694357111648 0.6522950371906638 151
1694357111676 0.650162896923598 152
1694357111702 0.6481542965123281 153
1694357111730 0.6461387043892682 154
1694357111779 0.6441221466311536 155
1694357111804 0.6420854188541204 156
1694357111835 0.6401296378944 157
1694357111863 0.6382298968544503 158
1694357111895 0.6362681806290252 159
1694357111926 0.6343904620673864 160
1694357111953 0.632479491233531 161
1694357111979 0.6305975233850214 162
1694357112005 0.6287542122226575 163
1694357112030 0.6269544428996954 164
1694357112056 0.6251394348183507 165
1694357112085 0.6233388396024563 166
1694357112112 0.6215428694618235 167
1694357112164 0.6198031509024513 168
1694357112190 0.6180127999512265 169
1694357112216 0.6163301856388279 170
1694357112245 0.6146483644679864 171
1694357112270 0.6129100964424014 172
1694357112297 0.611243461476035 173
1694357112323 0.6095998327742863 174
1694357112349 0.6079438342615913 175
1694357112375 0.6062392994834815 176
1694357112400 0.6045733252609641 177
1694357112433 0.6029693716740568 178
1694357112459 0.6013861298923368 179
1694357112484 0.5998491954749178 180
1694357112510 0.5982973111972888 181
1694357112535 0.596768775527335 182
1694357112561 0.5951992032632251 183
1694357112586 0.5936721455682693 184
1694357112612 0.5921599270049858 185
1694357112638 0.5906695272618081 186
1694357112665 0.5892047718698928 187
1694357112691 0.5877384676687801 188
1694357112717 0.586305751027892 189
1694357112748 0.5848439925583934 190
1694357112773 0.5834529974551285 191
1694357112798 0.5820317785458033 192
1694357112823 0.5806175038778444 193
1694357112849 0.5792159443462496 194
1694357112874 0.5778749970681967 195
1694357112900 0.5765307847423466 196
1694357112931 0.5751846719908054 197
1694357112959 0.5738270401425001 198
1694357112987 0.5724586353943992 199
1694357113013 0.5711456921622103 200
1694357113039 0.5698699235067034 201
1694357113065 0.5685552799681646 202
1694357113099 0.5672982133991059 203
1694357113126 0.5660382345893761 204
1694357113183 0.5648130319929233 205
1694357113228 0.5635337900553851 206
1694357113252 0.5622492900382943 207
1694357113280 0.5609726450736646 208
1694357113330 0.5598031906286092 209
1694357113354 0.5585994489310725 210
1694357113378 0.5573608732618941 211
1694357113403 0.5561692717184448 212
1694357113434 0.5549783413781879 213
1694357113459 0.5537713041349984 214
1694357113484 0.5526164687448208 215
1694357113510 0.5514675381153256 216
1694357113536 0.5503413070118628 217
1694357113562 0.5492035798992019 218
1694357113589 0.5480850887772241 219
1694357113614 0.5469906094762793 220
1694357113641 0.5458733080351081 221
1694357113669 0.5447697943764508 222
1694357113694 0.5436331921300455 223
1694357113721 0.5425396355454208 224
1694357113749 0.5414544987199313 225
1694357113778 0.5403977996578279 226
1694357113803 0.539289772623819 227
1694357113829 0.5382510545938594 228
1694357113853 0.5372423023352192 229
1694357113880 0.5362128009491327 230
1694357113905 0.5351702931279547 231
1694357113935 0.5341935780184556 232
1694357113960 0.5331284814641166 233
1694357113986 0.5321072922488628 234
1694357114011 0.5311222921201308 235
1694357114036 0.5301544794101607 236
1694357114062 0.5291575000220853 237
1694357114086 0.5281985350525351 238
1694357114112 0.5272206372520349 239
1694357114137 0.5262552678861497 240
1694357114187 0.5253140147500778 241
1694357114212 0.5243472213775953 242
1694357114236 0.5234083155390195 243
1694357114263 0.522441394327026 244
1694357114291 0.5215004938164627 245
1694357114316 0.5206064173542003 246
1694357114343 0.5196513514343891 247
1694357114367 0.5187175315168984 248
1694357114394 0.5177725109131401 249
1694357114421 0.5168952986509143 250
1694357114450 0.5159560373515495 251
1694357114476 0.5150552742397627 252
1694357114502 0.5141571762660334 253
1694357114527 0.5132548088481295 254
1694357114552 0.512409936956028 255
1694357114577 0.5115268495433483 256
1694357114603 0.5106762718574565 257
1694357114628 0.5097835462073136 258
1694357114653 0.5089421247197335 259
1694357114680 0.5081058746389706 260
1694357114707 0.5072502435222165 261
1694357114735 0.5063870603169354 262
1694357114761 0.5055583782321823 263
1694357114785 0.5047111626258438 264
1694357114812 0.5039154720566709 265
1694357114841 0.503112605194529 266
1694357114866 0.5022811310504595 267
1694357114891 0.501465542561816 268
1694357114920 0.5006530390420565 269
1694357114947 0.49981110883163204 270
1694357114972 0.49900470164669153 271
1694357114998 0.4981988962921124 272
1694357115022 0.4974172603978307 273
1694357115049 0.49667027759366794 274
1694357115076 0.49588441249837306 275
1694357115101 0.49512639587751894 276
1694357115128 0.49442836850259786 277
1694357115155 0.4936885797615441 278
1694357115181 0.49292386093119117 279
1694357115218 0.4921931014319483 280
1694357115247 0.49144744705522786 281
1694357115320 0.4907154652065971 282
1694357115370 0.489957329445351 283
1694357115401 0.48923695720686455 284
1694357115430 0.48849215650159494 285
1694357115455 0.4877587110670933 286
1694357115480 0.48701341760818306 287
1694357115506 0.4862859926237304 288
1694357115535 0.48555861194667155 289
1694357115560 0.4848549239426736 290
1694357115585 0.4841518371891941 291
1694357115611 0.4834645303478593 292
1694357115636 0.48276269687332957 293
1694357115661 0.48207211781893206 294
1694357115688 0.48137803285076325 295
1694357115714 0.48068773280538835 296
1694357115742 0.480007409535435 297
1694357115769 0.4793132341502477 298
1694357115795 0.4786324670033289 299
1694357115822 0.4779370650006927 300
1694357115849 0.4772619855173598 301
1694357115873 0.47660570440010497 302
1694357115899 0.4759529610916767 303
1694357115931 0.47528918247341945 304
1694357115958 0.4746331098231219 305
1694357115984 0.4739955943215856 306
1694357116009 0.4733438596058681 307
1694357116033 0.47271265578703575 308
1694357116061 0.4720276932744209 309
1694357116086 0.4714208894404109 310
1694357116111 0.47078972208212344 311
1694357116136 0.47016722757913537 312
1694357116162 0.46952730531137055 313
1694357116187 0.4688997239228772 314
1694357116238 0.46828182079560965 315
1694357116263 0.46768129829561156 316
1694357116288 0.4670954344342973 317
1694357116312 0.46648545828048293 318
1694357116340 0.4658800380320747 319
1694357116364 0.4652975546717197 320
1694357116390 0.4646863119843596 321
1694357116420 0.4641029718501447 322
1694357116447 0.4635009645194739 323
1694357116474 0.4629267789944022 324
1694357116499 0.46234177105347857 325
1694357116526 0.46175367321999344 326
1694357116552 0.4611564226919497 327
1694357116580 0.4605412091062597 328
1694357116605 0.4599662415416246 329
1694357116631 0.459371299814299 330
1694357116660 0.45880360181146884 331
1694357116688 0.4582308922577544 332
1694357116713 0.4576910622265248 333
1694357116740 0.4570946893417735 334
1694357116782 0.4565166800272684 335
1694357116805 0.45596782584668955 336
1694357116833 0.45543512947545495 337
1694357116857 0.45487369440592007 338
1694357116882 0.4542780589245442 339
1694357116909 0.4536705065123128 340
1694357116935 0.453124994956266 341
1694357116960 0.45255923417606847 342
1694357116986 0.45202397880114964 343
1694357117010 0.451484883304946 344
1694357117035 0.45094091292136707 345
1694357117060 0.45040863907467266 346
1694357117087 0.44992543578645794 347
1694357117112 0.4494005391865895 348
1694357117136 0.448882313170651 349
1694357117162 0.44832799640983617 350
1694357117187 0.44778606818825906 351
1694357117213 0.4472487224810604 352
1694357117237 0.44669207497346614 353
1694357117263 0.4461806914323011 354
1694357117288 0.44565992929996456 355
1694357117314 0.4451280399919289 356
1694357117341 0.44460335417768765 357
1694357117426 0.4440793660461169 358
1694357117469 0.4435601828217752 359
1694357117495 0.4430377431375986 360
1694357117520 0.4425028819480461 361
1694357117545 0.4420175681122494 362
1694357117571 0.44148763522109197 363
1694357117596 0.44099715083314156 364
1694357117621 0.4404936348725313 365
1694357117646 0.43999165201138213 366
1694357117673 0.43946181764139003 367
1694357117697 0.43896231857236845 368
1694357117725 0.4384698308446364 369
1694357117751 0.4379743122073891 370
1694357117779 0.4374708301418591 371
1694357117804 0.4369681340839479 372
1694357117830 0.43647206935383437 373
1694357117859 0.4359661914427176 374
1694357117883 0.4354724736210259 375
1694357117907 0.4350221539445782 376
1694357117939 0.43451204245847636 377
1694357117964 0.43401149840557357 378
1694357117993 0.43353185094265845 379
1694357118017 0.43303353542691825 380
1694357118042 0.43258054899654086 381
1694357118066 0.43209018930758636 382
1694357118092 0.43160492554751184 383
1694357118117 0.43115290530577954 384
1694357118140 0.43072373718631723 385
1694357118165 0.4302322101565132 386
1694357118190 0.4297741724529394 387
1694357118215 0.4293066820998556 388
1694357118267 0.42883360379609176 389
1694357118291 0.428397006047878 390
1694357118315 0.4279768449194068 391
1694357118340 0.427500173933346 392
1694357118369 0.42705116999357456 393
1694357118394 0.42658721642971914 394
1694357118425 0.42612180183534326 395
1694357118450 0.4256735477853474 396
1694357118475 0.4252070008480928 397
1694357118501 0.42473484657336663 398
1694357118527 0.42428108227548833 399
1694357118554 0.42383348502846346 400
1694357118580 0.42342624932597334 401
1694357118607 0.4229596513161635 402
1694357118632 0.42251427300080086 403
1694357118658 0.42209698065889206 404
1694357118685 0.42166964787094513 405
1694357118711 0.42117425564926797 406
1694357118737 0.4207371893096131 407
1694357118764 0.4202894684391113 408
1694357118792 0.41986894898891763 409
1694357118818 0.41942226915366965 410
1694357118843 0.4190112704438643 411
1694357118870 0.41858423064610706 412
1694357118896 0.4181449452040041 413
1694357118927 0.41772713838135955 414
1694357118951 0.4173082062722675 415
1694357118978 0.4168965574604793 416
1694357119003 0.41648784695473523 417
1694357119029 0.41606342988519057 418
1694357119054 0.41560189690522276 419
1694357119080 0.4151584178526747 420
1694357119107 0.4147403686329855 421
1694357119131 0.4143680455634211 422
1694357119157 0.41394607259342814 423
1694357119182 0.41353623402843454 424
1694357119208 0.413124411228452 425
1694357119244 0.4127285509089028 426
1694357119268 0.4123494909938905 427
1694357119294 0.41191653117190546 428
1694357119320 0.41151847505099237 429
1694357119346 0.4111142431468949 430
1694357119374 0.41070879682721323 431
1694357119428 0.41030201351822854 432
1694357119454 0.4098951232557579 433
1694357119498 0.40944218840436725 434
1694357119581 0.4090310226379965 435
1694357119605 0.40861796239145737 436
1694357119635 0.408239007809852 437
1694357119659 0.40783588878200594 438
1694357119684 0.4074550340956718 439
1694357119710 0.40707037213597147 440
1694357119736 0.406666945211105 441
1694357119759 0.4062528657998414 442
1694357119786 0.4058555865797661 443
1694357119813 0.40544263479445103 444
1694357119840 0.40507727700868895 445
1694357119865 0.4046873960076595 446
1694357119892 0.4043045782965464 447
1694357119922 0.4039159884215812 448
1694357119946 0.4034875889486613 449
1694357119971 0.4031095036327804 450
1694357119996 0.40271470949957344 451
1694357120021 0.40232751089840946 452
1694357120046 0.4019602818713306 453
1694357120071 0.40159686677102685 454
1694357120097 0.4012016294225929 455
1694357120122 0.40082909175149284 456
1694357120149 0.4004570177316915 457
1694357120177 0.40007744072749557 458
1694357120202 0.3997231540241349 459
1694357120227 0.39935851685310175 460
1694357120255 0.3989893028780901 461
1694357120307 0.39861921300748504 462
1694357120331 0.3982294335325273 463
1694357120356 0.3978811407418226 464
1694357120380 0.3974953121869582 465
1694357120408 0.3971235598382528 466
1694357120438 0.39675432311576747 467
1694357120464 0.39637496570342085 468
1694357120501 0.39601734243209663 469
1694357120524 0.3956837880626501 470
1694357120549 0.39531350604094123 471
1694357120574 0.39496607553868335 472
1694357120598 0.39462699900950626 473
1694357120624 0.39425722573104227 474
1694357120649 0.39390953383670185 475
1694357120677 0.39358643165469775 476
1694357120703 0.39325767929294503 477
1694357120727 0.3929139140032212 478
1694357120752 0.39254906385001165 479
1694357120777 0.3922029751074782 480
1694357120802 0.39184797015828543 481
1694357120830 0.3915017901161656 482
1694357120854 0.3911724332505447 483
1694357120879 0.39082840751306347 484
1694357120908 0.3904738047880379 485
1694357120937 0.390116380509742 486
1694357120962 0.38976673085755004 487
1694357120986 0.3894201744015661 488
1694357121010 0.38908937461573506 489
1694357121035 0.3887467190564229 490
1694357121061 0.3884047021909166 491
1694357121085 0.3880829904914655 492
1694357121109 0.38775357952935996 493
1694357121133 0.3874189017453508 494
1694357121159 0.38707404767418235 495
1694357121183 0.38673806354350243 496
1694357121207 0.38639127849915345 497
1694357121231 0.3861009759123902 498
1694357121255 0.38578550334168027 499
1694357121361 0.38578550334168027 500
