1694356915935 1.9110737750511635 0
1694356915970 1.8744299169026646 1
1694356916027 1.841571881589343 2
1694356916058 1.8099558342036932 3
1694356916086 1.7803085926992104 4
1694356916115 1.752261784735173 5
1694356916139 1.7254122122273436 6
1694356916163 1.699941514831035 7
1694356916187 1.675339338224722 8
1694356916213 1.6516251761332177 9
1694356916238 1.6288789110515 10
1694356916263 1.6070422368481196 11
1694356916287 1.5857869743157906 12
1694356916312 1.5653826456693032 13
1694356916336 1.5457332935638408 14
1694356916368 1.5267389870915224 15
1694356916507 1.508034729681919 16
1694356916532 1.4901156306292003 17
1694356916556 1.4727385910414323 18
1694356916582 1.4557310099367011 19
1694356916608 1.4395554408650757 20
1694356916633 1.4233418051685431 21
1694356916660 1.4077319231667227 22
1694356916686 1.3927205069251518 23
1694356916713 1.3778810268977963 24
1694356916738 1.363464624542628 25
1694356916792 1.3493235150227205 26
1694356916816 1.3353564253672225 27
1694356916842 1.3217511881053345 28
1694356916867 1.308551880137504 29
1694356916893 1.2958677377130816 30
1694356916918 1.283311015861361 31
1694356916945 1.2709762235074746 32
1694356916970 1.2589524445390983 33
1694356916996 1.2472622066011696 34
1694356917021 1.2358027899143587 35
1694356917047 1.2243951550580163 36
1694356917075 1.213455495382681 37
1694356917100 1.2026996720329552 38
1694356917127 1.1921420723628149 39
1694356917153 1.1818871322658058 40
1694356917180 1.1716894029480385 41
1694356917205 1.1619335442975298 42
1694356917234 1.1521772361295612 43
1694356917261 1.1425638718989106 44
1694356917290 1.1331711420571855 45
1694356917316 1.1238516978112691 46
1694356917344 1.1149037590858832 47
1694356917374 1.1058724478256556 48
1694356917403 1.097238797208409 49
1694356917428 1.0887385479569798 50
1694356917452 1.0803615638730864 51
1694356917479 1.0721154450132409 52
1694356917505 1.0639776332716415 53
1694356917529 1.0561128800194646 54
1694356917554 1.0482993667044376 55
1694356917580 1.0406183269893368 56
1694356917605 1.033068657377852 57
1694356917631 1.0255668727052345 58
1694356917658 1.0183064574037377 59
1694356917683 1.0112056608844493 60
1694356917708 1.0040976386936218 61
1694356917734 0.9971787192288819 62
1694356917760 0.9904118878701443 63
1694356917787 0.9835838499861753 64
1694356918129 0.977060318227912 65
1694356918154 0.9706450496955895 66
1694356918181 0.9643001177286 67
1694356918206 0.9580591615175468 68
1694356918231 0.9518460631493559 69
1694356918256 0.945807039221162 70
1694356918293 0.9398874736814012 71
1694356918319 0.9340185962488573 72
1694356918346 0.9282613723172873 73
1694356918373 0.9225072479184371 74
1694356918399 0.9168140144040207 75
1694356918438 0.9112155846774049 76
1694356918465 0.9058474938312516 77
1694356918506 0.9004996639216956 78
1694356918560 0.8951956485546014 79
1694356918627 0.8900272653363185 80
1694356918655 0.8849437691191679 81
1694356918685 0.8799453062001744 82
1694356918718 0.87493590936525 83
1694356918744 0.8700605467571021 84
1694356918770 0.8652682682537376 85
1694356918823 0.8604604253929683 86
1694356918850 0.8558118065820982 87
1694356918876 0.8512178640810779 88
1694356918906 0.846694521988028 89
1694356918932 0.8422413233784191 90
1694356918958 0.8378488807732724 91
1694356918985 0.8335792239434068 92
1694356919011 0.829332910094679 93
1694356919037 0.8251526739204851 94
1694356919062 0.8209534495424943 95
1694356919088 0.8168426077077846 96
1694356919113 0.8128792198176493 97
1694356919141 0.8089543829650915 98
1694356919170 0.8050386383220363 99
1694356919197 0.8012003226208658 100
1694356919223 0.7973748246313236 101
1694356919250 0.7936435579675367 102
1694356919279 0.789899359053554 103
1694356919305 0.7862241246594325 104
1694356919332 0.7825911664248764 105
1694356919361 0.779067348678767 106
1694356919389 0.7755533502795957 107
1694356919420 0.771988171739234 108
1694356919447 0.7685120734276728 109
1694356919474 0.7651131451001546 110
1694356919500 0.7616656998052477 111
1694356919527 0.7583607137531478 112
1694356919552 0.7551895130740699 113
1694356919577 0.7519624117291398 114
1694356919604 0.7487964597206801 115
1694356919629 0.7456740931486536 116
1694356919656 0.7426343217006104 117
1694356919682 0.7395110791140143 118
1694356919708 0.7365027838578581 119
1694356919733 0.7335258283538536 120
1694356919760 0.7305139041581361 121
1694356919786 0.7276032012820889 122
1694356919813 0.7247172237926857 123
1694356919842 0.7218664909312169 124
1694356919868 0.719022089073825 125
1694356919898 0.7162449133220544 126
1694356919930 0.7134574662704715 127
1694356919958 0.7107814867104986 128
1694356919985 0.7081414009575715 129
1694356920023 0.7055096462722509 130
1694356920050 0.7028831562753877 131
1694356920100 0.7002371236286491 132
1694356920127 0.6977471265804646 133
1694356920153 0.6952093629537656 134
1694356920179 0.692636078150345 135
1694356920204 0.6901744317961231 136
1694356920232 0.6877290241163193 137
1694356920260 0.6852319806438159 138
1694356920286 0.6828453867530927 139
1694356920324 0.6804986889327025 140
1694356920350 0.6781571047410389 141
1694356920377 0.6758483491454766 142
1694356920446 0.6735825524668413 143
1694356920470 0.6713511016310049 144
1694356920496 0.6691204755486685 145
1694356920527 0.6669479448206364 146
1694356920553 0.6647400277491244 147
1694356920579 0.6625733845018434 148
1694356920621 0.6604215817115393 149
1694356920651 0.6583347282698743 150
1694356920820 0.6562487356171155 151
1694356920874 0.6541811934007251 152
1694356920899 0.6522026802109786 153
1694356920932 0.6501418666583878 154
1694356920971 0.648091725002268 155
1694356920999 0.6461094692947945 156
1694356921024 0.6441615719604852 157
1694356921050 0.6422393988195637 158
1694356921076 0.6403070219072958 159
1694356921103 0.6384154396885351 160
1694356921129 0.6364743779707249 161
1694356921154 0.6346438436615377 162
1694356921180 0.632815981652296 163
1694356921206 0.6309805854197008 164
1694356921233 0.6291613820769961 165
1694356921262 0.6273471339041021 166
1694356921291 0.6255871073332481 167
1694356921318 0.6238011287218636 168
1694356921346 0.6220761304346362 169
1694356921372 0.6204075920522181 170
1694356921400 0.6186859263147236 171
1694356921429 0.6170255054787105 172
1694356921462 0.6153540322444055 173
1694356921490 0.6137172746525555 174
1694356921521 0.61210756316772 175
1694356921549 0.6105028561388468 176
1694356921577 0.6088529814016016 177
1694356921601 0.6072825374452023 178
1694356921627 0.6056778313394051 179
1694356921653 0.6041532812077358 180
1694356921678 0.6026385361332963 181
1694356921704 0.6010959187990677 182
1694356921729 0.5995693654936052 183
1694356921754 0.5980556549133383 184
1694356921782 0.5965584381107455 185
1694356921808 0.5950670077882907 186
1694356921833 0.5936100178193978 187
1694356921860 0.5921387825730327 188
1694356921885 0.5906775692466364 189
1694356921911 0.5892613760262685 190
1694356921936 0.5877771256691258 191
1694356921961 0.5863659574315775 192
1694356921988 0.5849840962095639 193
1694356922015 0.583572476439407 194
1694356922041 0.5822302926872053 195
1694356922068 0.5809060214636692 196
1694356922094 0.5795487567515841 197
1694356922145 0.5781766350779479 198
1694356922169 0.576870935352462 199
1694356922193 0.5755640804478724 200
1694356922218 0.5742658976842081 201
1694356922250 0.5729901799072531 202
1694356922276 0.5716684932209891 203
1694356922313 0.5704038509613664 204
1694356922338 0.5691460840369209 205
1694356922365 0.5678861988194175 206
1694356922391 0.5666120009974334 207
1694356922417 0.5654015555513741 208
1694356922442 0.5642591808130378 209
1694356922468 0.5630446236862922 210
1694356922495 0.5618481525870153 211
1694356922521 0.560658196880483 212
1694356922547 0.5595030370591482 213
1694356922573 0.5583383167744502 214
1694356922602 0.5571344203600129 215
1694356922629 0.555985053974609 216
1694356922658 0.5548306081316499 217
1694356922686 0.5536980524762241 218
1694356922714 0.5525733793674555 219
1694356922744 0.5514849825255426 220
1694356922772 0.5503860715022627 221
1694356922801 0.5492833884358622 222
1694356922838 0.548222456023 223
1694356922911 0.547148071696747 224
1694356922940 0.5460755624287088 225
1694356923005 0.5450030289859628 226
1694356923031 0.5439785622697839 227
1694356923056 0.5429003852198144 228
1694356923085 0.5418155296986127 229
1694356923110 0.5407721123088557 230
1694356923136 0.5397636830406112 231
1694356923162 0.5387409424759726 232
1694356923190 0.5377337094365937 233
1694356923218 0.5367204123112448 234
1694356923246 0.5357169307967451 235
1694356923273 0.5347124221799135 236
1694356923300 0.5337101334913561 237
1694356923327 0.532712115048614 238
1694356923354 0.531767833762971 239
1694356923380 0.5308242685303892 240
1694356923409 0.5298613539859935 241
1694356923436 0.5288971599242279 242
1694356923469 0.5279946331501068 243
1694356923498 0.5270390807303573 244
1694356923522 0.5261035686744359 245
1694356923547 0.5251593070042899 246
1694356923571 0.5242360697994068 247
1694356923601 0.5233164915945903 248
1694356923627 0.5224077457297829 249
1694356923653 0.5215021038873717 250
1694356923686 0.5206015724638126 251
1694356923711 0.5197046490835865 252
1694356923735 0.5188313541368448 253
1694356923762 0.5179100990114491 254
1694356923787 0.5170131851980958 255
1694356923814 0.5161491229288058 256
1694356923840 0.515263104400568 257
1694356923868 0.5143989150765044 258
1694356923892 0.5135453289171362 259
1694356923916 0.5127060069455625 260
1694356923942 0.5118763151660468 261
1694356923967 0.5110530359308387 262
1694356923992 0.5102012046357608 263
1694356924016 0.5093691149193146 264
1694356924043 0.5085721293247026 265
1694356924067 0.5077811903175715 266
1694356924093 0.5069715740536828 267
1694356924119 0.5061747679362355 268
1694356924170 0.5053645368841657 269
1694356924194 0.5045519463302612 270
1694356924218 0.5037739724370787 271
1694356924243 0.5029777179398316 272
1694356924272 0.5022111933182359 273
1694356924297 0.5014800579616143 274
1694356924321 0.5007437907747775 275
1694356924346 0.4999765602375458 276
1694356924371 0.4992515998773224 277
1694356924397 0.4985123702661206 278
1694356924422 0.4977858369843182 279
1694356924447 0.49703030847569013 280
1694356924472 0.49629529790506666 281
1694356924498 0.49556995032020024 282
1694356924523 0.4948270045218093 283
1694356924548 0.49409346436897766 284
1694356924574 0.4933817227190538 285
1694356924599 0.4926683510461943 286
1694356924624 0.4919539064874056 287
1694356924649 0.49126591368852096 288
1694356924674 0.4905270292557776 289
1694356924702 0.4897956657097586 290
1694356924727 0.4891292238177522 291
1694356924752 0.4884356767351004 292
1694356924780 0.4877208359074613 293
1694356924807 0.48702471402176484 294
1694356924833 0.48630437542038335 295
1694356924858 0.48559436096368813 296
1694356924884 0.48491152458555836 297
1694356924934 0.4842302480546374 298
1694356924959 0.4835651491924146 299
1694356925057 0.48291322491866334 300
1694356925080 0.48226321030041075 301
1694356925122 0.4816347692111908 302
1694356925146 0.48095833737319454 303
1694356925171 0.4802864347535248 304
1694356925195 0.47963975086312344 305
1694356925219 0.479041386384464 306
1694356925243 0.4783958298537447 307
1694356925268 0.47774668700109346 308
1694356925295 0.47711290840511394 309
1694356925320 0.4764873923098227 310
1694356925347 0.4758566619702867 311
1694356925373 0.4751930735444906 312
1694356925401 0.47454632603798874 313
1694356925427 0.47391119035969914 314
1694356925453 0.4733161442967193 315
1694356925480 0.472695996414502 316
1694356925508 0.4720431545316508 317
1694356925535 0.47141124766481396 318
1694356925562 0.4707852824984942 319
1694356925586 0.4701922352435271 320
1694356925617 0.469581472224959 321
1694356925642 0.4689758727449852 322
1694356925667 0.4683810589200445 323
1694356925691 0.4677863324619787 324
1694356925715 0.46718653268766136 325
1694356925741 0.4666023594358535 326
1694356925765 0.466018591418052 327
1694356925790 0.4654386016227001 328
1694356925814 0.4648718386206795 329
1694356925840 0.46428945870939 330
1694356925865 0.4637008544543789 331
1694356925892 0.46311870211056033 332
1694356925916 0.46253057789601354 333
1694356925942 0.4619404318868408 334
1694356925966 0.46133943598481036 335
1694356925990 0.46080158120725523 336
1694356926015 0.46022984384861115 337
1694356926041 0.459686751079425 338
1694356926066 0.45910822382813843 339
1694356926091 0.45855361294985825 340
1694356926116 0.45796781772961204 341
1694356926153 0.4574214295054508 342
1694356926203 0.45687867143244676 343
1694356926227 0.45633664467510526 344
1694356926252 0.4558014586684563 345
1694356926279 0.45524505241259194 346
1694356926306 0.45468993177230405 347
1694356926342 0.45415432345688883 348
1694356926367 0.45360419441887795 349
1694356926393 0.45305573920684816 350
1694356926417 0.4525215984416913 351
1694356926442 0.45201853298134015 352
1694356926467 0.4514961258796242 353
1694356926494 0.4509580869014772 354
1694356926519 0.45045956404700455 355
1694356926544 0.44996509734040163 356
1694356926568 0.4494432560019989 357
1694356926594 0.4489161776695074 358
1694356926620 0.44839836274297934 359
1694356926645 0.44789597376012613 360
1694356926670 0.4473952205637477 361
1694356926695 0.44690219255946756 362
1694356926721 0.4463520194551353 363
1694356926748 0.44585417463527316 364
1694356926773 0.4453276844108302 365
1694356926810 0.44482776398062157 366
1694356926835 0.4442915276476045 367
1694356926863 0.4437820709913527 368
1694356926887 0.443276205159967 369
1694356926913 0.4427918410596464 370
1694356926964 0.4422983529524621 371
1694356926988 0.44180206295884467 372
1694356927012 0.44128880926220937 373
1694356927035 0.44080191373263183 374
1694356927145 0.44030380357084287 375
1694356927172 0.4398461826496816 376
1694356927348 0.43940573455436843 377
1694356927377 0.4388980178624438 378
1694356927402 0.4384236663406077 379
1694356927428 0.43796173934228627 380
1694356927455 0.4374859766337385 381
1694356927480 0.43699683987471605 382
1694356927504 0.43649625753153953 383
1694356927532 0.43601989451387096 384
1694356927559 0.4355201276761722 385
1694356927584 0.43506145757061543 386
1694356927607 0.4346277123500197 387
1694356927632 0.43415353878154656 388
1694356927657 0.4336695115136292 389
1694356927681 0.4331989839002569 390
1694356927704 0.4327590907408167 391
1694356927728 0.4322958656383368 392
1694356927755 0.43183720063286 393
1694356927779 0.4313562450966687 394
1694356927805 0.43090090974865974 395
1694356927832 0.43042731308303545 396
1694356927859 0.4299753537283053 397
1694356927884 0.4295209781841566 398
1694356927911 0.4290878826633395 399
1694356927935 0.4286302724030425 400
1694356927960 0.4281768521008859 401
1694356927988 0.42769920090540486 402
1694356928013 0.42724780311015426 403
1694356928037 0.4267957171318612 404
1694356928062 0.4263763975430086 405
1694356928088 0.4259254680271605 406
1694356928112 0.4255101975618273 407
1694356928136 0.42510947386384 408
1694356928160 0.4246925596561747 409
1694356928186 0.42426976172750525 410
1694356928213 0.423827054712418 411
1694356928261 0.42341821723651435 412
1694356928285 0.4229749932300445 413
1694356928308 0.42255722758574854 414
1694356928332 0.42211915805675154 415
1694356928359 0.42172980962497736 416
1694356928386 0.42129373790083585 417
1694356928411 0.42089227880114355 418
1694356928437 0.4204966530153545 419
1694356928464 0.42007408549782727 420
1694356928489 0.419662463157333 421
1694356928513 0.41925332875419463 422
1694356928539 0.4188525838530321 423
1694356928563 0.41844833981632445 424
1694356928587 0.4180227581977339 425
1694356928612 0.41761518982879875 426
1694356928637 0.41720646821035734 427
1694356928664 0.4167935503127556 428
1694356928688 0.41636639001026615 429
1694356928713 0.4159521633488728 430
1694356928738 0.4155368625177575 431
1694356928764 0.4151026632733427 432
1694356928791 0.41469053881256784 433
1694356928817 0.41427468774171383 434
1694356928842 0.4138853094329978 435
1694356928871 0.41347154251898877 436
1694356928897 0.4130714087476865 437
1694356928927 0.4126699052581904 438
1694356928953 0.4122413405862718 439
1694356929005 0.41183090677983747 440
1694356929028 0.41142949494598235 441
1694356929052 0.4109931284649349 442
1694356929076 0.4106017004039988 443
1694356929105 0.41017422398831177 444
1694356929128 0.4097773179307341 445
1694356929162 0.40939291496080027 446
1694356929199 0.4090337559909146 447
1694356929296 0.40863884873350587 448
1694356929321 0.40826364404265736 449
1694356929349 0.40786745168802474 450
1694356929373 0.4074640374900529 451
1694356929398 0.40708781225988044 452
1694356929423 0.406706321785054 453
1694356929451 0.40633620627638717 454
1694356929478 0.40595090147321533 455
1694356929504 0.4055461668842983 456
1694356929528 0.4051635004820797 457
1694356929552 0.4047908828036939 458
1694356929577 0.40440701030635046 459
1694356929602 0.4040318371229559 460
1694356929625 0.4036565796426118 461
1694356929650 0.4032756875860113 462
1694356929676 0.40287885477116614 463
1694356929700 0.4024975461819411 464
1694356929724 0.4021276430758964 465
1694356929748 0.4017925629728434 466
1694356929796 0.40143558859706113 467
1694356929821 0.4010741594660616 468
1694356929846 0.4007086523937352 469
1694356929871 0.4003425253642525 470
1694356929899 0.4000162630927927 471
1694356929925 0.3996398847878889 472
1694356929949 0.39927354490808714 473
1694356929975 0.3989127640787633 474
1694356929999 0.39856234577921557 475
1694356930024 0.3981922634436928 476
1694356930049 0.39782059489859833 477
1694356930075 0.39745525534983595 478
1694356930100 0.39709268614967813 479
1694356930126 0.3967323563712272 480
1694356930152 0.3963582128767079 481
1694356930177 0.39598888172755503 482
1694356930202 0.3956171537942192 483
1694356930228 0.39528960899715443 484
1694356930251 0.39496046131356577 485
1694356930300 0.3946021132326677 486
1694356930347 0.3942589874898707 487
1694356930371 0.3938983992508374 488
1694356930399 0.39353258402926955 489
1694356930426 0.3931775944389468 490
1694356930452 0.39282724254327306 491
1694356930479 0.39249690089583583 492
1694356930504 0.39212481807047983 493
1694356930531 0.3918004673541727 494
1694356930555 0.3914807711218342 495
1694356930579 0.39116150239139896 496
1694356930603 0.39080471667862243 497
1694356930628 0.3904370306919765 498
1694356930653 0.3900832201235722 499
1694356930760 0.3900832201235722 500
