1694359241130 1.9107536336657314 0
1694359241174 1.874007197290785 1
1694359241201 1.8408203752939958 2
1694359241227 1.8091801994170673 3
1694359241251 1.7793470440929542 4
1694359241276 1.750915989219168 5
1694359241300 1.7240237432876708 6
1694359241325 1.6983915940549559 7
1694359241374 1.6736989044148636 8
1694359241398 1.6499840599004219 9
1694359241453 1.6271171328489167 10
1694359241477 1.6051860387049128 11
1694359241502 1.5838690908377289 12
1694359241541 1.5635021007710328 13
1694359241567 1.5439076638879499 14
1694359241593 1.5249148009963251 15
1694359241655 1.506215877821325 16
1694359241679 1.4882465434214533 17
1694359241703 1.4708847644810452 18
1694359241731 1.4539828656305198 19
1694359241755 1.4378115350501632 20
1694359241781 1.4216600490221545 21
1694359241805 1.406068990810297 22
1694359241830 1.390944425612182 23
1694359241855 1.3762139887033449 24
1694359241880 1.3617786839208745 25
1694359241906 1.3475329039185155 26
1694359241932 1.3336225981288763 27
1694359241957 1.3200516090590566 28
1694359241982 1.3067962520083807 29
1694359242009 1.2940704006033523 30
1694359242034 1.2814585031362666 31
1694359242061 1.2691324582732832 32
1694359242087 1.2571036848590362 33
1694359242112 1.245387722140443 34
1694359242144 1.2338744010566125 35
1694359242172 1.222579593865555 36
1694359242196 1.21163489359911 37
1694359242236 1.2009261004413174 38
1694359242260 1.1903261788314676 39
1694359242316 1.1799756048445915 40
1694359242340 1.1698732423599671 41
1694359242400 1.1600725502079987 42
1694359242446 1.1502895701639058 43
1694359242473 1.1406266301012438 44
1694359242498 1.1311312955131185 45
1694359242522 1.1218615164521344 46
1694359242548 1.1128250516240612 47
1694359242574 1.1037909795544438 48
1694359242601 1.0950896725395456 49
1694359242629 1.0865733064735856 50
1694359242655 1.078176186327556 51
1694359242684 1.0699312968806842 52
1694359242711 1.061789171388919 53
1694359242739 1.0538399374131515 54
1694359242766 1.0460048727505615 55
1694359242793 1.0382403180704498 56
1694359242822 1.0306451808138093 57
1694359242849 1.0231105139248637 58
1694359242877 1.015775511728369 59
1694359242904 1.008568777675685 60
1694359242931 1.0014306960755204 61
1694359242958 0.9944743883363788 62
1694359242988 0.9877416285592218 63
1694359243016 0.9809894728919761 64
1694359243045 0.9744365652919434 65
1694359243072 0.9679393215711996 66
1694359243098 0.9615516254341605 67
1694359243125 0.9552586485845141 68
1694359243158 0.949016583849881 69
1694359243186 0.9429531248680749 70
1694359243213 0.9369593936441513 71
1694359243239 0.9311283952873635 72
1694359243266 0.9252930113328818 73
1694359243292 0.9195574826154036 74
1694359243320 0.9138148856786247 75
1694359243347 0.9082031678446607 76
1694359243400 0.9027834413994449 77
1694359243425 0.8974099911279381 78
1694359243451 0.8921253374805491 79
1694359243481 0.8869419390283034 80
1694359243506 0.8818342660305158 81
1694359243531 0.8768322868814549 82
1694359243557 0.8718589178480334 83
1694359243584 0.8669572864732572 84
1694359243609 0.8621287667602909 85
1694359243641 0.8573024863444441 86
1694359243667 0.8526423512841971 87
1694359243693 0.8480076543651018 88
1694359243720 0.8434152444577993 89
1694359243746 0.8388794307536895 90
1694359243772 0.834381646096191 91
1694359243797 0.8300910682455951 92
1694359243823 0.8258957698267266 93
1694359243849 0.821650642813011 94
1694359243875 0.8174205664206013 95
1694359243902 0.8132702548323032 96
1694359243928 0.8092874265239924 97
1694359243954 0.8052752410256996 98
1694359243980 0.8013510019152633 99
1694359244006 0.7974633112042604 100
1694359244034 0.7936393721331754 101
1694359244062 0.7898856931087278 102
1694359244088 0.7861597917679695 103
1694359244113 0.7825251173312737 104
1694359244146 0.7788463559267012 105
1694359244173 0.7753042234410338 106
1694359244201 0.7717439491719389 107
1694359244226 0.7682314910747551 108
1694359244253 0.7647048648688053 109
1694359244278 0.7613026142168918 110
1694359244334 0.7578876865779665 111
1694359244360 0.7545493330928492 112
1694359244386 0.7512931652775209 113
1694359244415 0.7480578430917767 114
1694359244446 0.7448756738038488 115
1694359244478 0.7417046864332876 116
1694359244504 0.7386473708697437 117
1694359244533 0.7356030647272567 118
1694359244581 0.7325496452950637 119
1694359244645 0.7295805663216127 120
1694359244673 0.726592218578646 121
1694359244702 0.7237001236610102 122
1694359244730 0.7208574760680361 123
1694359244755 0.7180423457010651 124
1694359244780 0.7152008563236603 125
1694359244806 0.7124589147300725 126
1694359244831 0.7096794644543479 127
1694359244856 0.7069576736526485 128
1694359244882 0.7042987143456445 129
1694359244908 0.7016405109529201 130
1694359244935 0.6990319771733577 131
1694359244959 0.6963885112500164 132
1694359244985 0.6938900410997053 133
1694359245011 0.6914255284360454 134
1694359245037 0.6888807693117114 135
1694359245063 0.6864080771429556 136
1694359245089 0.6839650877635816 137
1694359245114 0.6814896970496503 138
1694359245146 0.6790549523288366 139
1694359245172 0.6767246543881998 140
1694359245200 0.6743894432880336 141
1694359245230 0.6720574871644133 142
1694359245257 0.6698047152999942 143
1694359245283 0.6675445892827818 144
1694359245310 0.6652502005271724 145
1694359245338 0.6630536610330858 146
1694359245366 0.6608662112656543 147
1694359245393 0.6587123818874366 148
1694359245444 0.6565749625203334 149
1694359245480 0.6544038390468845 150
1694359245505 0.652295037190664 151
1694359245537 0.650162896923598 152
1694359245563 0.6481542965123281 153
1694359245600 0.6461387043892682 154
1694359245632 0.6441221466311537 155
1694359245660 0.6420854188541205 156
1694359245686 0.6401296378944001 157
1694359245713 0.6382298968544503 158
1694359245739 0.6362681806290253 159
1694359245766 0.6343904620673864 160
1694359245792 0.6324794912335309 161
1694359245821 0.6305975233850213 162
1694359245847 0.6287542122226574 163
1694359245875 0.6269544428996954 164
1694359245898 0.6251394348183505 165
1694359245924 0.6233388396024564 166
1694359245949 0.6215428694618235 167
1694359245975 0.6198031509024512 168
1694359246001 0.6180127999512265 169
1694359246026 0.6163301856388279 170
1694359246080 0.6146483644679864 171
1694359246105 0.6129100964424014 172
1694359246132 0.611243461476035 173
1694359246163 0.6095998327742863 174
1694359246188 0.6079438342615914 175
1694359246216 0.6062392994834815 176
1694359246241 0.6045733252609641 177
1694359246268 0.6029693716740568 178
1694359246294 0.6013861298923368 179
1694359246319 0.5998491954749178 180
1694359246376 0.5982973111972888 181
1694359246400 0.5967687755273349 182
1694359246426 0.5951992032632251 183
1694359246454 0.5936721455682694 184
1694359246479 0.5921599270049857 185
1694359246504 0.5906695272618081 186
1694359246528 0.5892047718698927 187
1694359246554 0.5877384676687802 188
1694359246580 0.586305751027892 189
1694359246700 0.5848439925583933 190
1694359246729 0.5834529974551285 191
1694359246753 0.5820317785458033 192
1694359246779 0.5806175038778444 193
1694359246805 0.5792159443462496 194
1694359246831 0.5778749970681967 195
1694359246857 0.5765307847423465 196
1694359246883 0.5751846719908054 197
1694359246909 0.5738270401425001 198
1694359246934 0.5724586353943992 199
1694359246960 0.5711456921622103 200
1694359246986 0.5698699235067034 201
1694359247011 0.5685552799681646 202
1694359247037 0.5672982133991059 203
1694359247063 0.5660382345893761 204
1694359247089 0.5648130319929233 205
1694359247114 0.563533790055385 206
1694359247145 0.5622492900382943 207
1694359247172 0.5609726450736646 208
1694359247197 0.5598031906286093 209
1694359247223 0.5585994489310725 210
1694359247251 0.5573608732618941 211
1694359247277 0.5561692717184448 212
1694359247304 0.554978341378188 213
1694359247329 0.5537713041349983 214
1694359247354 0.5526164687448207 215
1694359247378 0.5514675381153256 216
1694359247405 0.5503413070118628 217
1694359247430 0.5492035798992019 218
1694359247480 0.5480850887772241 219
1694359247505 0.5469906094762793 220
1694359247531 0.5458733080351083 221
1694359247556 0.5447697943764508 222
1694359247584 0.5436331921300455 223
1694359247610 0.5425396355454208 224
1694359247640 0.5414544987199313 225
1694359247664 0.5403977996578279 226
1694359247689 0.539289772623819 227
1694359247715 0.5382510545938594 228
1694359247742 0.5372423023352192 229
1694359247767 0.5362128009491327 230
1694359247791 0.5351702931279547 231
1694359247815 0.5341935780184556 232
1694359247841 0.5331284814641165 233
1694359247866 0.5321072922488629 234
1694359247891 0.5311222921201308 235
1694359247916 0.5301544794101609 236
1694359247942 0.5291575000220853 237
1694359247968 0.5281985350525351 238
1694359247993 0.5272206372520349 239
1694359248019 0.5262552678861497 240
1694359248045 0.5253140147500778 241
1694359248070 0.5243472213775952 242
1694359248099 0.5234083155390195 243
1694359248129 0.522441394327026 244
1694359248155 0.5215004938164627 245
1694359248180 0.5206064173542003 246
1694359248208 0.5196513514343891 247
1694359248236 0.5187175315168986 248
1694359248260 0.5177725109131401 249
1694359248284 0.5168952986509143 250
1694359248310 0.5159560373515494 251
1694359248335 0.5150552742397627 252
1694359248359 0.5141571762660334 253
1694359248414 0.5132548088481295 254
1694359248440 0.512409936956028 255
1694359248463 0.5115268495433483 256
1694359248490 0.5106762718574565 257
1694359248516 0.5097835462073136 258
1694359248541 0.5089421247197337 259
1694359248567 0.5081058746389704 260
1694359248593 0.5072502435222166 261
1694359248620 0.5063870603169354 262
1694359248652 0.5055583782321823 263
1694359248679 0.5047111626258437 264
1694359248786 0.5039154720566709 265
1694359248815 0.503112605194529 266
1694359248839 0.5022811310504595 267
1694359248865 0.5014655425618159 268
1694359248891 0.5006530390420566 269
1694359248916 0.49981110883163204 270
1694359248944 0.49900470164669153 271
1694359248970 0.49819889629211234 272
1694359248995 0.4974172603978307 273
1694359249020 0.4966702775936679 274
1694359249046 0.495884412498373 275
1694359249073 0.495126395877519 276
1694359249098 0.49442836850259786 277
1694359249124 0.4936885797615441 278
1694359249153 0.4929238609311911 279
1694359249179 0.4921931014319483 280
1694359249204 0.49144744705522775 281
1694359249228 0.4907154652065971 282
1694359249255 0.48995732944535103 283
1694359249279 0.48923695720686455 284
1694359249305 0.48849215650159494 285
1694359249330 0.4877587110670933 286
1694359249359 0.48701341760818295 287
1694359249384 0.48628599262373035 288
1694359249410 0.48555861194667155 289
1694359249435 0.4848549239426736 290
1694359249460 0.484151837189194 291
1694359249521 0.4834645303478593 292
1694359249548 0.48276269687332957 293
1694359249571 0.482072117818932 294
1694359249599 0.48137803285076325 295
1694359249624 0.4806877328053883 296
1694359249653 0.480007409535435 297
1694359249678 0.47931323415024774 298
1694359249703 0.47863246700332884 299
1694359249728 0.47793706500069266 300
1694359249755 0.4772619855173598 301
1694359249779 0.476605704400105 302
1694359249803 0.4759529610916768 303
1694359249828 0.47528918247341945 304
1694359249855 0.4746331098231219 305
1694359249882 0.4739955943215856 306
1694359249910 0.4733438596058682 307
1694359249935 0.47271265578703575 308
1694359249960 0.4720276932744209 309
1694359249986 0.4714208894404109 310
1694359250012 0.47078972208212344 311
1694359250038 0.47016722757913537 312
1694359250064 0.46952730531137044 313
1694359250093 0.4688997239228772 314
1694359250124 0.46828182079560976 315
1694359250151 0.46768129829561145 316
1694359250178 0.46709543443429735 317
1694359250210 0.46648545828048293 318
1694359250236 0.46588003803207456 319
1694359250264 0.46529755467171974 320
1694359250290 0.4646863119843596 321
1694359250314 0.4641029718501447 322
1694359250339 0.4635009645194739 323
1694359250364 0.4629267789944022 324
1694359250388 0.46234177105347846 325
1694359250413 0.46175367321999344 326
1694359250468 0.4611564226919497 327
1694359250491 0.46054120910625956 328
1694359250515 0.4599662415416246 329
1694359250541 0.4593712998142989 330
1694359250568 0.4588036018114689 331
1694359250594 0.4582308922577544 332
1694359250619 0.4576910622265248 333
1694359250649 0.4570946893417735 334
1694359250675 0.4565166800272685 335
1694359250699 0.4559678258466895 336
1694359250723 0.4554351294754549 337
1694359250748 0.45487369440592007 338
1694359250783 0.45427805892454415 339
1694359250818 0.45367050651231283 340
1694359250883 0.453124994956266 341
1694359250933 0.45255923417606847 342
1694359250959 0.45202397880114964 343
1694359250984 0.451484883304946 344
1694359251009 0.4509409129213671 345
1694359251034 0.45040863907467266 346
1694359251060 0.44992543578645783 347
1694359251084 0.4494005391865895 348
1694359251109 0.448882313170651 349
1694359251140 0.44832799640983634 350
1694359251165 0.4477860681882591 351
1694359251189 0.44724872248106046 352
1694359251216 0.44669207497346614 353
1694359251241 0.4461806914323011 354
1694359251265 0.44565992929996456 355
1694359251292 0.4451280399919289 356
1694359251316 0.44460335417768765 357
1694359251341 0.44407936604611686 358
1694359251364 0.4435601828217752 359
1694359251389 0.4430377431375986 360
1694359251413 0.4425028819480461 361
1694359251439 0.4420175681122494 362
1694359251464 0.441487635221092 363
1694359251489 0.44099715083314156 364
1694359251524 0.4404936348725312 365
1694359251561 0.4399916520113822 366
1694359251588 0.4394618176413901 367
1694359251620 0.43896231857236845 368
1694359251650 0.4384698308446363 369
1694359251675 0.4379743122073891 370
1694359251700 0.4374708301418592 371
1694359251725 0.43696813408394786 372
1694359251749 0.43647206935383437 373
1694359251775 0.43596619144271753 374
1694359251800 0.435472473621026 375
1694359251824 0.4350221539445782 376
1694359251856 0.4345120424584764 377
1694359251883 0.4340114984055736 378
1694359251908 0.4335318509426585 379
1694359251933 0.4330335354269183 380
1694359251957 0.4325805489965409 381
1694359251983 0.4320901893075863 382
1694359252009 0.43160492554751195 383
1694359252037 0.4311529053057795 384
1694359252061 0.4307237371863173 385
1694359252086 0.4302322101565131 386
1694359252113 0.4297741724529394 387
1694359252144 0.42930668209985573 388
1694359252169 0.42883360379609176 389
1694359252194 0.42839700604787795 390
1694359252231 0.4279768449194068 391
1694359252256 0.427500173933346 392
1694359252280 0.42705116999357456 393
1694359252308 0.42658721642971914 394
1694359252333 0.42612180183534326 395
1694359252357 0.4256735477853474 396
1694359252382 0.4252070008480928 397
1694359252407 0.4247348465733667 398
1694359252434 0.42428108227548833 399
1694359252462 0.42383348502846346 400
1694359252509 0.4234262493259734 401
1694359252534 0.4229596513161635 402
1694359252562 0.42251427300080086 403
1694359252586 0.42209698065889195 404
1694359252619 0.42166964787094524 405
1694359252648 0.4211742556492681 406
1694359252674 0.4207371893096131 407
1694359252700 0.4202894684391113 408
1694359252724 0.4198689489889177 409
1694359252751 0.41942226915366965 410
1694359252776 0.4190112704438643 411
1694359252802 0.41858423064610695 412
1694359252828 0.4181449452040039 413
1694359252852 0.41772713838135955 414
1694359252876 0.41730820627226767 415
1694359252907 0.4168965574604793 416
1694359252940 0.41648784695473523 417
1694359253024 0.41606342988519057 418
1694359253048 0.4156018969052228 419
1694359253075 0.4151584178526747 420
1694359253100 0.4147403686329855 421
1694359253130 0.4143680455634211 422
1694359253155 0.41394607259342814 423
1694359253179 0.41353623402843454 424
1694359253204 0.4131244112284519 425
1694359253230 0.4127285509089029 426
1694359253254 0.4123494909938905 427
1694359253279 0.41191653117190546 428
1694359253306 0.41151847505099237 429
1694359253330 0.4111142431468949 430
1694359253354 0.41070879682721323 431
1694359253378 0.4103020135182285 432
1694359253402 0.4098951232557579 433
1694359253429 0.40944218840436725 434
1694359253455 0.40903102263799657 435
1694359253480 0.40861796239145737 436
1694359253513 0.408239007809852 437
1694359253542 0.40783588878200594 438
1694359253597 0.40745503409567185 439
1694359253620 0.40707037213597147 440
1694359253650 0.4066669452111051 441
1694359253678 0.4062528657998414 442
1694359253702 0.4058555865797661 443
1694359253728 0.40544263479445103 444
1694359253752 0.40507727700868895 445
1694359253777 0.40468739600765957 446
1694359253802 0.4043045782965463 447
1694359253826 0.4039159884215812 448
1694359253850 0.4034875889486613 449
1694359253875 0.4031095036327804 450
1694359253901 0.40271470949957344 451
1694359253926 0.40232751089840946 452
1694359253951 0.4019602818713306 453
1694359253975 0.4015968667710269 454
1694359254001 0.4012016294225929 455
1694359254026 0.4008290917514929 456
1694359254052 0.4004570177316916 457
1694359254077 0.40007744072749557 458
1694359254101 0.3997231540241349 459
1694359254131 0.3993585168531017 460
1694359254157 0.3989893028780901 461
1694359254185 0.39861921300748515 462
1694359254209 0.3982294335325274 463
1694359254235 0.3978811407418226 464
1694359254261 0.39749531218695816 465
1694359254287 0.3971235598382528 466
1694359254312 0.3967543231157674 467
1694359254338 0.39637496570342073 468
1694359254365 0.39601734243209663 469
1694359254389 0.3956837880626501 470
1694359254415 0.39531350604094123 471
1694359254440 0.39496607553868335 472
1694359254464 0.39462699900950626 473
1694359254490 0.39425722573104227 474
1694359254545 0.39390953383670185 475
1694359254569 0.39358643165469787 476
1694359254593 0.39325767929294503 477
1694359254617 0.3929139140032212 478
1694359254648 0.39254906385001165 479
1694359254672 0.3922029751074783 480
1694359254697 0.3918479701582854 481
1694359254721 0.3915017901161655 482
1694359254745 0.3911724332505447 483
1694359254770 0.39082840751306336 484
1694359254794 0.39047380478803795 485
1694359254821 0.390116380509742 486
1694359254846 0.38976673085755 487
1694359254871 0.3894201744015661 488
1694359254896 0.38908937461573495 489
1694359254922 0.3887467190564229 490
1694359254946 0.3884047021909167 491
1694359254971 0.3880829904914655 492
1694359254996 0.38775357952936007 493
1694359255032 0.3874189017453508 494
1694359255059 0.38707404767418224 495
1694359255140 0.38673806354350243 496
1694359255164 0.38639127849915345 497
1694359255188 0.3861009759123902 498
1694359255213 0.38578550334168027 499
1694359255318 0.38578550334168027 500
