1696075052313 1.8792614466838082 0
1696075052344 1.8096541681843747 1
1696075052387 1.7469225787062561 2
1696075052418 1.694935675947429 3
1696075052447 1.641532305105395 4
1696075052472 1.5979100633979415 5
1696075052534 1.5527837356337204 6
1696075052557 1.5140988476911301 7
1696075052585 1.4759558466024647 8
1696075052615 1.4417249436951127 9
1696075052638 1.4030661902766879 10
1696075052659 1.366284264591184 11
1696075052679 1.3324540409435413 12
1696075052773 1.3002142683873967 13
1696075052798 1.2678913071153444 14
1696075052822 1.236877274035163 15
1696075052846 1.2132118324894976 16
1696075052868 1.1857756352205135 17
1696075052891 1.1621767398433147 18
1696075052915 1.1386879028811767 19
1696075052938 1.1184861011574612 20
1696075052969 1.0939607809577434 21
1696075053001 1.0715368853062495 22
1696075053022 1.0474886612351435 23
1696075053044 1.0252497900823405 24
1696075053103 1.003475848911442 25
1696075053125 0.9823126443061532 26
1696075053148 0.9640078773292879 27
1696075053175 0.9469872740821652 28
1696075053197 0.9272881840767383 29
1696075053217 0.9075541034915036 30
1696075053240 0.8895023206707762 31
1696075053264 0.8747658736056019 32
1696075053290 0.8590993391578674 33
1696075053313 0.842204672078248 34
1696075053335 0.8259439001626236 35
1696075053358 0.8094832710221793 36
1696075053381 0.7959748055077952 37
1696075053402 0.7797483100608138 38
1696075053432 0.7665951666568768 39
1696075053463 0.7517869971185701 40
1696075053539 0.7366577656840831 41
1696075053561 0.7224514266119806 42
1696075053584 0.7111426063168411 43
1696075053607 0.6974698843576084 44
1696075053638 0.6847001925471399 45
1696075053661 0.6721845217077808 46
1696075053685 0.6595796140775487 47
1696075053711 0.6477412861644547 48
1696075053734 0.6375306333656512 49
1696075053757 0.6259755562195152 50
1696075053781 0.6150004109770176 51
1696075053805 0.6037141882792212 52
1696075053826 0.592033264340244 53
1696075053851 0.5820305770533754 54
1696075053876 0.5717878943382536 55
1696075053899 0.5614073888316784 56
1696075053920 0.5507074599340954 57
1696075053945 0.5408732705680134 58
1696075053969 0.5311062816844501 59
1696075053996 0.5224584062723331 60
1696075054021 0.512558695895355 61
1696075054049 0.5028612615881579 62
1696075054072 0.4939554398220738 63
1696075054106 0.4849481970381691 64
1696075054129 0.4770733665896468 65
1696075054151 0.4681306697636081 66
1696075054173 0.4599835016233658 67
1696075054201 0.4525294686807039 68
1696075054223 0.44426128120347674 69
1696075054247 0.43745180517034193 70
1696075054308 0.4302635861868861 71
1696075054345 0.42230541230583046 72
1696075054368 0.41506920152585497 73
1696075054395 0.4082852820965009 74
1696075054416 0.40073539377512307 75
1696075054441 0.3943391007925755 76
1696075054463 0.38706841224011174 77
1696075054488 0.38010438992940054 78
1696075054512 0.3737523209131939 79
1696075054571 0.3675229859014163 80
1696075054596 0.3616041224328819 81
1696075054618 0.3555969225897368 82
1696075054645 0.34982124159331324 83
1696075054667 0.34345232813825494 84
1696075054690 0.3371831771054986 85
1696075054714 0.33152958427809875 86
1696075054738 0.32588837638785173 87
1696075054780 0.320240893126293 88
1696075054803 0.3155213437047325 89
1696075054826 0.30995690971956186 90
1696075054849 0.3057005643205778 91
1696075054875 0.3007405912866028 92
1696075054897 0.29529977956073955 93
1696075054918 0.28995914223298214 94
1696075054942 0.2847302551766467 95
1696075055024 0.2802314851597211 96
1696075055161 0.2754470460970553 97
1696075055188 0.2710860059171267 98
1696075055229 0.26637411221127916 99
1696075055256 0.2615867939866627 100
1696075055287 0.2571705332761923 101
1696075055317 0.2532545822096674 102
1696075055346 0.24939748122803015 103
1696075055377 0.2451512087772655 104
1696075055404 0.24130821877881173 105
1696075055427 0.2372111987901844 106
1696075055451 0.23309009340492803 107
1696075055474 0.22935927333092035 108
1696075055500 0.22615211552525616 109
1696075055524 0.22258856068777344 110
1696075055547 0.2187995487001468 111
1696075055670 0.2160139774482931 112
1696075055695 0.21264125819190327 113
1696075055716 0.20906540095277698 114
1696075055740 0.20585055829683196 115
1696075055762 0.20218770254250218 116
1696075055790 0.19882251359866981 117
1696075055811 0.19528746108991113 118
1696075055835 0.19234714572695286 119
1696075055861 0.18908906649285678 120
1696075055882 0.18573600713529403 121
1696075055905 0.18262022631871472 122
1696075055927 0.1799466181507003 123
1696075055950 0.17685915814843317 124
1696075055972 0.1738444875360049 125
1696075055998 0.17115253713738424 126
1696075056021 0.16829484793622784 127
1696075056044 0.1654888610261574 128
1696075056068 0.16310411281587267 129
1696075056092 0.16077085254945583 130
1696075056118 0.1580332201096703 131
1696075056142 0.15560030965007204 132
1696075056163 0.15299568954488924 133
1696075056186 0.15046442262536408 134
1696075056213 0.14808437183878945 135
1696075056236 0.14560769697718517 136
1696075056261 0.14304649216464033 137
1696075056284 0.140624814047531 138
1696075056314 0.1382380251493911 139
1696075056342 0.13581314026857824 140
1696075056367 0.13356397846265547 141
1696075056389 0.13157758636174643 142
1696075056411 0.12938437743608042 143
1696075056432 0.12718363852585698 144
1696075056455 0.12523651301517574 145
1696075056478 0.12304834122977991 146
1696075056503 0.12108729535650563 147
1696075056527 0.11947862841000094 148
1696075056550 0.11766220473860359 149
1696075056571 0.11560312900537928 150
1696075056635 0.11376999103497984 151
1696075056657 0.11191050033318684 152
1696075056681 0.11018061850507914 153
1696075056707 0.10841544640267242 154
1696075056731 0.1068750431102663 155
1696075056756 0.10532132546647106 156
1696075056780 0.10354349827064208 157
1696075056802 0.10180014435157426 158
1696075056830 0.10029923514572345 159
1696075056859 0.09870996331096202 160
1696075056882 0.09704860482107598 161
1696075056905 0.09561055438454383 162
1696075056930 0.09394991082409104 163
1696075056956 0.09253564945350057 164
1696075056982 0.09107647026697331 165
1696075057003 0.08949636150477928 166
1696075057025 0.08799468165685695 167
1696075057049 0.08660339480846442 168
1696075057073 0.08517987456231402 169
1696075057099 0.08396741662378236 170
1696075057121 0.08263918002519058 171
1696075057143 0.08143451444369684 172
1696075057206 0.08002699149567988 173
1696075057235 0.07876715418902092 174
1696075057256 0.07752863462820528 175
1696075057277 0.07618867135045577 176
1696075057303 0.07515397455916514 177
1696075057324 0.07385641473753973 178
1696075057376 0.07274525098233009 179
1696075057398 0.07153392746200739 180
1696075057427 0.07034295304674865 181
1696075057579 0.0691633807855041 182
1696075057601 0.06820976541225532 183
1696075057624 0.06703443905068444 184
1696075057645 0.06592075064686773 185
1696075057743 0.06493384587354692 186
1696075057765 0.06381671955653923 187
1696075057809 0.06278760562050469 188
1696075057831 0.06195836752545079 189
1696075057860 0.06107799205068476 190
1696075057888 0.0602419032186888 191
1696075057912 0.05924527257616916 192
1696075057934 0.058365135269638095 193
1696075057960 0.05745297845392601 194
1696075057982 0.056489754778991146 195
1696075058006 0.055574229239017406 196
1696075058031 0.05474123071885015 197
1696075058064 0.05382654509124061 198
1696075058088 0.05297092501405509 199
1696075058110 0.05214152379679852 200
1696075058132 0.05132462593864678 201
1696075058155 0.05050848193142182 202
1696075058181 0.04975223168688576 203
1696075058203 0.049040737411946846 204
1696075058228 0.04843986077176634 205
1696075058249 0.04767286460386513 206
1696075058274 0.0469342513665099 207
1696075058302 0.04626598187939476 208
1696075058325 0.04552225304833501 209
1696075058348 0.044832837900444865 210
1696075058370 0.04409426853966021 211
1696075058393 0.04341397240905456 212
1696075058420 0.042672157102108026 213
1696075058447 0.04208894613425466 214
1696075058470 0.04139923701832274 215
1696075058494 0.04082216657254886 216
1696075058519 0.04016827717457905 217
1696075058551 0.03948573314993199 218
1696075058581 0.038839052991516604 219
1696075058608 0.03821416474667281 220
1696075058673 0.0376132710625133 221
1696075058701 0.0370181236253218 222
1696075058723 0.03642505350612422 223
1696075058754 0.03594064067178315 224
1696075058779 0.03541596239959455 225
1696075058805 0.034851390841184327 226
1696075058829 0.034292830879449836 227
1696075058855 0.03382262011919055 228
1696075058880 0.03327074892351538 229
1696075058909 0.03278382185253507 230
1696075058940 0.032360720793497486 231
1696075058969 0.031815152080113415 232
1696075058992 0.03127703263106333 233
1696075059061 0.030779490456659106 234
1696075059086 0.03032161045217903 235
1696075059110 0.029895484701640187 236
1696075059141 0.029425014783100435 237
1696075059169 0.028968624189487882 238
1696075059200 0.0285936090139683 239
1696075059261 0.028130171888843595 240
1696075059288 0.027691971049641034 241
1696075059311 0.027240409166348862 242
1696075059338 0.026784355969100976 243
1696075059363 0.02634327205533555 244
1696075059389 0.025924577948925213 245
1696075059415 0.02549907495060485 246
1696075059440 0.02510530123112304 247
1696075059469 0.024708937366437596 248
1696075059498 0.024295081741479867 249
1696075059525 0.023935584534520955 250
1696075059553 0.023580785242266967 251
1696075059584 0.02324971168652654 252
1696075059609 0.022878352820190042 253
1696075059633 0.022507981426971253 254
1696075059656 0.022153936571214176 255
1696075059682 0.021894496245991536 256
1696075059704 0.021541617873189818 257
1696075059729 0.021181909863817208 258
1696075059753 0.02089043794530461 259
1696075059783 0.020572833550238565 260
1696075059809 0.020284004430957864 261
1696075059891 0.0199761831732528 262
1696075059917 0.019668796539128803 263
1696075059972 0.019391094082201594 264
1696075060002 0.019146164646195875 265
1696075060023 0.01884989372719651 266
1696075060044 0.018536169669358168 267
1696075060069 0.018247564462085857 268
1696075060095 0.01801065947472459 269
1696075060117 0.017737648913849016 270
1696075060138 0.017459377801769555 271
1696075060161 0.01724789341796468 272
1696075060185 0.016996318077921447 273
1696075060220 0.016751639878516404 274
1696075060242 0.016501779768493253 275
1696075060266 0.016291458646579344 276
1696075060287 0.016039550949160864 277
1696075060312 0.015782639838243472 278
1696075060333 0.01556800079206704 279
1696075060355 0.015336837542993581 280
1696075060377 0.015084636994092324 281
1696075060403 0.014853641343452443 282
1696075060425 0.014624477968922888 283
1696075060448 0.01441517868563155 284
1696075060470 0.01422785073580495 285
1696075060493 0.014031206006160016 286
1696075060519 0.0137998519425672 287
1696075060544 0.013579481125513498 288
1696075060569 0.01337204133292589 289
1696075060591 0.01315413347181362 290
1696075060616 0.012974803856564847 291
1696075060639 0.012783567358994231 292
1696075060662 0.01261805577809167 293
1696075060721 0.012426540429144923 294
1696075060743 0.012242626177980203 295
1696075060767 0.012083235467058908 296
1696075060788 0.01191328800988672 297
1696075060834 0.011760390284307221 298
1696075060856 0.01159924954707512 299
1696075060878 0.01142914384457543 300
1696075060900 0.011254932162135538 301
1696075060924 0.011101093712853519 302
1696075060948 0.010935590439674604 303
1696075060970 0.010785880261840053 304
1696075060996 0.010654924405661782 305
1696075061024 0.0105346862163566 306
1696075061049 0.010365638144887557 307
1696075061072 0.01022038478380999 308
1696075061093 0.010059340506952856 309
1696075061116 0.009906064462110474 310
1696075061142 0.009750690636796996 311
1696075061165 0.009594188630156937 312
1696075061186 0.009452136429179308 313
1696075061208 0.009305689534051087 314
1696075061232 0.009155634590936651 315
1696075061289 0.009016073935532234 316
1696075061316 0.008906401451636708 317
1696075061340 0.008786167262803636 318
1696075061364 0.008658593077586154 319
1696075061384 0.00851937961285368 320
1696075061407 0.008413782514414374 321
1696075061429 0.008287342804531242 322
1696075061453 0.008178873044651244 323
1696075061478 0.008062574821284873 324
1696075061501 0.007942037831885624 325
1696075061521 0.007818066023057275 326
1696075061548 0.0077059961922125225 327
1696075061572 0.007616881707127638 328
1696075061595 0.007523967234679329 329
1696075061618 0.007414682692385119 330
1696075061638 0.00730421372324421 331
1696075061662 0.007195823471379053 332
1696075061688 0.007096473254596851 333
1696075061711 0.007005061668856249 334
1696075061736 0.006916016956920437 335
1696075061759 0.00681685128705967 336
1696075061782 0.006711698701904874 337
1696075061805 0.006631342230698169 338
1696075061828 0.006539907639066792 339
1696075061850 0.006443227227081635 340
1696075061873 0.006351333847991842 341
1696075061903 0.006282828732070584 342
1696075061934 0.006194350720496748 343
1696075062004 0.006126970933862429 344
1696075062036 0.006046386699479036 345
1696075062058 0.005965532901426093 346
1696075062086 0.005875511133293344 347
1696075062111 0.005799137174899013 348
1696075062134 0.00571737448043694 349
1696075062157 0.005644479918027575 350
1696075062190 0.005566671633279269 351
1696075062214 0.005495187883838962 352
1696075062311 0.005411834576496264 353
1696075062336 0.005333134538139761 354
1696075062361 0.005249723780202828 355
1696075062400 0.005173424149758611 356
1696075062419 0.005092976555366249 357
1696075062441 0.005026334928321207 358
1696075062462 0.004948551185359289 359
1696075062485 0.0048769084706391875 360
1696075062508 0.004810543142495136 361
1696075062528 0.0047365206855634525 362
1696075062549 0.004674550297105016 363
1696075062596 0.004615699749387435 364
1696075062615 0.004544111643506714 365
1696075062634 0.004475760482114964 366
1696075062654 0.004422030598412201 367
1696075062674 0.004364613247650412 368
1696075062810 0.004306332912133572 369
1696075062833 0.004246468301520115 370
1696075062854 0.0041838988331007266 371
1696075062874 0.004125738881305339 372
1696075062896 0.0040691961956734095 373
1696075062920 0.004013866467581471 374
1696075062941 0.003956322147236517 375
1696075062964 0.0039076335346933345 376
1696075062987 0.0038496210851004563 377
1696075063010 0.0038070889016905357 378
1696075063033 0.0037629087334398012 379
1696075063054 0.003713047847580026 380
1696075063117 0.0036600539628180015 381
1696075063142 0.0036132017904497507 382
1696075063165 0.0035641305645175234 383
1696075063190 0.003513915133743937 384
1696075063211 0.00346406335154563 385
1696075063241 0.003416607541151792 386
1696075063265 0.003366330919509839 387
1696075063349 0.003330154071301785 388
1696075063369 0.0032801158135252577 389
1696075063394 0.0032307914650872025 390
1696075063415 0.003193080842411613 391
1696075063435 0.0031451946839847118 392
1696075063457 0.003103927196236211 393
1696075063480 0.003059500014238007 394
1696075063502 0.003021455124750916 395
1696075063522 0.002977435390800961 396
1696075063544 0.0029364349320971012 397
1696075063569 0.0029059093201520675 398
1696075063592 0.0028748955829971537 399
1696075063615 0.002843271391317033 400
1696075063635 0.002807585608330192 401
1696075063656 0.0027701442548078467 402
1696075063679 0.0027339700503323594 403
1696075063704 0.0026944396836024553 404
1696075063726 0.0026569168045599604 405
1696075063745 0.0026183039275080337 406
1696075063770 0.002585097243492223 407
1696075063791 0.002549214733306038 408
1696075063817 0.0025191429217648327 409
1696075063837 0.0024826525230259694 410
1696075063857 0.0024478530232072107 411
1696075063877 0.002414389396540141 412
1696075063902 0.002381349787665017 413
1696075063925 0.0023490169211534536 414
1696075063946 0.0023197346920954833 415
1696075063967 0.0022860237056369567 416
1696075063990 0.002257028428913976 417
1696075064010 0.002229147916194493 418
1696075064050 0.0022022576613623173 419
1696075064074 0.0021763702384423275 420
1696075064118 0.00214847663826424 421
1696075064157 0.0021195972237726592 422
1696075064177 0.0020919679678339355 423
1696075064198 0.0020638353158769114 424
1696075064222 0.002036024230471288 425
1696075064244 0.002008929822556982 426
1696075064268 0.0019870746155505924 427
1696075064317 0.001961825776768699 428
1696075064340 0.001937714455222582 429
1696075064389 0.001910544702393402 430
1696075064412 0.0018838339475312227 431
1696075064433 0.001860546300432293 432
1696075064453 0.0018364885236103186 433
1696075064475 0.0018108897747857317 434
1696075064495 0.0017852156329467765 435
1696075064516 0.0017624101229002191 436
1696075064537 0.0017399614732192114 437
1696075064558 0.0017177988365220302 438
1696075064588 0.0016951422689875679 439
1696075064649 0.0016736674245629677 440
1696075064671 0.0016522013099128394 441
1696075064726 0.0016316206324108182 442
1696075064746 0.0016121894838364468 443
1696075064805 0.0015914403842082236 444
1696075064824 0.001573388985903081 445
1696075064846 0.0015547030938870253 446
1696075064870 0.0015352731817395813 447
1696075064891 0.0015191062918895098 448
1696075064913 0.001498061322566521 449
1696075064934 0.0014811315497838208 450
1696075064955 0.0014620093737942716 451
1696075064976 0.001442616651191537 452
1696075064996 0.0014247113704467774 453
1696075065019 0.0014095326511379639 454
1696075065040 0.001390223832436293 455
1696075065061 0.001371076730917816 456
1696075065084 0.0013573022231122083 457
1696075065109 0.0013445789775226907 458
1696075065129 0.001326404109380563 459
1696075065154 0.0013104044099216693 460
1696075065175 0.0012948990077086098 461
1696075065200 0.0012809577954639815 462
1696075065238 0.0012642292160790674 463
1696075065259 0.001250332207334385 464
1696075065281 0.001234675937810501 465
1696075065302 0.0012189760069871306 466
1696075065325 0.001205144967414212 467
1696075065386 0.0011893430880372488 468
1696075065409 0.0011743229145228587 469
1696075065430 0.0011601130067947227 470
1696075065451 0.001146674939424258 471
1696075065473 0.0011344737325665354 472
1696075065494 0.0011205506206307372 473
1696075065516 0.001106347893973813 474
1696075065537 0.0010938966452440223 475
1696075065571 0.0010821265044017355 476
1696075065598 0.001069007870023127 477
1696075065626 0.001055618178195887 478
1696075065651 0.00104201934460786 479
1696075065675 0.001028858639886386 480
1696075065700 0.0010158026929424663 481
1696075065726 0.0010034223718021823 482
1696075065753 0.000993226673625668 483
1696075065776 0.0009802340075433318 484
1696075065805 0.0009708064420372542 485
1696075065829 0.0009593187858755068 486
1696075065859 0.0009503378488402856 487
1696075065886 0.0009384616602121048 488
1696075065911 0.0009269315439205723 489
1696075065942 0.000916731476754257 490
1696075065971 0.0009055321763825526 491
1696075065995 0.0008944084811896799 492
1696075066023 0.0008842072011208848 493
1696075066057 0.000874192182914271 494
1696075066087 0.0008639181279946065 495
1696075066109 0.0008529133359022974 496
1696075066135 0.0008427692633737621 497
1696075066158 0.0008329812032268463 498
1696075066259 0.0008233292573941962 499
1696075066284 0.0008143765188464002 500
1696075066311 0.0008052463028916771 501
1696075066336 0.0007961897012078682 502
1696075066357 0.0007864045202738212 503
1696075066388 0.0007769008448320618 504
1696075066413 0.0007685348325469379 505
1696075066442 0.0007594612390579995 506
1696075066469 0.0007504538800503231 507
1696075066491 0.0007410527696128701 508
1696075066517 0.0007317221992546814 509
1696075066544 0.0007231765536358003 510
1696075066569 0.000715160403745908 511
1696075066590 0.0007076905319099848 512
1696075066617 0.0006986945144416285 513
1696075066640 0.0006909158136569472 514
1696075066660 0.0006836079883500561 515
1696075066680 0.0006754957586188143 516
1696075066699 0.0006674320064581615 517
1696075066720 0.0006609706821779139 518
1696075066742 0.0006532929409562251 519
1696075066763 0.0006459610899426306 520
1696075066786 0.0006386910008845252 521
1696075066846 0.0006313937546404899 522
1696075066866 0.0006237259551687183 523
1696075066888 0.0006163287481734061 524
1696075066908 0.0006090632713442786 525
1696075066931 0.0006032656816512068 526
1696075066951 0.0005964788410391778 527
1696075066984 0.0005892588559332328 528
1696075067040 0.000582580732925017 529
1696075067152 0.0005759690357120924 530
1696075067173 0.0005695728574442363 531
1696075067194 0.0005637497272429872 532
1696075067214 0.0005572719284498432 533
1696075067239 0.0005506730539394352 534
1696075067258 0.0005442043530817301 535
1696075067281 0.0005379548345021304 536
1696075067301 0.000531562504886642 537
1696075067324 0.0005262104827525679 538
1696075067345 0.0005200559711916269 539
1696075067365 0.0005141410923031582 540
1696075067384 0.0005078501229913343 541
1696075067446 0.0005021742800459671 542
1696075067467 0.000496538383230658 543
1696075067487 0.0004911878907991761 544
1696075067507 0.0004853070122961959 545
1696075067531 0.0004795877778699148 546
1696075067556 0.0004747807148358931 547
1696075067585 0.0004693144426271025 548
1696075067630 0.00046454345191991527 549
1696075067658 0.00045911996060516786 550
1696075067677 0.0004538769464466087 551
1696075067697 0.0004487195058174538 552
1696075067718 0.0004434530823905701 553
1696075067739 0.0004383001295613581 554
1696075067762 0.0004336597665997466 555
1696075067787 0.0004293675855675951 556
1696075067809 0.0004246308314290313 557
1696075067874 0.0004196007607092744 558
1696075067900 0.00041541368026758277 559
1696075067920 0.0004112642182134975 560
1696075068055 0.00040640758502013505 561
1696075068076 0.00040176338679863156 562
1696075068099 0.00039812042536287596 563
1696075068122 0.00039349508677562564 564
1696075068142 0.0003888602996868341 565
1696075068165 0.0003843541273272265 566
1696075068187 0.00038090752426910734 567
1696075068210 0.00037724969357476535 568
1696075068237 0.0003736963454494172 569
1696075068262 0.0003692756878813727 570
1696075068302 0.00036486241281363286 571
1696075068352 0.00036029446149606363 572
1696075068375 0.00035645583016001646 573
1696075068395 0.00035223846831665103 574
1696075068438 0.00034824468633185376 575
1696075068494 0.0003444197473610082 576
1696075068514 0.0003406746931777404 577
1696075068533 0.00033690847052773474 578
1696075068659 0.0005892588559332328 579
