1694356291469 1.9108673829053535 0
1694356291524 1.8743461219500084 1
1694356291552 1.841293809857874 2
1694356291577 1.809853880155774 3
1694356291666 1.7802509900275572 4
1694356291752 1.7520117032338802 5
1694356291776 1.7253580480519053 6
1694356291805 1.699991526217217 7
1694356291828 1.6753022021156196 8
1694356291938 1.6516414608094498 9
1694356292196 1.6289500248087798 10
1694356292220 1.6071749950828202 11
1694356292245 1.585953872538229 12
1694356292269 1.565627034552701 13
1694356292297 1.5460378845377594 14
1694356292325 1.527076279990832 15
1694356292350 1.5085442196396932 16
1694356292374 1.4905136373654821 17
1694356292400 1.4730411133007366 18
1694356292426 1.4562073925137586 19
1694356292453 1.440084395729123 20
1694356292481 1.423899966112288 21
1694356292507 1.4083508591402003 22
1694356292534 1.393272198367461 23
1694356292562 1.3784996189013319 24
1694356292587 1.3641985837476243 25
1694356292613 1.3500392537891177 26
1694356292639 1.3360051034208087 27
1694356292663 1.3225112737140088 28
1694356292695 1.3093452147405291 29
1694356292720 1.2967199899190303 30
1694356292746 1.2840487694099898 31
1694356292770 1.2717081206813514 32
1694356292797 1.2597378798896186 33
1694356292823 1.2480412976993525 34
1694356292849 1.2366044242413528 35
1694356292877 1.2252208569777534 36
1694356292916 1.2142682119471495 37
1694356292942 1.2035893298125848 38
1694356292967 1.192926723170772 39
1694356292992 1.1825800962852424 40
1694356293020 1.1724867654569024 41
1694356293048 1.1626746379380541 42
1694356293073 1.1528376732610897 43
1694356293100 1.143134861366054 44
1694356293126 1.1336175245789533 45
1694356293151 1.124332248203758 46
1694356293183 1.1153125748215111 47
1694356293208 1.1062885324932152 48
1694356293234 1.097645720653688 49
1694356293261 1.0891799376713756 50
1694356293287 1.080791178528874 51
1694356293315 1.0725332161351466 52
1694356293340 1.064402651602143 53
1694356293366 1.0564820135156832 54
1694356293393 1.0486540691895627 55
1694356293419 1.0410165587579754 56
1694356293445 1.0334381871002811 57
1694356293472 1.0259783721276607 58
1694356293499 1.0187291564835614 59
1694356293525 1.011612681892941 60
1694356293574 1.0045030712863545 61
1694356293606 0.9975483434119741 62
1694356293632 0.9907396739634716 63
1694356293664 0.9840135683902987 64
1694356293690 0.9774340185912139 65
1694356293718 0.9709941374048505 66
1694356293744 0.9646022795086177 67
1694356293836 0.9583125203269223 68
1694356293862 0.9521799521549573 69
1694356293889 0.9461098810924374 70
1694356293914 0.9401451097173514 71
1694356293940 0.934292634760969 72
1694356293967 0.928410228798838 73
1694356293992 0.922750638493787 74
1694356294018 0.9170838057768053 75
1694356294070 0.9114610722798461 76
1694356294096 0.9060550063875622 77
1694356294122 0.9006984401006016 78
1694356294151 0.8954366596080301 79
1694356294182 0.8902762108134058 80
1694356294209 0.8852301377085545 81
1694356294234 0.8801647647913503 82
1694356294260 0.8752245898184158 83
1694356294287 0.8703263922819849 84
1694356294363 0.8654567790562067 85
1694356294390 0.8606587999862672 86
1694356294421 0.8559855873828235 87
1694356294518 0.8513786548884279 88
1694356294557 0.8467899719075543 89
1694356294587 0.8423529771246162 90
1694356294612 0.8379418454569311 91
1694356294638 0.8336049613234332 92
1694356294670 0.8293217659708295 93
1694356294696 0.825056347189883 94
1694356294723 0.8208608360216574 95
1694356294749 0.816752630488003 96
1694356294778 0.8127733986345936 97
1694356294804 0.8088201435904461 98
1694356294830 0.8048780162362543 99
1694356294857 0.800993321530773 100
1694356294882 0.7971580627078217 101
1694356294908 0.7934299644031884 102
1694356294933 0.7896254598410679 103
1694356294958 0.7859851935596549 104
1694356294983 0.7823412906583319 105
1694356295009 0.7788306961261295 106
1694356295035 0.7752296700696751 107
1694356295077 0.7716884975680217 108
1694356295102 0.7681603341923324 109
1694356295130 0.7647620432525565 110
1694356295161 0.7613479595495605 111
1694356295188 0.7580340201703398 112
1694356295214 0.7548454336504299 113
1694356295240 0.751515777505351 114
1694356295266 0.7483205816875539 115
1694356295311 0.7452470422757451 116
1694356295337 0.7421798659525879 117
1694356295363 0.7390861687595923 118
1694356295389 0.7360173409094768 119
1694356295436 0.7330368232959533 120
1694356295462 0.7300591258640978 121
1694356295487 0.7272114330780834 122
1694356295513 0.7243478684237937 123
1694356295538 0.7215095497418825 124
1694356295592 0.7186759546968126 125
1694356295618 0.7159054190449473 126
1694356295647 0.7131667275711481 127
1694356295685 0.710450796235945 128
1694356295714 0.7078091476275207 129
1694356295741 0.7051467384741937 130
1694356295770 0.7025103847060176 131
1694356295797 0.6998943483359743 132
1694356295823 0.6973923984594093 133
1694356295939 0.6948919868419116 134
1694356295966 0.6922723283432743 135
1694356295994 0.6897885082942816 136
1694356296020 0.6873695830137841 137
1694356296046 0.684921056325058 138
1694356296072 0.6825558712702302 139
1694356296123 0.6801763732180997 140
1694356296149 0.6778448048814432 141
1694356296180 0.6755219632264972 142
1694356296211 0.6732381714124582 143
1694356296237 0.670979351704752 144
1694356296264 0.668737772887691 145
1694356296289 0.6665351937484515 146
1694356296315 0.6643245970233455 147
1694356296342 0.6621781257994692 148
1694356296370 0.6600450362544614 149
1694356296396 0.657918205905537 150
1694356296421 0.6558696730434022 151
1694356296448 0.6538121947961028 152
1694356296475 0.6518004820201853 153
1694356296501 0.6497437197815391 154
1694356296528 0.6477440035057269 155
1694356296586 0.6457927875200851 156
1694356296612 0.6438091150939514 157
1694356296637 0.6418661942570876 158
1694356296674 0.6399258912406092 159
1694356296699 0.63805134768435 160
1694356296731 0.6361026673702335 161
1694356296756 0.63422460144072 162
1694356296784 0.6323611533226353 163
1694356296812 0.6305334257250387 164
1694356296840 0.628734283055869 165
1694356296866 0.6269327108116872 166
1694356296893 0.6251580834175638 167
1694356296920 0.6234136589196848 168
1694356296947 0.6216604271675914 169
1694356296971 0.6199611105142055 170
1694356296998 0.6182388508175439 171
1694356297027 0.6165394165476006 172
1694356297053 0.6148589136636293 173
1694356297079 0.613169626240692 174
1694356297104 0.6115239554491071 175
1694356297130 0.6098823330996864 176
1694356297165 0.6082450540121717 177
1694356297191 0.6066297201718157 178
1694356297216 0.6050659551812498 179
1694356297242 0.6034768115161602 180
1694356297269 0.6019080828702312 181
1694356297297 0.6003399254398293 182
1694356297323 0.5988074467832656 183
1694356297349 0.5972506019321139 184
1694356297376 0.5957732316823238 185
1694356297402 0.594301958434266 186
1694356297429 0.5927962744246946 187
1694356297457 0.5913275635925012 188
1694356297485 0.5898473683999454 189
1694356297513 0.5883686749150546 190
1694356297541 0.5869219941869466 191
1694356297569 0.5854935041724548 192
1694356297617 0.5840994816561242 193
1694356297645 0.5827404666574767 194
1694356297677 0.5813717362770215 195
1694356297707 0.5800609755266122 196
1694356297734 0.5787238454773157 197
1694356297761 0.577393088283044 198
1694356297789 0.5760586763063525 199
1694356297819 0.5747382971185637 200
1694356297846 0.5734721346305366 201
1694356297874 0.5721751277697933 202
1694356297949 0.5708816787630386 203
1694356297979 0.5695907642141609 204
1694356298033 0.5683327482678024 205
1694356298059 0.5670853927455471 206
1694356298084 0.5658278588961491 207
1694356298113 0.5646133490119903 208
1694356298164 0.5634222509726992 209
1694356298194 0.5622215221183329 210
1694356298220 0.5610075987742653 211
1694356298247 0.5597671785702393 212
1694356298274 0.5585498848892173 213
1694356298300 0.5573383441717115 214
1694356298326 0.5562081007982279 215
1694356298351 0.5550733175089626 216
1694356298381 0.5539433971030072 217
1694356298406 0.552806411551229 218
1694356298431 0.5516888634359459 219
1694356298457 0.5505689779865353 220
1694356298484 0.549477173677777 221
1694356298511 0.5483999061070401 222
1694356298536 0.5473004724150362 223
1694356298562 0.5462240595013844 224
1694356298588 0.5451183817701187 225
1694356298616 0.5440725408775338 226
1694356298641 0.5430215340791757 227
1694356298671 0.5419642759621406 228
1694356298695 0.5409484312133824 229
1694356298723 0.5399450810435587 230
1694356298748 0.5388978773925694 231
1694356298776 0.5378752214446199 232
1694356298801 0.5368464347582226 233
1694356298827 0.5358363774700027 234
1694356298852 0.5348310954543346 235
1694356298878 0.5338448050044058 236
1694356298904 0.5328749809546525 237
1694356298931 0.5318891411126723 238
1694356298957 0.5309158896188017 239
1694356298982 0.5299730416461185 240
1694356299009 0.5290154876707407 241
1694356299035 0.5280657052737405 242
1694356299061 0.5271242446292479 243
1694356299088 0.526209341467132 244
1694356299115 0.5252912579067419 245
1694356299141 0.5243119335494876 246
1694356299173 0.5233659502654117 247
1694356299241 0.5224374347403692 248
1694356299271 0.5215346329558953 249
1694356299295 0.5206416913809974 250
1694356299328 0.5197268041508224 251
1694356299354 0.5188044655292543 252
1694356299381 0.5179566206913472 253
1694356299407 0.5170538925076426 254
1694356299446 0.516181551778969 255
1694356299472 0.5153065920033979 256
1694356299500 0.5144453667397744 257
1694356299528 0.5135962769276948 258
1694356299555 0.5127411584738499 259
1694356299582 0.5118920006737281 260
1694356299611 0.5110508109785202 261
1694356299664 0.510226242962677 262
1694356299693 0.5093776801999937 263
1694356299719 0.5085292929570523 264
1694356299768 0.5077442357264352 265
1694356299793 0.5069086527359533 266
1694356299818 0.5060968021303445 267
1694356299844 0.5052743776067317 268
1694356299869 0.5044966232340229 269
1694356299895 0.5036852139139384 270
1694356299920 0.5029056447811531 271
1694356299947 0.5021080634227718 272
1694356299973 0.5013149690266436 273
1694356299998 0.500535967829536 274
1694356300033 0.4997666613807164 275
1694356300060 0.4990162560282151 276
1694356300147 0.49825672760796225 277
1694356300201 0.4974739538780767 278
1694356300225 0.49672619423447817 279
1694356300248 0.49598421880440285 280
1694356300274 0.4952540230303446 281
1694356300301 0.4945053036135884 282
1694356300326 0.49379722430653145 283
1694356300352 0.4930320101972864 284
1694356300382 0.49231488049582606 285
1694356300408 0.4915735263569121 286
1694356300433 0.49082500873340623 287
1694356300458 0.4900876099327857 288
1694356300485 0.48935326852922373 289
1694356300513 0.4886675614268289 290
1694356300538 0.4879700548818664 291
1694356300563 0.48730069102717166 292
1694356300587 0.48662730152288686 293
1694356300613 0.485948771087884 294
1694356300641 0.48524564816498844 295
1694356300665 0.4845665390284573 296
1694356300694 0.4838571050056404 297
1694356300719 0.48320283809260334 298
1694356300744 0.48251069031410515 299
1694356300769 0.4818177386053115 300
1694356300794 0.4811459850197523 301
1694356300822 0.48049462528126125 302
1694356300849 0.4798088442872519 303
1694356300877 0.47913551475367355 304
1694356300913 0.4784723282612773 305
1694356300958 0.4777925252499407 306
1694356300990 0.4771369417141919 307
1694356301021 0.4764668687772827 308
1694356301048 0.47580938697566677 309
1694356301074 0.4751819339148119 310
1694356301102 0.4745442649532046 311
1694356301131 0.47389410737596593 312
1694356301170 0.4732400951997393 313
1694356301197 0.4726604502324013 314
1694356301225 0.4720448201082327 315
1694356301448 0.47142798152588955 316
1694356301754 0.470794630045518 317
1694356301904 0.47020118400912636 318
1694356302063 0.46959494459059903 319
1694356302237 0.4689903399824297 320
1694356302284 0.46838287416898483 321
1694356302309 0.46779022475595117 322
1694356302339 0.4671889780820365 323
1694356302363 0.4665768756219328 324
1694356302389 0.4659906048437958 325
1694356302414 0.4654107119352507 326
1694356302440 0.46480084201947225 327
1694356302466 0.46420757049965805 328
1694356302490 0.46361513703487683 329
1694356302515 0.4630603637679374 330
1694356302541 0.46249947167700545 331
1694356302565 0.4619088280288172 332
1694356302594 0.4613155885994606 333
1694356302618 0.46072702714156005 334
1694356302644 0.4601574139637262 335
1694356302677 0.45956636043756954 336
1694356302705 0.4590191985212471 337
1694356302730 0.4584518402302624 338
1694356302755 0.4578690520653662 339
1694356302779 0.4573041838931306 340
1694356302804 0.4567205780754633 341
1694356302832 0.4561509402910315 342
1694356302857 0.4555909775470623 343
1694356302883 0.4550238912834565 344
1694356302921 0.4544919754230923 345
1694356302946 0.4539559751814915 346
1694356302970 0.45342684512481174 347
1694356302995 0.452841812612452 348
1694356303019 0.45234339114201544 349
1694356303043 0.4518205495907046 350
1694356303069 0.45130835649126355 351
1694356303096 0.45082464357612373 352
1694356303123 0.45028490688480644 353
1694356303150 0.4497740558264218 354
1694356303183 0.4492265494583623 355
1694356303213 0.4487018017941075 356
1694356303239 0.44820631762474256 357
1694356303266 0.4476966605931722 358
1694356303293 0.44721499941183623 359
1694356303319 0.446705954798056 360
1694356303345 0.4461863270358599 361
1694356303372 0.4456971708244972 362
1694356303399 0.44519280853076837 363
1694356303426 0.4446999296739525 364
1694356303464 0.4441968711945092 365
1694356303489 0.4437005349268974 366
1694356303516 0.4432043726261787 367
1694356303542 0.44269592791868345 368
1694356303569 0.4421775987657076 369
1694356303595 0.4416873786487798 370
1694356303623 0.44117652197302737 371
1694356303649 0.4406974267633393 372
1694356303684 0.4402188428544322 373
1694356303711 0.4396873655605617 374
1694356303761 0.439217894497015 375
1694356303786 0.4387190527585811 376
1694356303811 0.43825038700244384 377
1694356303835 0.4377837960747061 378
1694356303869 0.43730979437740347 379
1694356303896 0.4368052070132083 380
1694356303921 0.4363523051258694 381
1694356303946 0.4358759656672347 382
1694356303973 0.4353855594006611 383
1694356303999 0.434920566536715 384
1694356304024 0.43444869714688583 385
1694356304049 0.4339758431642881 386
1694356304078 0.43350936829210696 387
1694356304105 0.4330333615246742 388
1694356304139 0.4325653436787309 389
1694356304170 0.43211228171949495 390
1694356304199 0.4316593300855764 391
1694356304226 0.4312060851198068 392
1694356304278 0.43074309426117197 393
1694356304401 0.4302705643093904 394
1694356304427 0.4298129760881199 395
1694356304452 0.4293570921025477 396
1694356304477 0.4289147713025535 397
1694356304503 0.4284361051205656 398
1694356304528 0.4279697069728142 399
1694356304554 0.4275250166211077 400
1694356304578 0.4271303301607685 401
1694356304602 0.4267077877877022 402
1694356304629 0.4262494746511488 403
1694356304653 0.4257946603347804 404
1694356304687 0.42534563384964014 405
1694356304713 0.42490953939812737 406
1694356304757 0.42448107584892786 407
1694356304783 0.4240321197150421 408
1694356304806 0.42359132089948515 409
1694356304831 0.4231543969039955 410
1694356304856 0.4227102141922917 411
1694356304888 0.4223008704888909 412
1694356304918 0.4218501528965272 413
1694356304943 0.4214366284552066 414
1694356304968 0.42101375800579144 415
1694356304992 0.4205830391672629 416
1694356305017 0.42014315243981704 417
1694356305046 0.41970084454004153 418
1694356305071 0.4192691378582855 419
1694356305097 0.41886552542454925 420
1694356305121 0.4184381632849293 421
1694356305146 0.41803195057651454 422
1694356305178 0.4176119932350987 423
1694356305204 0.41721736247837155 424
1694356305229 0.41681222397132156 425
1694356305254 0.41641001949678214 426
1694356305280 0.4160147986141024 427
1694356305305 0.4156091813395385 428
1694356305331 0.4152191245884875 429
1694356305356 0.41482092604789095 430
1694356305380 0.4144008979197857 431
1694356305406 0.4140096578117471 432
1694356305431 0.41358567810685104 433
1694356305458 0.4131961610053349 434
1694356305482 0.41279610241014436 435
1694356305505 0.41241171724249637 436
1694356305531 0.4120266648066129 437
1694356305556 0.4116391149377758 438
1694356305580 0.41123560575775714 439
1694356305604 0.41087411712221245 440
1694356305630 0.4104564655103345 441
1694356305655 0.41007221457954224 442
1694356305688 0.4096909655895976 443
1694356305712 0.4092858270959034 444
1694356305736 0.40889700158314396 445
1694356305787 0.40851594996415047 446
1694356305812 0.40807551051811086 447
1694356305836 0.4076693512354288 448
1694356305864 0.4072806933924751 449
1694356305893 0.4068860918389019 450
1694356305919 0.40651492049180227 451
1694356305946 0.4061174576301877 452
1694356305971 0.40575616738966164 453
1694356305998 0.4053605205597769 454
1694356306024 0.4049434902051334 455
1694356306050 0.4045491009513349 456
1694356306381 0.40418368224270484 457
1694356306412 0.4038299667900483 458
1694356306468 0.40344825105188226 459
1694356306521 0.4030746611334819 460
1694356306548 0.40272476842984173 461
1694356306572 0.4023822742979888 462
1694356306596 0.40199076144138574 463
1694356306622 0.40161310150886637 464
1694356306647 0.40125652870741707 465
1694356306677 0.40088587815834903 466
1694356306704 0.40051614956298776 467
1694356306730 0.400144891470269 468
1694356306756 0.3997691829213044 469
1694356306782 0.3994450077206174 470
1694356306808 0.39910770399932644 471
1694356306832 0.39875240889287705 472
1694356306859 0.39837807206548975 473
1694356306885 0.39801799340663996 474
1694356306910 0.397667085846517 475
1694356306935 0.39730944976045085 476
1694356306959 0.39697448743926883 477
1694356306985 0.3966040230518701 478
1694356307008 0.3962344156904259 479
1694356307033 0.3958867891011553 480
1694356307058 0.3955327894621819 481
1694356307084 0.39519362417950016 482
1694356307110 0.3948567461532134 483
1694356307137 0.39449670739288967 484
1694356307161 0.3941283861272205 485
1694356307193 0.3938050507375172 486
1694356307220 0.3934623702238966 487
1694356307246 0.39310582817024636 488
1694356307271 0.39276816810927734 489
1694356307299 0.39241460086471097 490
1694356307324 0.3920452003459238 491
1694356307349 0.39172776774121587 492
1694356307375 0.3913768908045404 493
1694356307400 0.3910125429457778 494
1694356307426 0.39066924272765785 495
1694356307450 0.390306377126772 496
1694356307484 0.390022771157746 497
1694356307509 0.38966071355825876 498
1694356307535 0.38931505957756823 499
1694356307644 0.38931505957756823 500
