1694357711681 1.9110737750511635 0
1694357711718 1.8744299169026646 1
1694357711747 1.8415718815893434 2
1694357711771 1.809955834203693 3
1694357711799 1.7803085926992106 4
1694357711824 1.752261784735173 5
1694357711852 1.7254122122273436 6
1694357711879 1.699941514831035 7
1694357711906 1.675339338224722 8
1694357711932 1.6516251761332177 9
1694357711956 1.6288789110515 10
1694357711982 1.6070422368481192 11
1694357712008 1.5857869743157909 12
1694357712034 1.5653826456693032 13
1694357712059 1.5457332935638408 14
1694357712083 1.5267389870915224 15
1694357712110 1.5080347296819185 16
1694357712136 1.4901156306292003 17
1694357712196 1.4727385910414321 18
1694357712222 1.4557310099367011 19
1694357712246 1.4395554408650757 20
1694357712276 1.4233418051685431 21
1694357712301 1.4077319231667227 22
1694357712327 1.392720506925152 23
1694357712356 1.3778810268977963 24
1694357712380 1.3634646245426283 25
1694357712411 1.3493235150227205 26
1694357712436 1.3353564253672225 27
1694357712462 1.3217511881053345 28
1694357712487 1.308551880137504 29
1694357712512 1.2958677377130814 30
1694357712538 1.2833110158613612 31
1694357712564 1.2709762235074746 32
1694357712589 1.2589524445390983 33
1694357712627 1.2472622066011696 34
1694357712662 1.2358027899143589 35
1694357712690 1.2243951550580163 36
1694357712715 1.213455495382681 37
1694357712741 1.2026996720329552 38
1694357712766 1.192142072362815 39
1694357712795 1.1818871322658058 40
1694357712821 1.1716894029480385 41
1694357712846 1.1619335442975298 42
1694357712876 1.1521772361295612 43
1694357712907 1.1425638718989106 44
1694357712931 1.1331711420571855 45
1694357712956 1.1238516978112691 46
1694357712982 1.114903759085883 47
1694357713009 1.1058724478256556 48
1694357713035 1.097238797208409 49
1694357713061 1.08873854795698 50
1694357713086 1.0803615638730866 51
1694357713115 1.0721154450132409 52
1694357713141 1.0639776332716417 53
1694357713167 1.0561128800194646 54
1694357713192 1.0482993667044376 55
1694357713218 1.0406183269893365 56
1694357713244 1.033068657377852 57
1694357713270 1.0255668727052345 58
1694357713297 1.0183064574037375 59
1694357713323 1.0112056608844493 60
1694357713442 1.0040976386936218 61
1694357713479 0.9971787192288819 62
1694357713503 0.9904118878701443 63
1694357713529 0.9835838499861751 64
1694357713557 0.9770603182279118 65
1694357713582 0.9706450496955895 66
1694357713609 0.9643001177285998 67
1694357713634 0.9580591615175467 68
1694357713659 0.9518460631493559 69
1694357713710 0.945807039221162 70
1694357713734 0.9398874736814012 71
1694357713761 0.9340185962488573 72
1694357713794 0.9282613723172871 73
1694357713822 0.9225072479184371 74
1694357713847 0.9168140144040207 75
1694357713873 0.9112155846774049 76
1694357713903 0.9058474938312516 77
1694357713932 0.9004996639216953 78
1694357713957 0.8951956485546013 79
1694357713985 0.8900272653363185 80
1694357714011 0.884943769119168 81
1694357714037 0.8799453062001745 82
1694357714064 0.87493590936525 83
1694357714090 0.8700605467571021 84
1694357714117 0.8652682682537376 85
1694357714143 0.8604604253929683 86
1694357714169 0.8558118065820984 87
1694357714199 0.8512178640810778 88
1694357714230 0.846694521988028 89
1694357714256 0.8422413233784191 90
1694357714282 0.8378488807732724 91
1694357714309 0.8335792239434069 92
1694357714339 0.829332910094679 93
1694357714366 0.825152673920485 94
1694357714394 0.8209534495424943 95
1694357714426 0.8168426077077846 96
1694357714453 0.8128792198176491 97
1694357714484 0.8089543829650915 98
1694357714512 0.8050386383220364 99
1694357714539 0.8012003226208658 100
1694357714566 0.7973748246313236 101
1694357714594 0.7936435579675368 102
1694357714621 0.789899359053554 103
1694357714647 0.7862241246594325 104
1694357714707 0.7825911664248764 105
1694357714732 0.779067348678767 106
1694357714758 0.7755533502795956 107
1694357714788 0.771988171739234 108
1694357714815 0.7685120734276728 109
1694357714842 0.7651131451001546 110
1694357714867 0.7616656998052477 111
1694357714893 0.7583607137531477 112
1694357714926 0.7551895130740699 113
1694357714954 0.7519624117291398 114
1694357714984 0.74879645972068 115
1694357715010 0.7456740931486536 116
1694357715037 0.7426343217006105 117
1694357715064 0.7395110791140143 118
1694357715090 0.7365027838578582 119
1694357715115 0.7335258283538536 120
1694357715143 0.7305139041581361 121
1694357715170 0.7276032012820889 122
1694357715196 0.7247172237926857 123
1694357715222 0.7218664909312169 124
1694357715248 0.719022089073825 125
1694357715276 0.7162449133220544 126
1694357715305 0.7134574662704715 127
1694357715331 0.7107814867104986 128
1694357715356 0.7081414009575715 129
1694357715383 0.7055096462722509 130
1694357715417 0.7028831562753877 131
1694357715590 0.700237123628649 132
1694357715614 0.6977471265804644 133
1694357715639 0.6952093629537656 134
1694357715663 0.692636078150345 135
1694357715689 0.6901744317961231 136
1694357715741 0.6877290241163194 137
1694357715765 0.6852319806438156 138
1694357715793 0.6828453867530928 139
1694357715824 0.6804986889327024 140
1694357715849 0.6781571047410389 141
1694357715875 0.6758483491454768 142
1694357715909 0.6735825524668414 143
1694357715939 0.6713511016310048 144
1694357715964 0.6691204755486686 145
1694357715990 0.6669479448206365 146
1694357716017 0.6647400277491243 147
1694357716047 0.6625733845018434 148
1694357716074 0.6604215817115394 149
1694357716100 0.6583347282698743 150
1694357716144 0.6562487356171156 151
1694357716171 0.6541811934007251 152
1694357716196 0.6522026802109785 153
1694357716222 0.6501418666583878 154
1694357716247 0.648091725002268 155
1694357716274 0.6461094692947945 156
1694357716300 0.6441615719604852 157
1694357716329 0.6422393988195637 158
1694357716354 0.6403070219072958 159
1694357716380 0.6384154396885351 160
1694357716409 0.6364743779707249 161
1694357716437 0.6346438436615377 162
1694357716462 0.6328159816522959 163
1694357716487 0.6309805854197008 164
1694357716513 0.6291613820769961 165
1694357716540 0.6273471339041021 166
1694357716569 0.6255871073332481 167
1694357716595 0.6238011287218637 168
1694357716621 0.6220761304346362 169
1694357716646 0.6204075920522181 170
1694357716672 0.6186859263147236 171
1694357716724 0.6170255054787105 172
1694357716751 0.6153540322444055 173
1694357716775 0.6137172746525555 174
1694357716803 0.61210756316772 175
1694357716829 0.6105028561388468 176
1694357716856 0.6088529814016016 177
1694357716881 0.6072825374452023 178
1694357716912 0.6056778313394051 179
1694357716940 0.6041532812077359 180
1694357716965 0.6026385361332963 181
1694357716991 0.6010959187990677 182
1694357717015 0.5995693654936051 183
1694357717042 0.5980556549133385 184
1694357717069 0.5965584381107455 185
1694357717095 0.5950670077882907 186
1694357717128 0.5936100178193978 187
1694357717156 0.5921387825730327 188
1694357717184 0.5906775692466364 189
1694357717210 0.5892613760262684 190
1694357717236 0.5877771256691258 191
1694357717262 0.5863659574315775 192
1694357717287 0.5849840962095639 193
1694357717320 0.583572476439407 194
1694357717345 0.5822302926872052 195
1694357717371 0.5809060214636692 196
1694357717396 0.5795487567515841 197
1694357717430 0.5781766350779479 198
1694357717455 0.576870935352462 199
1694357717480 0.5755640804478724 200
1694357717520 0.5742658976842081 201
1694357717605 0.572990179907253 202
1694357717630 0.5716684932209892 203
1694357717662 0.5704038509613664 204
1694357717688 0.569146084036921 205
1694357717714 0.5678861988194175 206
1694357717739 0.5666120009974334 207
1694357717791 0.5654015555513742 208
1694357717815 0.5642591808130378 209
1694357717841 0.5630446236862922 210
1694357717865 0.5618481525870153 211
1694357717894 0.560658196880483 212
1694357717925 0.5595030370591482 213
1694357717952 0.5583383167744502 214
1694357717978 0.5571344203600129 215
1694357718004 0.5559850539746087 216
1694357718030 0.5548306081316499 217
1694357718056 0.5536980524762242 218
1694357718081 0.5525733793674555 219
1694357718106 0.5514849825255426 220
1694357718133 0.5503860715022628 221
1694357718160 0.5492833884358622 222
1694357718187 0.548222456023 223
1694357718212 0.547148071696747 224
1694357718249 0.5460755624287089 225
1694357718275 0.5450030289859629 226
1694357718300 0.5439785622697839 227
1694357718326 0.5429003852198144 228
1694357718352 0.5418155296986127 229
1694357718378 0.5407721123088557 230
1694357718409 0.5397636830406112 231
1694357718435 0.5387409424759726 232
1694357718462 0.5377337094365937 233
1694357718488 0.5367204123112448 234
1694357718514 0.5357169307967451 235
1694357718539 0.5347124221799138 236
1694357718566 0.5337101334913561 237
1694357718591 0.532712115048614 238
1694357718617 0.531767833762971 239
1694357718643 0.5308242685303892 240
1694357718671 0.5298613539859935 241
1694357718701 0.5288971599242278 242
1694357718727 0.5279946331501068 243
1694357718776 0.5270390807303572 244
1694357718801 0.5261035686744358 245
1694357718827 0.5251593070042899 246
1694357718851 0.5242360697994068 247
1694357718877 0.5233164915945903 248
1694357718908 0.5224077457297828 249
1694357718936 0.5215021038873717 250
1694357718963 0.5206015724638124 251
1694357718987 0.5197046490835866 252
1694357719012 0.5188313541368448 253
1694357719037 0.5179100990114492 254
1694357719062 0.5170131851980958 255
1694357719086 0.5161491229288057 256
1694357719112 0.5152631044005681 257
1694357719138 0.5143989150765044 258
1694357719163 0.5135453289171363 259
1694357719189 0.5127060069455626 260
1694357719214 0.5118763151660469 261
1694357719245 0.5110530359308387 262
1694357719270 0.5102012046357608 263
1694357719294 0.5093691149193145 264
1694357719320 0.5085721293247027 265
1694357719346 0.5077811903175715 266
1694357719373 0.5069715740536828 267
1694357719400 0.5061747679362355 268
1694357719429 0.5053645368841657 269
1694357719455 0.5045519463302615 270
1694357719481 0.5037739724370787 271
1694357719506 0.5029777179398316 272
1694357719531 0.5022111933182359 273
1694357719556 0.5014800579616142 274
1694357719583 0.5007437907747775 275
1694357719619 0.4999765602375458 276
1694357719692 0.4992515998773224 277
1694357719723 0.4985123702661206 278
1694357719753 0.49778583698431816 279
1694357719778 0.49703030847569013 280
1694357719833 0.49629529790506666 281
1694357719860 0.49556995032020024 282
1694357719889 0.4948270045218093 283
1694357719920 0.4940934643689777 284
1694357719948 0.4933817227190538 285
1694357719975 0.4926683510461943 286
1694357720000 0.49195390648740556 287
1694357720025 0.49126591368852085 288
1694357720051 0.4905270292557776 289
1694357720076 0.4897956657097586 290
1694357720101 0.4891292238177522 291
1694357720128 0.4884356767351004 292
1694357720154 0.48772083590746135 293
1694357720179 0.4870247140217648 294
1694357720204 0.4863043754203834 295
1694357720230 0.48559436096368813 296
1694357720256 0.48491152458555836 297
1694357720284 0.48423024805463727 298
1694357720310 0.4835651491924146 299
1694357720335 0.48291322491866345 300
1694357720361 0.48226321030041075 301
1694357720387 0.4816347692111908 302
1694357720425 0.48095833737319454 303
1694357720451 0.4802864347535248 304
1694357720478 0.47963975086312344 305
1694357720503 0.4790413863844639 306
1694357720530 0.4783958298537447 307
1694357720556 0.4777466870010934 308
1694357720583 0.47711290840511394 309
1694357720609 0.4764873923098227 310
1694357720635 0.4758566619702867 311
1694357720661 0.47519307354449064 312
1694357720688 0.47454632603798885 313
1694357720715 0.47391119035969914 314
1694357720741 0.4733161442967194 315
1694357720768 0.47269599641450205 316
1694357720821 0.4720431545316508 317
1694357720860 0.47141124766481407 318
1694357720884 0.4707852824984942 319
1694357720917 0.4701922352435271 320
1694357720943 0.469581472224959 321
1694357720968 0.4689758727449852 322
1694357720995 0.4683810589200445 323
1694357721019 0.4677863324619787 324
1694357721043 0.46718653268766136 325
1694357721067 0.46660235943585343 326
1694357721092 0.46601859141805213 327
1694357721116 0.4654386016227002 328
1694357721143 0.46487183862067943 329
1694357721168 0.46428945870939 330
1694357721193 0.4637008544543789 331
1694357721219 0.46311870211056033 332
1694357721247 0.46253057789601365 333
1694357721273 0.4619404318868408 334
1694357721299 0.4613394359848104 335
1694357721325 0.46080158120725523 336
1694357721355 0.46022984384861104 337
1694357721381 0.45968675107942497 338
1694357721415 0.45910822382813843 339
1694357721442 0.45855361294985836 340
1694357721469 0.4579678177296121 341
1694357721496 0.4574214295054508 342
1694357721521 0.45687867143244665 343
1694357721547 0.45633664467510515 344
1694357721575 0.45580145866845634 345
1694357721601 0.45524505241259183 346
1694357721628 0.45468993177230405 347
1694357721653 0.45415432345688883 348
1694357721680 0.45360419441887795 349
1694357721707 0.45305573920684816 350
1694357721742 0.4525215984416914 351
1694357721807 0.45201853298134015 352
1694357721869 0.45149612587962423 353
1694357721897 0.4509580869014772 354
1694357721928 0.45045956404700455 355
1694357721952 0.44996509734040163 356
1694357721977 0.4494432560019989 357
1694357722003 0.4489161776695074 358
1694357722028 0.44839836274297934 359
1694357722053 0.44789597376012613 360
1694357722078 0.4473952205637476 361
1694357722103 0.44690219255946756 362
1694357722129 0.4463520194551353 363
1694357722155 0.44585417463527316 364
1694357722181 0.44532768441083015 365
1694357722206 0.44482776398062146 366
1694357722230 0.44429152764760443 367
1694357722265 0.44378207099135264 368
1694357722292 0.443276205159967 369
1694357722317 0.4427918410596464 370
1694357722342 0.4422983529524621 371
1694357722368 0.44180206295884467 372
1694357722398 0.44128880926220954 373
1694357722427 0.44080191373263183 374
1694357722456 0.440303803570843 375
1694357722482 0.4398461826496817 376
1694357722509 0.43940573455436854 377
1694357722534 0.4388980178624438 378
1694357722560 0.4384236663406077 379
1694357722585 0.43796173934228627 380
1694357722612 0.4374859766337385 381
1694357722637 0.4369968398747161 382
1694357722662 0.4364962575315395 383
1694357722688 0.43601989451387096 384
1694357722714 0.4355201276761722 385
1694357722741 0.43506145757061554 386
1694357722765 0.4346277123500198 387
1694357722790 0.43415353878154656 388
1694357722842 0.4336695115136292 389
1694357722866 0.4331989839002569 390
1694357722889 0.4327590907408167 391
1694357722924 0.4322958656383368 392
1694357722950 0.43183720063286 393
1694357722975 0.43135624509666876 394
1694357723003 0.43090090974865974 395
1694357723026 0.4304273130830355 396
1694357723050 0.4299753537283053 397
1694357723076 0.4295209781841565 398
1694357723100 0.4290878826633394 399
1694357723125 0.4286302724030425 400
1694357723151 0.42817685210088585 401
1694357723177 0.427699200905405 402
1694357723202 0.42724780311015426 403
1694357723227 0.4267957171318612 404
1694357723251 0.4263763975430086 405
1694357723278 0.4259254680271605 406
1694357723302 0.4255101975618273 407
1694357723327 0.42510947386384 408
1694357723351 0.4246925596561747 409
1694357723377 0.42426976172750513 410
1694357723407 0.42382705471241805 411
1694357723436 0.42341821723651435 412
1694357723463 0.4229749932300446 413
1694357723487 0.42255722758574854 414
1694357723512 0.4221191580567516 415
1694357723536 0.42172980962497725 416
1694357723561 0.42129373790083585 417
1694357723586 0.42089227880114366 418
1694357723611 0.4204966530153545 419
1694357723636 0.42007408549782727 420
1694357723662 0.419662463157333 421
1694357723687 0.4192533287541946 422
1694357723712 0.4188525838530321 423
1694357723737 0.41844833981632445 424
1694357723762 0.4180227581977339 425
1694357723787 0.41761518982879875 426
1694357723812 0.41720646821035734 427
1694357723850 0.41679355031275567 428
1694357723942 0.41636639001026615 429
1694357723966 0.41595216334887275 430
1694357723999 0.4155368625177575 431
1694357724028 0.4151026632733426 432
1694357724053 0.41469053881256784 433
1694357724078 0.41427468774171383 434
1694357724103 0.4138853094329978 435
1694357724127 0.41347154251898877 436
1694357724154 0.4130714087476866 437
1694357724179 0.41266990525819053 438
1694357724203 0.4122413405862717 439
1694357724228 0.41183090677983747 440
1694357724258 0.41142949494598235 441
1694357724283 0.41099312846493485 442
1694357724309 0.4106017004039988 443
1694357724334 0.41017422398831177 444
1694357724358 0.40977731793073396 445
1694357724382 0.40939291496080027 446
1694357724413 0.4090337559909146 447
1694357724437 0.40863884873350587 448
1694357724460 0.40826364404265736 449
1694357724485 0.40786745168802474 450
1694357724514 0.40746403749005294 451
1694357724542 0.4070878122598804 452
1694357724565 0.40670632178505406 453
1694357724589 0.40633620627638717 454
1694357724613 0.40595090147321533 455
1694357724639 0.4055461668842983 456
1694357724664 0.4051635004820797 457
1694357724690 0.4047908828036939 458
1694357724716 0.40440701030635046 459
1694357724743 0.40403183712295593 460
1694357724769 0.4036565796426118 461
1694357724795 0.4032756875860113 462
1694357724821 0.40287885477116614 463
1694357724873 0.40249754618194117 464
1694357724898 0.40212764307589627 465
1694357724927 0.4017925629728434 466
1694357724956 0.40143558859706113 467
1694357724989 0.40107415946606156 468
1694357725012 0.4007086523937352 469
1694357725037 0.4003425253642525 470
1694357725065 0.40001626309279265 471
1694357725090 0.39963988478788887 472
1694357725116 0.39927354490808714 473
1694357725144 0.39891276407876336 474
1694357725169 0.39856234577921557 475
1694357725194 0.3981922634436928 476
1694357725220 0.39782059489859833 477
1694357725245 0.39745525534983595 478
1694357725270 0.39709268614967813 479
1694357725294 0.3967323563712272 480
1694357725321 0.3963582128767079 481
1694357725349 0.39598888172755503 482
1694357725376 0.3956171537942193 483
1694357725402 0.39528960899715443 484
1694357725440 0.3949604613135658 485
1694357725469 0.3946021132326677 486
1694357725496 0.39425898748987065 487
1694357725522 0.39389839925083747 488
1694357725549 0.39353258402926955 489
1694357725579 0.3931775944389468 490
1694357725605 0.39282724254327306 491
1694357725633 0.39249690089583594 492
1694357725661 0.3921248180704799 493
1694357725688 0.3918004673541728 494
1694357725714 0.39148077112183416 495
1694357725739 0.39116150239139896 496
1694357725766 0.39080471667862254 497
1694357725795 0.3904370306919765 498
1694357725822 0.3900832201235722 499
1694357725938 0.3900832201235722 500
