1694358042435 1.9107536336657314 0
1694358042467 1.874007197290785 1
1694358042496 1.8408203752939958 2
1694358042522 1.8091801994170673 3
1694358042547 1.7793470440929546 4
1694358042570 1.7509159892191681 5
1694358042600 1.7240237432876708 6
1694358042625 1.6983915940549559 7
1694358042649 1.6736989044148634 8
1694358042674 1.6499840599004219 9
1694358042697 1.6271171328489162 10
1694358042722 1.605186038704913 11
1694358042746 1.5838690908377284 12
1694358042771 1.5635021007710328 13
1694358042798 1.5439076638879499 14
1694358042823 1.5249148009963247 15
1694358042850 1.506215877821325 16
1694358042911 1.4882465434214533 17
1694358042935 1.4708847644810452 18
1694358042961 1.4539828656305198 19
1694358042989 1.4378115350501632 20
1694358043014 1.4216600490221543 21
1694358043039 1.406068990810297 22
1694358043065 1.3909444256121817 23
1694358043095 1.3762139887033449 24
1694358043120 1.3617786839208745 25
1694358043145 1.3475329039185158 26
1694358043170 1.3336225981288763 27
1694358043196 1.3200516090590566 28
1694358043221 1.3067962520083807 29
1694358043246 1.2940704006033523 30
1694358043296 1.2814585031362666 31
1694358043324 1.2691324582732832 32
1694358043348 1.2571036848590362 33
1694358043372 1.2453877221404428 34
1694358043398 1.2338744010566127 35
1694358043423 1.2225795938655553 36
1694358043447 1.21163489359911 37
1694358043472 1.2009261004413174 38
1694358043497 1.1903261788314679 39
1694358043527 1.1799756048445915 40
1694358043551 1.169873242359967 41
1694358043581 1.1600725502079987 42
1694358043607 1.1502895701639058 43
1694358043631 1.1406266301012435 44
1694358043656 1.1311312955131185 45
1694358043681 1.1218615164521344 46
1694358043706 1.112825051624061 47
1694358043732 1.1037909795544438 48
1694358043759 1.0950896725395456 49
1694358043784 1.0865733064735856 50
1694358043819 1.078176186327556 51
1694358043848 1.0699312968806842 52
1694358043876 1.061789171388919 53
1694358043901 1.0538399374131515 54
1694358043927 1.0460048727505615 55
1694358043954 1.0382403180704498 56
1694358043983 1.0306451808138093 57
1694358044013 1.0231105139248635 58
1694358044039 1.015775511728369 59
1694358044215 1.008568777675685 60
1694358044239 1.0014306960755204 61
1694358044264 0.9944743883363788 62
1694358044290 0.9877416285592215 63
1694358044317 0.9809894728919761 64
1694358044344 0.9744365652919433 65
1694358044395 0.9679393215711996 66
1694358044419 0.9615516254341606 67
1694358044444 0.9552586485845141 68
1694358044469 0.9490165838498811 69
1694358044496 0.9429531248680753 70
1694358044522 0.9369593936441513 71
1694358044548 0.9311283952873635 72
1694358044574 0.9252930113328819 73
1694358044605 0.9195574826154036 74
1694358044633 0.9138148856786247 75
1694358044660 0.9082031678446607 76
1694358044687 0.9027834413994447 77
1694358044713 0.8974099911279383 78
1694358044742 0.8921253374805491 79
1694358044769 0.8869419390283034 80
1694358044796 0.8818342660305158 81
1694358044823 0.8768322868814549 82
1694358044851 0.8718589178480333 83
1694358044879 0.866957286473257 84
1694358044913 0.8621287667602909 85
1694358044941 0.8573024863444441 86
1694358044968 0.8526423512841971 87
1694358044997 0.8480076543651017 88
1694358045024 0.8434152444577991 89
1694358045049 0.8388794307536895 90
1694358045078 0.834381646096191 91
1694358045105 0.8300910682455951 92
1694358045130 0.8258957698267266 93
1694358045155 0.8216506428130108 94
1694358045180 0.8174205664206012 95
1694358045206 0.8132702548323032 96
1694358045231 0.8092874265239925 97
1694358045257 0.8052752410256996 98
1694358045283 0.8013510019152635 99
1694358045334 0.7974633112042604 100
1694358045360 0.7936393721331754 101
1694358045385 0.7898856931087278 102
1694358045409 0.7861597917679694 103
1694358045440 0.7825251173312735 104
1694358045465 0.7788463559267013 105
1694358045492 0.7753042234410338 106
1694358045517 0.7717439491719389 107
1694358045543 0.768231491074755 108
1694358045569 0.7647048648688053 109
1694358045600 0.7613026142168917 110
1694358045626 0.7578876865779663 111
1694358045652 0.7545493330928492 112
1694358045678 0.7512931652775208 113
1694358045704 0.7480578430917767 114
1694358045730 0.744875673803849 115
1694358045756 0.7417046864332876 116
1694358045781 0.7386473708697439 117
1694358045808 0.7356030647272567 118
1694358045834 0.7325496452950637 119
1694358045859 0.7295805663216127 120
1694358045885 0.7265922185786461 121
1694358045911 0.7237001236610102 122
1694358045940 0.7208574760680361 123
1694358045966 0.7180423457010653 124
1694358045997 0.7152008563236603 125
1694358046024 0.7124589147300725 126
1694358046052 0.7096794644543479 127
1694358046078 0.7069576736526486 128
1694358046109 0.7042987143456446 129
1694358046219 0.7016405109529201 130
1694358046248 0.6990319771733576 131
1694358046274 0.6963885112500166 132
1694358046300 0.6938900410997052 133
1694358046325 0.6914255284360454 134
1694358046353 0.6888807693117114 135
1694358046379 0.6864080771429557 136
1694358046429 0.6839650877635816 137
1694358046453 0.6814896970496503 138
1694358046479 0.6790549523288366 139
1694358046510 0.6767246543881998 140
1694358046535 0.6743894432880336 141
1694358046561 0.6720574871644133 142
1694358046594 0.6698047152999942 143
1694358046621 0.6675445892827819 144
1694358046648 0.6652502005271725 145
1694358046675 0.6630536610330858 146
1694358046703 0.660866211265654 147
1694358046731 0.6587123818874366 148
1694358046759 0.6565749625203334 149
1694358046785 0.6544038390468844 150
1694358046815 0.652295037190664 151
1694358046843 0.650162896923598 152
1694358046874 0.6481542965123281 153
1694358046911 0.6461387043892682 154
1694358046936 0.6441221466311536 155
1694358046962 0.6420854188541204 156
1694358046986 0.6401296378944 157
1694358047012 0.6382298968544504 158
1694358047044 0.6362681806290252 159
1694358047075 0.6343904620673864 160
1694358047101 0.632479491233531 161
1694358047128 0.6305975233850214 162
1694358047154 0.6287542122226575 163
1694358047180 0.6269544428996954 164
1694358047206 0.6251394348183507 165
1694358047232 0.6233388396024563 166
1694358047258 0.6215428694618235 167
1694358047288 0.6198031509024512 168
1694358047316 0.6180127999512264 169
1694358047343 0.6163301856388279 170
1694358047393 0.6146483644679864 171
1694358047417 0.6129100964424014 172
1694358047443 0.6112434614760349 173
1694358047468 0.6095998327742863 174
1694358047495 0.6079438342615914 175
1694358047523 0.6062392994834817 176
1694358047552 0.6045733252609641 177
1694358047578 0.6029693716740568 178
1694358047610 0.6013861298923368 179
1694358047635 0.5998491954749178 180
1694358047660 0.5982973111972888 181
1694358047685 0.596768775527335 182
1694358047711 0.5951992032632251 183
1694358047736 0.5936721455682693 184
1694358047762 0.5921599270049858 185
1694358047801 0.5906695272618082 186
1694358047835 0.5892047718698927 187
1694358047860 0.5877384676687801 188
1694358047884 0.5863057510278918 189
1694358047910 0.5848439925583934 190
1694358047939 0.5834529974551285 191
1694358047966 0.5820317785458032 192
1694358047993 0.5806175038778444 193
1694358048019 0.5792159443462496 194
1694358048048 0.5778749970681964 195
1694358048081 0.5765307847423466 196
1694358048110 0.5751846719908055 197
1694358048136 0.5738270401425001 198
1694358048163 0.5724586353943993 199
1694358048191 0.5711456921622103 200
1694358048226 0.5698699235067034 201
1694358048252 0.5685552799681646 202
1694358048346 0.5672982133991059 203
1694358048369 0.5660382345893761 204
1694358048398 0.5648130319929233 205
1694358048424 0.563533790055385 206
1694358048475 0.5622492900382943 207
1694358048499 0.5609726450736646 208
1694358048524 0.5598031906286093 209
1694358048549 0.5585994489310725 210
1694358048577 0.5573608732618942 211
1694358048607 0.5561692717184448 212
1694358048636 0.5549783413781878 213
1694358048661 0.5537713041349984 214
1694358048687 0.5526164687448207 215
1694358048712 0.5514675381153256 216
1694358048738 0.5503413070118628 217
1694358048765 0.5492035798992018 218
1694358048791 0.5480850887772241 219
1694358048817 0.5469906094762793 220
1694358048846 0.545873308035108 221
1694358048873 0.5447697943764509 222
1694358048898 0.5436331921300455 223
1694358048923 0.5425396355454208 224
1694358048951 0.5414544987199312 225
1694358048976 0.5403977996578279 226
1694358049001 0.539289772623819 227
1694358049026 0.5382510545938594 228
1694358049050 0.5372423023352192 229
1694358049084 0.5362128009491327 230
1694358049111 0.5351702931279547 231
1694358049135 0.5341935780184556 232
1694358049163 0.5331284814641166 233
1694358049189 0.5321072922488629 234
1694358049214 0.5311222921201308 235
1694358049239 0.5301544794101606 236
1694358049265 0.5291575000220853 237
1694358049290 0.528198535052535 238
1694358049317 0.5272206372520349 239
1694358049343 0.5262552678861497 240
1694358049369 0.5253140147500778 241
1694358049418 0.5243472213775953 242
1694358049442 0.5234083155390195 243
1694358049468 0.522441394327026 244
1694358049493 0.5215004938164627 245
1694358049517 0.5206064173542003 246
1694358049544 0.5196513514343891 247
1694358049569 0.5187175315168986 248
1694358049599 0.5177725109131401 249
1694358049625 0.5168952986509143 250
1694358049650 0.5159560373515495 251
1694358049680 0.5150552742397626 252
1694358049704 0.5141571762660334 253
1694358049729 0.5132548088481295 254
1694358049754 0.5124099369560279 255
1694358049779 0.5115268495433483 256
1694358049805 0.5106762718574565 257
1694358049830 0.5097835462073136 258
1694358049856 0.5089421247197335 259
1694358049882 0.5081058746389705 260
1694358049912 0.5072502435222166 261
1694358049938 0.5063870603169354 262
1694358049964 0.5055583782321823 263
1694358049992 0.5047111626258438 264
1694358050020 0.5039154720566709 265
1694358050047 0.5031126051945292 266
1694358050077 0.5022811310504595 267
1694358050140 0.501465542561816 268
1694358050165 0.5006530390420564 269
1694358050190 0.49981110883163204 270
1694358050223 0.49900470164669153 271
1694358050247 0.4981988962921123 272
1694358050272 0.49741726039783074 273
1694358050297 0.4966702775936679 274
1694358050322 0.495884412498373 275
1694358050426 0.495126395877519 276
1694358050456 0.49442836850259786 277
1694358050506 0.4936885797615441 278
1694358050531 0.49292386093119117 279
1694358050556 0.49219310143194833 280
1694358050584 0.49144744705522775 281
1694358050608 0.49071546520659715 282
1694358050632 0.489957329445351 283
1694358050656 0.48923695720686455 284
1694358050681 0.488492156501595 285
1694358050707 0.48775871106709323 286
1694358050752 0.48701341760818306 287
1694358050778 0.48628599262373035 288
1694358050803 0.4855586119466716 289
1694358050828 0.4848549239426736 290
1694358050854 0.484151837189194 291
1694358050884 0.4834645303478593 292
1694358050909 0.48276269687332957 293
1694358050934 0.482072117818932 294
1694358050960 0.48137803285076325 295
1694358050986 0.48068773280538835 296
1694358051012 0.480007409535435 297
1694358051040 0.4793132341502477 298
1694358051065 0.4786324670033289 299
1694358051096 0.47793706500069266 300
1694358051121 0.4772619855173598 301
1694358051146 0.47660570440010497 302
1694358051172 0.4759529610916767 303
1694358051197 0.47528918247341956 304
1694358051223 0.4746331098231219 305
1694358051249 0.4739955943215855 306
1694358051278 0.4733438596058683 307
1694358051303 0.4727126557870358 308
1694358051327 0.4720276932744209 309
1694358051352 0.4714208894404109 310
1694358051376 0.47078972208212344 311
1694358051400 0.47016722757913537 312
1694358051450 0.46952730531137055 313
1694358051475 0.46889972392287715 314
1694358051502 0.46828182079560976 315
1694358051540 0.46768129829561156 316
1694358051563 0.4670954344342973 317
1694358051592 0.4664854582804828 318
1694358051616 0.4658800380320747 319
1694358051640 0.4652975546717197 320
1694358051664 0.4646863119843596 321
1694358051690 0.4641029718501448 322
1694358051716 0.463500964519474 323
1694358051741 0.4629267789944022 324
1694358051765 0.46234177105347857 325
1694358051794 0.4617536732199934 326
1694358051818 0.46115642269194956 327
1694358051854 0.4605412091062597 328
1694358051878 0.4599662415416246 329
1694358051904 0.459371299814299 330
1694358051929 0.45880360181146884 331
1694358051954 0.4582308922577544 332
1694358051979 0.4576910622265248 333
1694358052007 0.4570946893417735 334
1694358052033 0.4565166800272685 335
1694358052058 0.45596782584668955 336
1694358052088 0.45543512947545495 337
1694358052113 0.45487369440592 338
1694358052140 0.45427805892454404 339
1694358052165 0.45367050651231283 340
1694358052190 0.453124994956266 341
1694358052215 0.45255923417606847 342
1694358052241 0.45202397880114964 343
1694358052267 0.451484883304946 344
1694358052296 0.45094091292136695 345
1694358052324 0.4504086390746727 346
1694358052349 0.44992543578645794 347
1694358052375 0.4494005391865896 348
1694358052402 0.448882313170651 349
1694358052432 0.4483279964098362 350
1694358052460 0.44778606818825906 351
1694358052572 0.44724872248106046 352
1694358052604 0.44669207497346614 353
1694358052628 0.4461806914323011 354
1694358052652 0.4456599292999645 355
1694358052676 0.4451280399919289 356
1694358052701 0.4446033541776876 357
1694358052726 0.44407936604611686 358
1694358052750 0.4435601828217752 359
1694358052775 0.4430377431375987 360
1694358052800 0.4425028819480461 361
1694358052826 0.4420175681122494 362
1694358052857 0.44148763522109197 363
1694358052882 0.44099715083314156 364
1694358052907 0.4404936348725312 365
1694358052932 0.43999165201138224 366
1694358052957 0.4394618176413901 367
1694358052981 0.43896231857236845 368
1694358053008 0.4384698308446363 369
1694358053032 0.4379743122073891 370
1694358053057 0.4374708301418591 371
1694358053086 0.43696813408394786 372
1694358053115 0.4364720693538344 373
1694358053140 0.43596619144271753 374
1694358053165 0.4354724736210259 375
1694358053189 0.43502215394457827 376
1694358053215 0.43451204245847636 377
1694358053239 0.4340114984055736 378
1694358053265 0.4335318509426585 379
1694358053290 0.4330335354269183 380
1694358053314 0.43258054899654086 381
1694358053339 0.43209018930758636 382
1694358053365 0.431604925547512 383
1694358053394 0.4311529053057795 384
1694358053418 0.43072373718631723 385
1694358053444 0.4302322101565132 386
1694358053493 0.4297741724529394 387
1694358053518 0.42930668209985573 388
1694358053542 0.4288336037960917 389
1694358053566 0.42839700604787795 390
1694358053594 0.4279768449194068 391
1694358053624 0.427500173933346 392
1694358053648 0.42705116999357456 393
1694358053673 0.42658721642971914 394
1694358053698 0.4261218018353434 395
1694358053723 0.4256735477853474 396
1694358053748 0.4252070008480928 397
1694358053774 0.4247348465733667 398
1694358053802 0.42428108227548833 399
1694358053829 0.4238334850284634 400
1694358053856 0.42342624932597345 401
1694358053881 0.4229596513161635 402
1694358053906 0.42251427300080097 403
1694358053934 0.42209698065889206 404
1694358053959 0.4216696478709452 405
1694358053984 0.4211742556492681 406
1694358054010 0.4207371893096131 407
1694358054035 0.4202894684391113 408
1694358054061 0.4198689489889177 409
1694358054091 0.41942226915366976 410
1694358054115 0.4190112704438644 411
1694358054141 0.41858423064610706 412
1694358054168 0.4181449452040041 413
1694358054191 0.41772713838135966 414
1694358054214 0.4173082062722675 415
1694358054238 0.4168965574604793 416
1694358054263 0.4164878469547352 417
1694358054288 0.41606342988519057 418
1694358054314 0.41560189690522276 419
1694358054340 0.4151584178526747 420
1694358054364 0.41474036863298547 421
1694358054389 0.4143680455634211 422
1694358054416 0.41394607259342814 423
1694358054441 0.41353623402843454 424
1694358054469 0.413124411228452 425
1694358054494 0.412728550908903 426
1694358054518 0.4123494909938905 427
1694358054543 0.41191653117190546 428
1694358054667 0.41151847505099237 429
1694358054693 0.4111142431468949 430
1694358054717 0.41070879682721323 431
1694358054742 0.4103020135182285 432
1694358054767 0.4098951232557579 433
1694358054792 0.40944218840436725 434
1694358054816 0.4090310226379965 435
1694358054842 0.40861796239145737 436
1694358054867 0.408239007809852 437
1694358054892 0.407835888782006 438
1694358054916 0.40745503409567185 439
1694358054944 0.40707037213597147 440
1694358054972 0.406666945211105 441
1694358054999 0.4062528657998414 442
1694358055025 0.4058555865797662 443
1694358055050 0.40544263479445103 444
1694358055079 0.40507727700868895 445
1694358055104 0.4046873960076595 446
1694358055129 0.4043045782965463 447
1694358055152 0.4039159884215812 448
1694358055177 0.4034875889486613 449
1694358055205 0.4031095036327803 450
1694358055229 0.40271470949957344 451
1694358055255 0.40232751089840946 452
1694358055280 0.4019602818713306 453
1694358055307 0.40159686677102685 454
1694358055331 0.4012016294225929 455
1694358055356 0.40082909175149284 456
1694358055380 0.4004570177316916 457
1694358055406 0.4000774407274955 458
1694358055430 0.3997231540241348 459
1694358055454 0.3993585168531017 460
1694358055506 0.3989893028780901 461
1694358055531 0.39861921300748504 462
1694358055561 0.3982294335325274 463
1694358055594 0.3978811407418226 464
1694358055619 0.39749531218695816 465
1694358055644 0.3971235598382528 466
1694358055670 0.3967543231157674 467
1694358055694 0.39637496570342073 468
1694358055718 0.3960173424320967 469
1694358055743 0.39568378806265 470
1694358055768 0.39531350604094134 471
1694358055791 0.39496607553868335 472
1694358055816 0.3946269990095064 473
1694358055842 0.39425722573104227 474
1694358055878 0.39390953383670196 475
1694358055903 0.39358643165469787 476
1694358055927 0.39325767929294503 477
1694358055952 0.39291391400322123 478
1694358055978 0.39254906385001176 479
1694358056002 0.3922029751074782 480
1694358056030 0.3918479701582854 481
1694358056058 0.3915017901161655 482
1694358056081 0.3911724332505447 483
1694358056113 0.39082840751306336 484
1694358056137 0.39047380478803795 485
1694358056162 0.390116380509742 486
1694358056186 0.38976673085755 487
1694358056211 0.38942017440156607 488
1694358056236 0.38908937461573506 489
1694358056260 0.38874671905642283 490
1694358056285 0.3884047021909166 491
1694358056311 0.38808299049146555 492
1694358056336 0.38775357952936007 493
1694358056502 0.3874189017453508 494
1694358056708 0.38707404767418224 495
1694358056771 0.38673806354350254 496
1694358056795 0.38639127849915345 497
1694358056818 0.38610097591239007 498
1694358056845 0.38578550334168027 499
1694358056952 0.38578550334168027 500
