1694356672407 1.9107536336657314 0
1694356672440 1.874007197290785 1
1694356672470 1.8408203752939953 2
1694356672499 1.8091801994170673 3
1694356672522 1.7793470440929542 4
1694356672590 1.7509159892191681 5
1694356672617 1.7240237432876706 6
1694356672651 1.6983915940549559 7
1694356672677 1.6736989044148636 8
1694356672705 1.6499840599004219 9
1694356672730 1.6271171328489162 10
1694356672755 1.605186038704913 11
1694356672780 1.5838690908377289 12
1694356672807 1.5635021007710328 13
1694356672845 1.5439076638879499 14
1694356672929 1.5249148009963247 15
1694356672953 1.506215877821325 16
1694356672983 1.4882465434214531 17
1694356673007 1.470884764481045 18
1694356673031 1.45398286563052 19
1694356673059 1.4378115350501632 20
1694356673091 1.4216600490221543 21
1694356673119 1.406068990810297 22
1694356673156 1.3909444256121817 23
1694356673183 1.3762139887033447 24
1694356673207 1.3617786839208745 25
1694356673234 1.3475329039185153 26
1694356673261 1.3336225981288763 27
1694356673286 1.3200516090590566 28
1694356673311 1.3067962520083807 29
1694356673341 1.2940704006033523 30
1694356673365 1.2814585031362666 31
1694356673393 1.2691324582732832 32
1694356673418 1.2571036848590362 33
1694356673444 1.2453877221404428 34
1694356673469 1.2338744010566127 35
1694356673498 1.2225795938655553 36
1694356673526 1.21163489359911 37
1694356673552 1.2009261004413174 38
1694356673577 1.1903261788314679 39
1694356673610 1.1799756048445915 40
1694356673635 1.169873242359967 41
1694356673660 1.160072550207999 42
1694356673685 1.1502895701639058 43
1694356673711 1.1406266301012435 44
1694356673738 1.1311312955131185 45
1694356673768 1.1218615164521346 46
1694356673795 1.112825051624061 47
1694356673822 1.1037909795544438 48
1694356673851 1.0950896725395454 49
1694356673882 1.0865733064735856 50
1694356673909 1.078176186327556 51
1694356673961 1.0699312968806842 52
1694356673986 1.061789171388919 53
1694356674010 1.0538399374131515 54
1694356674036 1.0460048727505613 55
1694356674064 1.0382403180704498 56
1694356674098 1.0306451808138093 57
1694356674126 1.0231105139248635 58
1694356674152 1.0157755117283689 59
1694356674178 1.0085687776756849 60
1694356674203 1.0014306960755204 61
1694356674230 0.9944743883363788 62
1694356674257 0.9877416285592215 63
1694356674287 0.9809894728919761 64
1694356674315 0.9744365652919433 65
1694356674361 0.9679393215711996 66
1694356674444 0.9615516254341605 67
1694356674468 0.9552586485845141 68
1694356674496 0.9490165838498811 69
1694356674520 0.9429531248680749 70
1694356674546 0.9369593936441513 71
1694356674598 0.9311283952873635 72
1694356674623 0.9252930113328818 73
1694356674647 0.9195574826154036 74
1694356674673 0.9138148856786243 75
1694356674702 0.9082031678446607 76
1694356674728 0.9027834413994449 77
1694356674753 0.8974099911279383 78
1694356674782 0.8921253374805491 79
1694356674809 0.8869419390283036 80
1694356674834 0.8818342660305161 81
1694356674860 0.8768322868814546 82
1694356674888 0.8718589178480334 83
1694356674917 0.866957286473257 84
1694356674943 0.8621287667602909 85
1694356674970 0.8573024863444441 86
1694356674998 0.8526423512841971 87
1694356675024 0.8480076543651018 88
1694356675050 0.8434152444577991 89
1694356675077 0.8388794307536895 90
1694356675110 0.834381646096191 91
1694356675140 0.8300910682455952 92
1694356675166 0.8258957698267266 93
1694356675195 0.821650642813011 94
1694356675281 0.8174205664206012 95
1694356675317 0.8132702548323032 96
1694356675346 0.8092874265239922 97
1694356675386 0.8052752410256996 98
1694356675411 0.8013510019152635 99
1694356675444 0.7974633112042602 100
1694356675471 0.7936393721331755 101
1694356675497 0.7898856931087278 102
1694356675935 0.7861597917679694 103
1694356675986 0.7825251173312735 104
1694356676010 0.7788463559267013 105
1694356676038 0.7753042234410338 106
1694356676063 0.7717439491719389 107
1694356676090 0.768231491074755 108
1694356676116 0.7647048648688053 109
1694356676153 0.7613026142168918 110
1694356676185 0.7578876865779663 111
1694356676211 0.7545493330928492 112
1694356676243 0.7512931652775209 113
1694356676269 0.7480578430917769 114
1694356676296 0.744875673803849 115
1694356676325 0.7417046864332876 116
1694356676351 0.7386473708697439 117
1694356676660 0.7356030647272567 118
1694356676708 0.7325496452950637 119
1694356676734 0.7295805663216127 120
1694356676760 0.7265922185786461 121
1694356676785 0.7237001236610104 122
1694356676814 0.7208574760680361 123
1694356676843 0.7180423457010653 124
1694356676881 0.7152008563236603 125
1694356676905 0.7124589147300723 126
1694356676931 0.7096794644543479 127
1694356676967 0.7069576736526485 128
1694356676999 0.7042987143456446 129
1694356677026 0.7016405109529201 130
1694356677052 0.6990319771733576 131
1694356677078 0.6963885112500164 132
1694356677105 0.6938900410997053 133
1694356677130 0.6914255284360455 134
1694356677189 0.6888807693117114 135
1694356677219 0.6864080771429557 136
1694356677244 0.6839650877635816 137
1694356677272 0.6814896970496503 138
1694356677301 0.6790549523288366 139
1694356677326 0.6767246543881997 140
1694356677351 0.6743894432880337 141
1694356677376 0.6720574871644133 142
1694356677402 0.6698047152999941 143
1694356677433 0.6675445892827818 144
1694356677459 0.6652502005271725 145
1694356677486 0.6630536610330858 146
1694356677513 0.6608662112656541 147
1694356677562 0.6587123818874366 148
1694356677587 0.6565749625203335 149
1694356677615 0.6544038390468845 150
1694356677643 0.6522950371906638 151
1694356677668 0.650162896923598 152
1694356677697 0.6481542965123281 153
1694356677724 0.6461387043892682 154
1694356677757 0.6441221466311537 155
1694356677817 0.6420854188541205 156
1694356677855 0.6401296378944 157
1694356677881 0.6382298968544503 158
1694356677911 0.6362681806290252 159
1694356677941 0.6343904620673864 160
1694356677968 0.632479491233531 161
1694356678221 0.6305975233850213 162
1694356678254 0.6287542122226574 163
1694356678281 0.6269544428996954 164
1694356678311 0.6251394348183507 165
1694356678337 0.6233388396024563 166
1694356678363 0.6215428694618235 167
1694356678389 0.6198031509024512 168
1694356678420 0.6180127999512265 169
1694356678606 0.6163301856388279 170
1694356678788 0.6146483644679864 171
1694356678813 0.6129100964424014 172
1694356678839 0.6112434614760351 173
1694356678870 0.6095998327742862 174
1694356678896 0.6079438342615913 175
1694356678921 0.6062392994834815 176
1694356678947 0.6045733252609641 177
1694356678973 0.6029693716740568 178
1694356679000 0.6013861298923368 179
1694356679025 0.5998491954749178 180
1694356679055 0.5982973111972887 181
1694356679081 0.596768775527335 182
1694356679107 0.5951992032632251 183
1694356679138 0.5936721455682693 184
1694356679164 0.5921599270049857 185
1694356679190 0.5906695272618081 186
1694356679235 0.5892047718698928 187
1694356679265 0.5877384676687801 188
1694356679294 0.5863057510278918 189
1694356679325 0.5848439925583934 190
1694356679348 0.5834529974551285 191
1694356679373 0.5820317785458033 192
1694356679399 0.5806175038778444 193
1694356679431 0.5792159443462496 194
1694356679467 0.5778749970681964 195
1694356679491 0.5765307847423466 196
1694356679529 0.5751846719908054 197
1694356679555 0.5738270401425001 198
1694356679584 0.5724586353943993 199
1694356679610 0.5711456921622103 200
1694356679635 0.5698699235067034 201
1694356679921 0.5685552799681647 202
1694356679947 0.567298213399106 203
1694356679973 0.5660382345893761 204
1694356679997 0.5648130319929233 205
1694356680063 0.563533790055385 206
1694356680087 0.5622492900382943 207
1694356680113 0.5609726450736646 208
1694356680154 0.5598031906286093 209
1694356680182 0.5585994489310725 210
1694356680213 0.5573608732618942 211
1694356680238 0.5561692717184448 212
1694356680264 0.5549783413781879 213
1694356680293 0.5537713041349983 214
1694356680318 0.5526164687448208 215
1694356680345 0.5514675381153255 216
1694356680374 0.5503413070118628 217
1694356680408 0.5492035798992019 218
1694356680434 0.5480850887772241 219
1694356680459 0.5469906094762793 220
1694356680489 0.5458733080351083 221
1694356680514 0.5447697943764508 222
1694356680540 0.5436331921300455 223
1694356680566 0.5425396355454208 224
1694356680623 0.5414544987199313 225
1694356680770 0.5403977996578279 226
1694356680943 0.539289772623819 227
1694356680968 0.5382510545938594 228
1694356680992 0.5372423023352192 229
1694356681018 0.5362128009491326 230
1694356681044 0.5351702931279547 231
1694356681067 0.5341935780184556 232
1694356681093 0.5331284814641165 233
1694356681119 0.5321072922488628 234
1694356681145 0.531122292120131 235
1694356681186 0.5301544794101608 236
1694356681213 0.5291575000220854 237
1694356681243 0.5281985350525351 238
1694356681267 0.5272206372520349 239
1694356681292 0.5262552678861497 240
1694356681317 0.5253140147500778 241
1694356681348 0.5243472213775952 242
1694356681373 0.5234083155390195 243
1694356681403 0.5224413943270261 244
1694356681430 0.5215004938164627 245
1694356681457 0.5206064173542003 246
1694356681483 0.5196513514343891 247
1694356681507 0.5187175315168985 248
1694356681532 0.5177725109131401 249
1694356681558 0.5168952986509143 250
1694356681585 0.5159560373515494 251
1694356681610 0.5150552742397627 252
1694356681637 0.5141571762660334 253
1694356681663 0.5132548088481296 254
1694356681690 0.512409936956028 255
1694356681752 0.5115268495433483 256
1694356681784 0.5106762718574565 257
1694356681837 0.5097835462073136 258
1694356681870 0.5089421247197335 259
1694356681903 0.5081058746389705 260
1694356681934 0.5072502435222166 261
1694356681962 0.5063870603169354 262
1694356681998 0.5055583782321823 263
1694356682026 0.5047111626258438 264
1694356682052 0.5039154720566709 265
1694356682104 0.5031126051945292 266
1694356682139 0.5022811310504595 267
1694356682165 0.501465542561816 268
1694356682447 0.5006530390420564 269
1694356682471 0.499811108831632 270
1694356682498 0.49900470164669164 271
1694356682523 0.49819889629211234 272
1694356682548 0.49741726039783074 273
1694356682572 0.4966702775936679 274
1694356682598 0.49588441249837306 275
1694356682624 0.4951263958775191 276
1694356682650 0.49442836850259786 277
1694356682676 0.4936885797615441 278
1694356682706 0.49292386093119117 279
1694356682793 0.4921931014319483 280
1694356682847 0.49144744705522775 281
1694356682873 0.4907154652065971 282
1694356682900 0.48995732944535103 283
1694356682929 0.48923695720686455 284
1694356682956 0.48849215650159494 285
1694356682982 0.4877587110670933 286
1694356683026 0.48701341760818295 287
1694356683052 0.48628599262373035 288
1694356683080 0.48555861194667155 289
1694356683104 0.48485492394267365 290
1694356683129 0.4841518371891941 291
1694356683153 0.4834645303478593 292
1694356683179 0.48276269687332957 293
1694356683207 0.482072117818932 294
1694356683232 0.4813780328507633 295
1694356683257 0.48068773280538835 296
1694356683282 0.480007409535435 297
1694356683308 0.47931323415024757 298
1694356683335 0.47863246700332884 299
1694356683360 0.47793706500069266 300
1694356683386 0.4772619855173598 301
1694356683412 0.47660570440010497 302
1694356683442 0.4759529610916767 303
1694356683468 0.47528918247341956 304
1694356683497 0.4746331098231219 305
1694356683526 0.4739955943215856 306
1694356683552 0.4733438596058681 307
1694356683578 0.47271265578703575 308
1694356683604 0.47202769327442085 309
1694356683631 0.4714208894404109 310
1694356683657 0.4707897220821235 311
1694356683683 0.47016722757913537 312
1694356683709 0.4695273053113706 313
1694356683736 0.4688997239228772 314
1694356683762 0.46828182079560976 315
1694356683790 0.46768129829561145 316
1694356683816 0.4670954344342973 317
1694356683844 0.46648545828048293 318
1694356683882 0.4658800380320747 319
1694356683908 0.46529755467171974 320
1694356683935 0.4646863119843596 321
1694356683972 0.4641029718501448 322
1694356684005 0.463500964519474 323
1694356684031 0.46292677899440215 324
1694356684067 0.46234177105347857 325
1694356684095 0.4617536732199934 326
1694356684145 0.46115642269194956 327
1694356684168 0.46054120910625956 328
1694356684192 0.4599662415416246 329
1694356684216 0.4593712998142989 330
1694356684242 0.4588036018114689 331
1694356684266 0.4582308922577544 332
1694356684292 0.4576910622265248 333
1694356684317 0.45709468934177355 334
1694356684342 0.4565166800272685 335
1694356684366 0.45596782584668955 336
1694356684393 0.45543512947545495 337
1694356684417 0.45487369440592 338
1694356684441 0.4542780589245442 339
1694356684466 0.45367050651231283 340
1694356684496 0.453124994956266 341
1694356684522 0.45255923417606847 342
1694356684547 0.45202397880114964 343
1694356684571 0.45148488330494607 344
1694356684596 0.45094091292136695 345
1694356684621 0.4504086390746727 346
1694356684646 0.44992543578645794 347
1694356684670 0.4494005391865896 348
1694356684694 0.448882313170651 349
1694356684719 0.4483279964098362 350
1694356684745 0.44778606818825906 351
1694356684794 0.44724872248106046 352
1694356684822 0.44669207497346614 353
1694356684949 0.4461806914323011 354
1694356684974 0.44565992929996456 355
1694356684999 0.4451280399919289 356
1694356685023 0.44460335417768765 357
1694356685053 0.44407936604611686 358
1694356685092 0.4435601828217752 359
1694356685116 0.4430377431375987 360
1694356685174 0.4425028819480461 361
1694356685213 0.44201756811224935 362
1694356685238 0.44148763522109197 363
1694356685266 0.44099715083314156 364
1694356685510 0.4404936348725312 365
1694356685567 0.43999165201138213 366
1694356685592 0.4394618176413901 367
1694356685616 0.43896231857236845 368
1694356685648 0.4384698308446364 369
1694356685675 0.4379743122073891 370
1694356686082 0.4374708301418592 371
1694356686115 0.43696813408394786 372
1694356686168 0.43647206935383437 373
1694356686193 0.43596619144271753 374
1694356686216 0.435472473621026 375
1694356686251 0.4350221539445782 376
1694356686284 0.43451204245847636 377
1694356686309 0.43401149840557357 378
1694356686340 0.4335318509426585 379
1694356686364 0.43303353542691825 380
1694356686396 0.43258054899654086 381
1694356686420 0.43209018930758636 382
1694356686445 0.43160492554751184 383
1694356686563 0.4311529053057795 384
1694356686818 0.4307237371863173 385
1694356686874 0.4302322101565132 386
1694356686910 0.4297741724529395 387
1694356687029 0.4293066820998556 388
1694356687066 0.42883360379609176 389
1694356687098 0.42839700604787795 390
1694356687126 0.4279768449194068 391
1694356687155 0.427500173933346 392
1694356687188 0.42705116999357456 393
1694356687213 0.42658721642971914 394
1694356687237 0.42612180183534326 395
1694356687266 0.4256735477853474 396
1694356687294 0.4252070008480928 397
1694356687322 0.4247348465733667 398
1694356687346 0.42428108227548833 399
1694356687376 0.4238334850284634 400
1694356687406 0.4234262493259734 401
1694356687435 0.4229596513161635 402
1694356687464 0.42251427300080086 403
1694356687495 0.42209698065889206 404
1694356687525 0.4216696478709452 405
1694356687554 0.4211742556492681 406
1694356687579 0.420737189309613 407
1694356687609 0.4202894684391113 408
1694356687633 0.4198689489889177 409
1694356687658 0.41942226915366965 410
1694356687686 0.4190112704438643 411
1694356687716 0.41858423064610706 412
1694356687746 0.418144945204004 413
1694356687774 0.41772713838135955 414
1694356687799 0.4173082062722675 415
1694356687829 0.4168965574604793 416
1694356687853 0.41648784695473523 417
1694356687879 0.41606342988519057 418
1694356687904 0.41560189690522276 419
1694356687929 0.4151584178526747 420
1694356687955 0.4147403686329855 421
1694356687979 0.4143680455634211 422
1694356688055 0.41394607259342814 423
1694356688085 0.4135362340284345 424
1694356688111 0.413124411228452 425
1694356688138 0.4127285509089029 426
1694356688163 0.4123494909938905 427
1694356688216 0.41191653117190546 428
1694356688243 0.41151847505099237 429
1694356688387 0.4111142431468949 430
1694356688554 0.4107087968272132 431
1694356688583 0.41030201351822854 432
1694356688614 0.40989512325575783 433
1694356688638 0.40944218840436725 434
1694356688663 0.4090310226379965 435
1694356688690 0.4086179623914574 436
1694356688714 0.408239007809852 437
1694356688738 0.40783588878200594 438
1694356688768 0.40745503409567185 439
1694356688798 0.4070703721359714 440
1694356688852 0.4066669452111051 441
1694356688881 0.4062528657998414 442
1694356688908 0.4058555865797662 443
1694356688937 0.40544263479445103 444
1694356688961 0.40507727700868895 445
1694356688985 0.40468739600765957 446
1694356689024 0.4043045782965464 447
1694356689053 0.40391598842158116 448
1694356689105 0.40348758894866144 449
1694356689142 0.4031095036327804 450
1694356689191 0.40271470949957344 451
1694356689226 0.40232751089840946 452
1694356689250 0.4019602818713306 453
1694356689277 0.40159686677102685 454
1694356689301 0.4012016294225929 455
1694356689326 0.40082909175149284 456
1694356689350 0.4004570177316916 457
1694356689377 0.4000774407274955 458
1694356689402 0.3997231540241348 459
1694356689428 0.39935851685310175 460
1694356689453 0.3989893028780901 461
1694356689476 0.39861921300748504 462
1694356689501 0.3982294335325273 463
1694356689555 0.3978811407418226 464
1694356689580 0.39749531218695805 465
1694356689606 0.39712355983825276 466
1694356689634 0.3967543231157674 467
1694356689658 0.39637496570342073 468
1694356689694 0.39601734243209663 469
1694356689721 0.3956837880626501 470
1694356689759 0.39531350604094123 471
1694356689788 0.39496607553868335 472
1694356689813 0.39462699900950626 473
1694356689838 0.39425722573104227 474
1694356689864 0.39390953383670185 475
1694356689890 0.39358643165469775 476
1694356689915 0.39325767929294503 477
1694356689939 0.39291391400322123 478
1694356689963 0.39254906385001176 479
1694356689988 0.3922029751074783 480
1694356690019 0.3918479701582854 481
1694356690046 0.3915017901161655 482
1694356690072 0.3911724332505447 483
1694356690101 0.39082840751306336 484
1694356690129 0.3904738047880379 485
1694356690173 0.390116380509742 486
1694356690197 0.38976673085755 487
1694356690246 0.38942017440156607 488
1694356690269 0.38908937461573495 489
1694356690294 0.3887467190564229 490
1694356690319 0.3884047021909166 491
1694356690353 0.3880829904914655 492
1694356690390 0.38775357952935996 493
1694356690418 0.3874189017453508 494
1694356690447 0.38707404767418224 495
1694356690471 0.38673806354350254 496
1694356690496 0.38639127849915345 497
1694356690526 0.38610097591239007 498
1694356690553 0.38578550334168016 499
1694356690665 0.38578550334168016 500
