1694360420519 1.9112559708306016 0
1694360420556 1.874921114145196 1
1694360420593 1.8420563924212048 2
1694360420618 1.8104302335875366 3
1694360420651 1.7807909723099322 4
1694360420675 1.7523693454119456 5
1694360420701 1.7256789309932485 6
1694360420726 1.7002696761228009 7
1694360420750 1.675533048762924 8
1694360420806 1.652075670673125 9
1694360420830 1.62929157105139 10
1694360420855 1.6075080341345855 11
1694360420928 1.5863146803010502 12
1694360420952 1.565990996771489 13
1694360420976 1.5463117985547978 14
1694360421005 1.5274009805526911 15
1694360421031 1.5087165595684282 16
1694360421058 1.4908607470585264 17
1694360421083 1.4735261253239047 18
1694360421108 1.4565848639000682 19
1694360421136 1.4405003527272324 20
1694360421160 1.4244690709162704 21
1694360421185 1.4089654058178318 22
1694360421209 1.3938859672965624 23
1694360421236 1.3790751474994862 24
1694360421261 1.364702393145773 25
1694360421286 1.3505486792144346 26
1694360421311 1.33662319411213 27
1694360421335 1.3230397452074953 28
1694360421361 1.3099312423843747 29
1694360421388 1.2972204328005554 30
1694360421413 1.2846402468952054 31
1694360421445 1.272290509675846 32
1694360421474 1.2603801393942364 33
1694360421528 1.2486699404780877 34
1694360421553 1.237214589884323 35
1694360421578 1.2259230816822837 36
1694360421658 1.2149289440079014 37
1694360421686 1.2042898355630152 38
1694360421740 1.1937752305110656 39
1694360421766 1.1833800736601563 40
1694360421790 1.1731959330819481 41
1694360421818 1.1634330402767596 42
1694360421844 1.153603549990022 43
1694360421869 1.144027150281406 44
1694360421895 1.1346302145200975 45
1694360421939 1.1253626972579254 46
1694360421965 1.1163356366020276 47
1694360421990 1.1073460967606459 48
1694360422015 1.098695684580064 49
1694360422042 1.0901929249927578 50
1694360422071 1.081899613805843 51
1694360422098 1.0736837106364574 52
1694360422124 1.0656240754984876 53
1694360422149 1.0577601491515782 54
1694360422175 1.0500078982901229 55
1694360422201 1.042295372382858 56
1694360422226 1.0347983948969228 57
1694360422252 1.0273136257954323 58
1694360422277 1.0199992935902626 59
1694360422303 1.0128580827274436 60
1694360422329 1.0057898373571295 61
1694360422359 0.9988779247605227 62
1694360422386 0.9921373822529641 63
1694360422416 0.9853346129458661 64
1694360422445 0.9788019473556858 65
1694360422471 0.9723358387153778 66
1694360422501 0.9659981039660447 67
1694360422529 0.9598126508969407 68
1694360422558 0.9537381903550085 69
1694360422585 0.947699675746616 70
1694360422613 0.9417380870511188 71
1694360422641 0.9357912876929957 72
1694360422669 0.9300171780927167 73
1694360422696 0.9242615469747087 74
1694360422723 0.9186106838544418 75
1694360422752 0.9129957036630951 76
1694360422781 0.9076192738170239 77
1694360422839 0.9022719175852614 78
1694360422866 0.8969984070210647 79
1694360422892 0.891832994982057 80
1694360422925 0.886750807241524 81
1694360422950 0.8817336850953323 82
1694360422978 0.8767487157345409 83
1694360423006 0.8719152013705103 84
1694360423033 0.8670866270438045 85
1694360423059 0.8622621853665896 86
1694360423087 0.8576276090928977 87
1694360423111 0.8530637179395251 88
1694360423136 0.8485400404949354 89
1694360423162 0.844028549665568 90
1694360423200 0.8396225898511278 91
1694360423225 0.8353314226732471 92
1694360423249 0.8311089869650063 93
1694360423275 0.8268689724434504 94
1694360423302 0.8226805539300933 95
1694360423329 0.8185501604076555 96
1694360423354 0.8146285795827596 97
1694360423379 0.8107224423052755 98
1694360423412 0.8067542038378359 99
1694360423442 0.8028752058238998 100
1694360423468 0.7990225455297728 101
1694360423493 0.7952939324620671 102
1694360423522 0.7915306130605368 103
1694360423573 0.7878732231737855 104
1694360423598 0.7842382921348013 105
1694360423623 0.7807343658304232 106
1694360423652 0.777233779571029 107
1694360423679 0.7736581249297602 108
1694360423706 0.7701606009516035 109
1694360423739 0.7667609167130939 110
1694360423768 0.7633508932172709 111
1694360423833 0.7600510589339327 112
1694360423884 0.7568531233444967 113
1694360423912 0.7536200176824698 114
1694360423943 0.7504124382718063 115
1694360423970 0.7473337738634885 116
1694360423996 0.7442834496019184 117
1694360424027 0.7411767466462389 118
1694360424053 0.7381648847647838 119
1694360424079 0.7352009644431341 120
1694360424107 0.7322262399404028 121
1694360424133 0.7293624113497014 122
1694360424165 0.7264583545316339 123
1694360424191 0.7235956755330186 124
1694360424217 0.7207688382904404 125
1694360424243 0.717961342586622 126
1694360424269 0.7152436811533368 127
1694360424295 0.7125007816796027 128
1694360424321 0.7098449726279864 129
1694360424347 0.707123982946933 130
1694360424374 0.7044975852274138 131
1694360424401 0.7019220222101109 132
1694360424432 0.6994692036142657 133
1694360424458 0.6969150422911224 134
1694360424488 0.6944422178426597 135
1694360424517 0.6919668200599238 136
1694360424542 0.6895271801784569 137
1694360424569 0.6870524320862772 138
1694360424596 0.6846650012560627 139
1694360424622 0.682275752316789 140
1694360424648 0.6799266362424146 141
1694360424686 0.6776454370330645 142
1694360424712 0.6753625713326082 143
1694360424737 0.6731398303975977 144
1694360424763 0.6709290886391948 145
1694360424789 0.6688034194643652 146
1694360424817 0.6665719575528996 147
1694360424873 0.6643957307316107 148
1694360424929 0.6622870997826421 149
1694360424959 0.6601633569159743 150
1694360424985 0.6580937736518693 151
1694360425010 0.6560681738653613 152
1694360425037 0.6540939409467351 153
1694360425064 0.6520526942572249 154
1694360425089 0.6500386087402854 155
1694360425117 0.6480602383838054 156
1694360425145 0.646106449590132 157
1694360425171 0.6442097554193374 158
1694360425197 0.6422849679085009 159
1694360425223 0.6403848467772943 160
1694360425256 0.6384494477247251 161
1694360425282 0.6365760892744141 162
1694360425307 0.6347001687465283 163
1694360425332 0.6328998491099482 164
1694360425360 0.6311201140873586 165
1694360425386 0.6293398032137479 166
1694360425411 0.6275971798696552 167
1694360425441 0.6258514099339292 168
1694360425469 0.6240755896748768 169
1694360425494 0.6224013801893988 170
1694360425525 0.6207222727749102 171
1694360425550 0.6190475751630488 172
1694360425602 0.617387877917698 173
1694360425626 0.6157104430578121 174
1694360425653 0.6140498341843574 175
1694360425678 0.6124206272554881 176
1694360425706 0.610755476447719 177
1694360425733 0.6091308009445936 178
1694360425759 0.6075354866770443 179
1694360425784 0.6059750384545838 180
1694360425811 0.6044278559475651 181
1694360425837 0.602886229295652 182
1694360425864 0.6013594708408717 183
1694360425902 0.5998471013510986 184
1694360425969 0.5983763356889927 185
1694360426015 0.5968529243943451 186
1694360426047 0.5953725929270506 187
1694360426074 0.5939286974172128 188
1694360426106 0.5924354874478625 189
1694360426134 0.5910149026005124 190
1694360426161 0.5895384854500432 191
1694360426186 0.5881343713812032 192
1694360426211 0.5867425213673623 193
1694360426236 0.5853260347320792 194
1694360426262 0.5839251054327644 195
1694360426288 0.5825971516403678 196
1694360426312 0.5812611622936026 197
1694360426337 0.5799365182128259 198
1694360426363 0.5786244752519232 199
1694360426388 0.5773046464878712 200
1694360426419 0.576008397774052 201
1694360426445 0.5746532741883099 202
1694360426470 0.5733723143404679 203
1694360426496 0.5720661789172963 204
1694360426523 0.5708094829103985 205
1694360426549 0.5695910890743053 206
1694360426577 0.5683539314143063 207
1694360426604 0.5671148670416746 208
1694360426630 0.5659068780209169 209
1694360426655 0.5647055629206401 210
1694360426682 0.5635100725348278 211
1694360426708 0.5623114964917549 212
1694360426734 0.5611528872481564 213
1694360426759 0.559969931301887 214
1694360426786 0.5588173328710199 215
1694360426815 0.5576865712604022 216
1694360426840 0.5565532071516802 217
1694360426870 0.5554003748159918 218
1694360426940 0.5542775267746635 219
1694360426964 0.5531751655341871 220
1694360426989 0.5520983434743889 221
1694360427016 0.5509551570222407 222
1694360427042 0.5498688900596286 223
1694360427067 0.5487982125466155 224
1694360427094 0.547746339094922 225
1694360427123 0.5466571994033567 226
1694360427149 0.5455365280211433 227
1694360427178 0.5445206470995766 228
1694360427218 0.5434705882951936 229
1694360427245 0.5424239241166302 230
1694360427272 0.5414236188363393 231
1694360427300 0.5404580974053402 232
1694360427326 0.5394422537975574 233
1694360427353 0.5384672039145212 234
1694360427380 0.5374693699427042 235
1694360427412 0.536498727759355 236
1694360427439 0.5355019797969492 237
1694360427466 0.5345267312155079 238
1694360427492 0.533527161833211 239
1694360427523 0.5325912114986733 240
1694360427551 0.5316279658276717 241
1694360427576 0.5307056508966685 242
1694360427603 0.529774763037218 243
1694360427652 0.5288412700927513 244
1694360427676 0.527896038394233 245
1694360427701 0.5269403661725783 246
1694360427726 0.5260484848436727 247
1694360427752 0.5251237854541525 248
1694360427779 0.5242335255507294 249
1694360427804 0.5233121360327386 250
1694360427830 0.5224021622854949 251
1694360427857 0.521496658746834 252
1694360427882 0.5206498740529405 253
1694360427907 0.519756101587746 254
1694360427938 0.5188908285197477 255
1694360427964 0.5180071379046508 256
1694360427990 0.5171494577630789 257
1694360428025 0.5163013823396212 258
1694360428058 0.5154612495299776 259
1694360428113 0.5146201758503737 260
1694360428140 0.5137865509050284 261
1694360428201 0.5129745322844227 262
1694360428224 0.5121576494776308 263
1694360428249 0.5113389790733098 264
1694360428280 0.5105183682209089 265
1694360428317 0.5097174134875716 266
1694360428340 0.5089138259146291 267
1694360428365 0.5080949532830713 268
1694360428389 0.5072738640833651 269
1694360428414 0.5065009796665693 270
1694360428444 0.5056973597853706 271
1694360428469 0.5049185668444083 272
1694360428493 0.5041479903359491 273
1694360428518 0.5033866657123641 274
1694360428544 0.5025859053636743 275
1694360428569 0.5018512388943898 276
1694360428594 0.5010933343878247 277
1694360428619 0.5003048132493696 278
1694360428645 0.4995595937514664 279
1694360428671 0.4988138999340486 280
1694360428696 0.49809465551145343 281
1694360428722 0.4973525345785103 282
1694360428750 0.4965946029565147 283
1694360428798 0.49589497419369544 284
1694360428821 0.49517277013666094 285
1694360428845 0.49444243373140373 286
1694360428870 0.4936987674931742 287
1694360428898 0.49293010902609835 288
1694360428953 0.492200800334014 289
1694360428977 0.4914879953527305 290
1694360429002 0.4907845943247642 291
1694360429034 0.4900830027180312 292
1694360429059 0.4894081653859929 293
1694360429084 0.4887150990908479 294
1694360429108 0.48802952288549006 295
1694360429134 0.487371603979221 296
1694360429160 0.48669903719538193 297
1694360429184 0.48602064538981915 298
1694360429210 0.48534881568701754 299
1694360429235 0.4846687344996419 300
1694360429259 0.48401363724637503 301
1694360429285 0.48336600133219465 302
1694360429311 0.4827007072175321 303
1694360429336 0.48204112805642496 304
1694360429361 0.4813852912022727 305
1694360429386 0.4807209628058872 306
1694360429416 0.4800780671599243 307
1694360429441 0.47945339583223184 308
1694360429466 0.4788039791686721 309
1694360429491 0.4781587350415479 310
1694360429518 0.477539152395799 311
1694360429544 0.4769220757021475 312
1694360429572 0.47626820134926073 313
1694360429597 0.4756472005039645 314
1694360429622 0.4750033100529048 315
1694360429674 0.4743738501085424 316
1694360429699 0.47375621568022225 317
1694360429723 0.4731482998275566 318
1694360429750 0.47252373338951165 319
1694360429776 0.4719288336966661 320
1694360429800 0.4713431477882293 321
1694360429826 0.47076367321342044 322
1694360429851 0.4701665428873053 323
1694360429877 0.4695464845481406 324
1694360429901 0.46895702083156127 325
1694360429932 0.46834831843137226 326
1694360429957 0.46777985702554714 327
1694360429983 0.4672160611249286 328
1694360430008 0.4666108397042451 329
1694360430034 0.4660537232833843 330
1694360430061 0.46545465099185784 331
1694360430090 0.46485702274288515 332
1694360430116 0.4642678622109258 333
1694360430143 0.46366159967709786 334
1694360430172 0.4630980110489204 335
1694360430284 0.46250575497142854 336
1694360430313 0.4619779894053383 337
1694360430338 0.46141627203780006 338
1694360430364 0.46081479280413074 339
1694360430387 0.4602379526210238 340
1694360430418 0.4596648393605047 341
1694360430442 0.45913806130457063 342
1694360430467 0.45861132981024555 343
1694360430491 0.45809770792031085 344
1694360430516 0.4575589825344083 345
1694360430542 0.456997631745123 346
1694360430566 0.4564506705486814 347
1694360430592 0.45590591884102655 348
1694360430617 0.45533740437909553 349
1694360430642 0.4548003663073729 350
1694360430668 0.4542920406514396 351
1694360430692 0.45380420971126517 352
1694360430717 0.45328492217194455 353
1694360430744 0.4527499526610832 354
1694360430768 0.45224897073455517 355
1694360430794 0.4517232347992388 356
1694360430827 0.4512119161901448 357
1694360430854 0.4506854074711454 358
1694360430880 0.45017939225957365 359
1694360430905 0.4496585755519252 360
1694360430937 0.44913197309391345 361
1694360430991 0.4485995858095142 362
1694360431016 0.44812569014380715 363
1694360431042 0.4475876042496517 364
1694360431069 0.447115732628956 365
1694360431095 0.446556301008997 366
1694360431119 0.44606320672304794 367
1694360431145 0.44559016412679636 368
1694360431172 0.44509158596788057 369
1694360431195 0.4446077454373779 370
1694360431233 0.44410762541141674 371
1694360431257 0.4436145371754977 372
1694360431283 0.4431393816940736 373
1694360431306 0.442687584670938 374
1694360431331 0.4422220898668919 375
1694360431355 0.44172488751367495 376
1694360431379 0.4412838803803402 377
1694360431404 0.44079983407797424 378
1694360431436 0.4403178609474727 379
1694360431462 0.4398283346461863 380
1694360431486 0.43932419446500537 381
1694360431513 0.43881153163248543 382
1694360431539 0.43834559538836765 383
1694360431563 0.43788330236953193 384
1694360431588 0.437437600869434 385
1694360431616 0.4369909666869237 386
1694360431642 0.4365277980453177 387
1694360431668 0.4360653933580717 388
1694360431717 0.43563359577512756 389
1694360431741 0.43518359229701786 390
1694360431766 0.43475841116214387 391
1694360431791 0.4343128160168002 392
1694360431815 0.4338778927986217 393
1694360431840 0.43342876412736253 394
1694360431865 0.43298423231455274 395
1694360431890 0.4325270877952861 396
1694360431921 0.43205280364952287 397
1694360431948 0.43159519322551526 398
1694360431977 0.43115379771296936 399
1694360432005 0.4306764263728828 400
1694360432031 0.43021173211097385 401
1694360432058 0.4297340074494945 402
1694360432085 0.4292546204407214 403
1694360432114 0.4288137249501151 404
1694360432140 0.4284069446351258 405
1694360432167 0.42798632414857823 406
1694360432194 0.427569872039078 407
1694360432218 0.4271106459283934 408
1694360432242 0.42667380542807415 409
1694360432267 0.42625281421758937 410
1694360432303 0.42576826209322743 411
1694360432330 0.4253778670889294 412
1694360432419 0.4249679662532864 413
1694360432443 0.42452765210489435 414
1694360432472 0.42407025412753224 415
1694360432498 0.42366311877626595 416
1694360432523 0.4232447517940673 417
1694360432548 0.4228063265159064 418
1694360432572 0.42238316923605784 419
1694360432599 0.4219629646018557 420
1694360432625 0.4215377177084133 421
1694360432648 0.42107989531418916 422
1694360432674 0.42065341212433893 423
1694360432700 0.4202300056511062 424
1694360432724 0.41982619023029916 425
1694360432749 0.41938274637608036 426
1694360432772 0.41898932333001415 427
1694360432797 0.41856537177478054 428
1694360432822 0.41815425466728573 429
1694360432847 0.4177082485274509 430
1694360432871 0.41732345887335914 431
1694360432896 0.4169053739438096 432
1694360432928 0.4164855138522907 433
1694360432953 0.4160907011769826 434
1694360432983 0.41567552425636295 435
1694360433036 0.4152794051643166 436
1694360433060 0.41489055812955444 437
1694360433084 0.4144814667985798 438
1694360433108 0.41409964583565473 439
1694360433137 0.41371363884650175 440
1694360433161 0.4133199553439188 441
1694360433187 0.4129172015428257 442
1694360433213 0.412516066314751 443
1694360433238 0.41209184574176316 444
1694360433263 0.41168550301554646 445
1694360433286 0.41130454273323724 446
1694360433311 0.4109187549250507 447
1694360433335 0.4105309668659058 448
1694360433360 0.4101653901978716 449
1694360433385 0.4097750100052836 450
1694360433411 0.409396824176833 451
1694360433440 0.4090250014171329 452
1694360433466 0.40863957655022765 453
1694360433492 0.4082482412105136 454
1694360433518 0.40789065296797516 455
1694360433542 0.40752641438733794 456
1694360433567 0.4071720578220363 457
1694360433591 0.4068421562562126 458
1694360433617 0.40647394863540776 459
1694360433645 0.4061008321991046 460
1694360433670 0.40573596968256886 461
1694360433696 0.40534616629535763 462
1694360433746 0.4049795637384928 463
1694360433770 0.40460282131238695 464
1694360433794 0.4042309387167745 465
1694360433817 0.4038612901410459 466
1694360433845 0.4035008792774365 467
1694360433869 0.40312789453191095 468
1694360433892 0.4028060420376472 469
1694360433923 0.4024470653092048 470
1694360433949 0.40208666334105436 471
1694360433973 0.40171435199053546 472
1694360433998 0.4013538760595598 473
1694360434023 0.4009626628535546 474
1694360434048 0.4006204357810369 475
1694360434073 0.4002622115820015 476
1694360434097 0.39990214314797795 477
1694360434122 0.3995608402477469 478
1694360434147 0.3992143803704061 479
1694360434173 0.3988507557491754 480
1694360434199 0.39848587961474435 481
1694360434225 0.39815271674350705 482
1694360434250 0.3978273093033187 483
1694360434277 0.39744450505568324 484
1694360434302 0.3971008683985879 485
1694360434328 0.3967470365437988 486
1694360434491 0.39642318466311194 487
1694360434548 0.3960437910683089 488
1694360434572 0.3957123966824104 489
1694360434600 0.39533478529119886 490
1694360434628 0.39498566625612314 491
1694360434668 0.3946541988848178 492
1694360434691 0.39430409347172507 493
1694360434719 0.39397183518410434 494
1694360434743 0.39362807327035626 495
1694360434767 0.39328326840673505 496
1694360434794 0.39296515354678174 497
1694360434821 0.39262956327340415 498
1694360434897 0.3923265593792767 499
1694360434930 0.3919808811156997 500
1694360434971 0.39163709594410867 501
1694360435067 0.3912947267283544 502
1694360435090 0.39095607949440664 503
1694360435118 0.3906137645060336 504
1694360435142 0.3902951831914659 505
1694360435169 0.3899388741715925 506
1694360435194 0.38960920608509064 507
1694360435222 0.38927599715934214 508
1694360435260 0.3889429794059004 509
1694360435285 0.38861331678442473 510
1694360435310 0.38827996376496127 511
1694360435335 0.38796292468342475 512
1694360435363 0.38763362645798555 513
1694360435388 0.3872995151289251 514
1694360435418 0.3869860640323338 515
1694360435444 0.3866850297384676 516
1694360435471 0.38634953104892694 517
1694360435568 0.3860074411146196 518
1694360435593 0.38570028921974026 519
1694360435621 0.3853905365341367 520
1694360435649 0.38506578427826493 521
1694360435686 0.38472687395223226 522
1694360435715 0.3844141715345417 523
1694360435741 0.38407794966837633 524
1694360435792 0.3837383443528349 525
1694360435816 0.383402653684995 526
1694360435840 0.3830791049491719 527
1694360435867 0.38276078930083884 528
1694360435896 0.38242799174160486 529
1694360435933 0.38210235292872113 530
1694360435959 0.38180730060766704 531
1694360435985 0.38150404559074846 532
1694360436018 0.38117764466821186 533
1694360436042 0.3808417301457839 534
1694360436067 0.3805681546872409 535
1694360436093 0.3802344572566123 536
1694360436117 0.37993028270307744 537
1694360436141 0.37961851269813235 538
1694360436168 0.3793042978299907 539
1694360436193 0.37900808135897723 540
1694360436219 0.3786816089269622 541
1694360436249 0.3783562582558858 542
1694360436276 0.37805311991570734 543
1694360436303 0.37778511093287714 544
1694360436329 0.37747357133467796 545
1694360436357 0.3771477945710026 546
1694360436404 0.37682573713961437 547
1694360436437 0.37649451798376055 548
1694360436466 0.37618534468266474 549
1694360436494 0.37587554803855605 550
1694360436528 0.3755683736160763 551
1694360436649 0.37522855516781717 552
1694360436680 0.3749239691323453 553
1694360436705 0.3746267013563517 554
1694360436728 0.37434430288662157 555
1694360436752 0.3740450111050753 556
1694360436778 0.3737431920027422 557
1694360436802 0.373439038382315 558
1694360436831 0.37312123639350336 559
1694360436860 0.37281623059962815 560
1694360436886 0.37253771067742264 561
1694360436928 0.37222897687248263 562
1694360436955 0.3719309613341997 563
1694360436990 0.37166860764207194 564
1694360437013 0.37137873553986617 565
1694360437039 0.3710902760977745 566
1694360437150 0.37081063171032863 567
1694360437186 0.3704987104947524 568
1694360437211 0.3701871278245167 569
1694360437239 0.369887716048039 570
1694360437264 0.36958326824499993 571
1694360437289 0.3692786126190331 572
1694360437314 0.3689888404144015 573
1694360437337 0.36873938396187017 574
1694360437361 0.36842406572244 575
1694360437386 0.36810094103183516 576
1694360437410 0.36780946042937274 577
1694360437439 0.3675249174404672 578
1694360437464 0.36724377532582786 579
1694360437488 0.3669456070391396 580
1694360437514 0.3666649140788286 581
1694360437540 0.3663690059353503 582
1694360437564 0.3660396437807973 583
1694360437590 0.3657641387548004 584
1694360437615 0.3654769185163419 585
1694360437642 0.36517539315509195 586
1694360437667 0.3648982129685747 587
1694360437694 0.3646315908400852 588
1694360437719 0.3643599366603447 589
1694360437748 0.3640730177751122 590
1694360437774 0.3637775526394939 591
1694360437825 0.3634813848236238 592
1694360437850 0.3631782559045392 593
1694360437876 0.36286822999161317 594
1694360437900 0.3625772388762306 595
1694360437932 0.36230793112467014 596
1694360437956 0.36199578315749126 597
1694360437982 0.3617162435072371 598
1694360438006 0.36141233371032583 599
1694360438030 0.36116446958370285 600
1694360438054 0.36090234954600314 601
1694360438078 0.3606293525084992 602
1694360438102 0.3603963762257512 603
1694360438127 0.36010709407692587 604
1694360438152 0.3598323038742564 605
1694360438177 0.35951567982958665 606
1694360438201 0.3592382964256714 607
1694360438226 0.3589514272174812 608
1694360438254 0.35869078752341094 609
1694360438278 0.3584268461617013 610
1694360438303 0.3581606946271103 611
1694360438326 0.3579144075271342 612
1694360438351 0.3576763283042513 613
1694360438377 0.3574101116604573 614
1694360438402 0.3571700177555987 615
1694360438433 0.35690144562234916 616
1694360438460 0.35664905251756496 617
1694360438485 0.3563648101573552 618
1694360438509 0.35610879302892945 619
1694360438535 0.35583079873716034 620
1694360438559 0.35557363065594805 621
1694360438585 0.3553033304042147 622
1694360438622 0.3550230117305137 623
1694360438649 0.35473739373896535 624
1694360438788 0.3544461964095448 625
1694360438813 0.3541547848613242 626
1694360438837 0.3538974327652483 627
1694360438862 0.35362533060360046 628
1694360438887 0.35336381203520967 629
1694360438914 0.35308298652306247 630
1694360438938 0.35284193710116435 631
1694360438962 0.3525799281561674 632
1694360438986 0.35228143368073594 633
1694360439012 0.35200800718871206 634
1694360439038 0.3517453620426628 635
1694360439067 0.3514577641570994 636
1694360439093 0.3512037105644706 637
1694360439148 0.35094413674471586 638
1694360439172 0.3506899080886829 639
1694360439195 0.35041872210314556 640
1694360439219 0.35014720752766737 641
1694360439248 0.34987844028627435 642
1694360439281 0.34962034099475575 643
1694360439305 0.3493442826010085 644
1694360439327 0.34909645069966816 645
1694360439350 0.3488279088832171 646
1694360439375 0.3486174031464989 647
1694360439400 0.3483250379088732 648
1694360439431 0.3480751218263761 649
1694360439455 0.34781882807616094 650
1694360439481 0.3475610544466096 651
1694360439506 0.34728300904193204 652
1694360439532 0.3470270405293015 653
1694360439557 0.3467826122410556 654
1694360439582 0.3465072597850654 655
1694360439606 0.34624788879354884 656
1694360439631 0.3460317168967788 657
1694360439656 0.3457715928365782 658
1694360439681 0.3455127258213831 659
1694360439708 0.3452355542029338 660
1694360439732 0.34498128557883895 661
1694360439760 0.3446850059332383 662
1694360439785 0.3444428594884446 663
1694360439811 0.34419849638263855 664
1694360439861 0.3439384757025484 665
1694360439883 0.343675501284636 666
1694360439907 0.34341074810116856 667
1694360439936 0.34316214048500876 668
1694360439964 0.3429094627000637 669
1694360439989 0.3426645409403384 670
1694360440014 0.3424126604284179 671
1694360440041 0.3421566824555197 672
1694360440067 0.34190411456503894 673
1694360440090 0.34165729106319315 674
1694360440116 0.34139112491223583 675
1694360440141 0.3411759875993758 676
1694360440166 0.3409181217470685 677
1694360440192 0.34068017082522334 678
1694360440217 0.3404312003915091 679
1694360440242 0.34020829765208965 680
1694360440267 0.3399745038192229 681
1694360440292 0.3397184435305076 682
1694360440317 0.339465388340425 683
1694360440341 0.3392496184735151 684
1694360440367 0.33900559077326003 685
1694360440393 0.338746805563767 686
1694360440423 0.338536616099824 687
1694360440454 0.338294872803541 688
1694360440483 0.3380253040362153 689
1694360440508 0.3378032580810582 690
1694360440534 0.33756886258208557 691
1694360440560 0.3373123038276361 692
1694360440587 0.3370744192753881 693
1694360440611 0.33682573339744254 694
1694360440638 0.3365889568002452 695
1694360440666 0.33636352177842027 696
1694360440692 0.3361246591155281 697
1694360440717 0.33590510020162284 698
1694360440754 0.3356363356827782 699
1694360440781 0.33538570640691184 700
1694360440864 0.33515624068597777 701
1694360440888 0.33488008781242085 702
1694360440919 0.3346568877404888 703
1694360440947 0.33440999733643667 704
1694360440972 0.33416757813629294 705
1694360440998 0.33391897703636253 706
1694360441023 0.33367794810032625 707
1694360441049 0.33344548362611676 708
1694360441076 0.3331845959020506 709
1694360441101 0.3329664816024647 710
1694360441127 0.3327069481926153 711
1694360441181 0.33246516620410904 712
1694360441205 0.33223109755593155 713
1694360441229 0.331987090512655 714
1694360441254 0.3317493346145188 715
1694360441284 0.33152566995997257 716
1694360441309 0.33127989719042455 717
1694360441335 0.33103762082056415 718
1694360441361 0.3308030211265725 719
1694360441387 0.33054050355754877 720
1694360441418 0.3303096761485767 721
1694360441450 0.33006119027843667 722
1694360441476 0.3298103759135573 723
1694360441502 0.32959194477157144 724
1694360441530 0.3293620838395285 725
1694360441554 0.32913290917045657 726
1694360441579 0.3289210126391695 727
1694360441604 0.32867437942265343 728
1694360441630 0.32844301204761306 729
1694360441653 0.32823170081694686 730
1694360441681 0.3279810856503151 731
1694360441707 0.32775650555981334 732
1694360441733 0.3275404674051532 733
1694360441758 0.3273112172113443 734
1694360441785 0.3270914798367319 735
1694360441811 0.3268661718933263 736
1694360441838 0.32665466749069866 737
1694360441890 0.326425024105768 738
1694360441921 0.3262009066016162 739
1694360441946 0.32598082721879035 740
1694360441973 0.32573841398722225 741
1694360441998 0.3255222770157759 742
1694360442021 0.3252957217275008 743
1694360442047 0.32506163863323584 744
1694360442072 0.32482534664917434 745
1694360442096 0.3245918651928879 746
1694360442121 0.3243705737999828 747
1694360442145 0.32414271103967407 748
1694360442171 0.32389820835865385 749
1694360442196 0.32368263642001976 750
1694360442221 0.3234596042006784 751
1694360442244 0.3232151740453033 752
1694360442268 0.3229908071708139 753
1694360442297 0.3227625956301121 754
1694360442320 0.3225654989528636 755
1694360442345 0.32231861216449503 756
1694360442370 0.3221018788006499 757
1694360442394 0.3218792637389061 758
1694360442424 0.3216549774831045 759
1694360442449 0.32143325350591234 760
1694360442477 0.32121147951926443 761
1694360442503 0.3210135002021352 762
1694360442528 0.3208161831480165 763
1694360442553 0.3205885396481316 764
1694360442578 0.32037208300013886 765
1694360442603 0.3201320558730872 766
1694360442628 0.31992223891890625 767
1694360442653 0.31972904018194437 768
1694360442679 0.3195045332165132 769
1694360442703 0.31928594130092774 770
1694360442730 0.31906215738081145 771
1694360442756 0.31884641526483676 772
1694360442780 0.31865570898720696 773
1694360442804 0.3184361350583168 774
1694360442830 0.3182016519003376 775
1694360442867 0.3179732382972863 776
1694360442923 0.3177618236233466 777
1694360442965 0.31757482927485176 778
1694360442992 0.317351521931392 779
1694360443020 0.31715849251824957 780
1694360443043 0.3169405068651085 781
1694360443068 0.3167464698013845 782
1694360443092 0.31652306415748527 783
1694360443116 0.3163218217545584 784
1694360443140 0.31610868584866236 785
1694360443175 0.3159006177552726 786
1694360443251 0.3156808156588057 787
1694360443283 0.31547298879765745 788
1694360443313 0.3152645716054026 789
1694360443335 0.31506304351525083 790
1694360443358 0.3148742860804132 791
1694360443382 0.3146730281962736 792
1694360443407 0.3144460166760144 793
1694360443436 0.3142259118135084 794
1694360443458 0.3140238485919886 795
1694360443482 0.31383229616888697 796
1694360443507 0.31362226449550656 797
1694360443534 0.3134280542442268 798
1694360443558 0.31321679253623586 799
1694360443582 0.3130081163659015 800
1694360443607 0.31280078031827185 801
1694360443631 0.3125720022161838 802
1694360443658 0.3123606881108383 803
1694360443683 0.3121705163036532 804
1694360443708 0.3119419648595997 805
1694360443733 0.31172811906858994 806
1694360443758 0.311514655456743 807
1694360443784 0.31128291476416897 808
1694360443808 0.31110161232143785 809
1694360443837 0.31088341170346034 810
1694360443863 0.310661092373514 811
1694360443889 0.3104379785385073 812
1694360443936 0.31024653697356686 813
1694360443959 0.31002625346951845 814
1694360443983 0.3098273535584358 815
1694360444007 0.30960917462267823 816
1694360444031 0.3094102260385446 817
1694360444056 0.30918450851645185 818
1694360444083 0.3089644238797547 819
1694360444106 0.30877054672199994 820
1694360444130 0.3085843992377368 821
1694360444155 0.3083707744206816 822
1694360444181 0.30814512586701354 823
1694360444207 0.30794186761561165 824
1694360444231 0.3077271197688374 825
1694360444254 0.3075449557241906 826
1694360444278 0.3073362373299894 827
1694360444305 0.30710341950650255 828
1694360444331 0.30689285128950156 829
1694360444357 0.3066843867056549 830
1694360444381 0.3065143408903094 831
1694360444406 0.30630091667407494 832
1694360444436 0.30611378908251485 833
1694360444459 0.30593103083774664 834
1694360444484 0.3057356319973194 835
1694360444506 0.3055339973700995 836
1694360444533 0.30535876501118586 837
1694360444557 0.3051650016833547 838
1694360444582 0.30495522230141686 839
1694360444608 0.30472463415990403 840
1694360444632 0.30453235321928424 841
1694360444670 0.3043345180249197 842
1694360444693 0.30412430008829994 843
1694360444715 0.30391913730592984 844
1694360444739 0.30371437178640337 845
1694360444764 0.3035229492276523 846
1694360444788 0.30329870212661997 847
1694360444811 0.3031220469041483 848
1694360444835 0.3029224894798782 849
1694360444863 0.30271424614448 850
1694360444889 0.3025112362723629 851
1694360444918 0.302301916594671 852
1694360444943 0.302114116714567 853
1694360444988 0.30191692502294953 854
1694360445071 0.30172594345029763 855
1694360445096 0.30151077647572966 856
1694360445123 0.30131126984354006 857
1694360445146 0.3010865823797693 858
1694360445169 0.30091467910903613 859
1694360445193 0.3007035070415309 860
1694360445218 0.30050439783425814 861
1694360445273 0.3002934223443536 862
1694360445297 0.3000823755078634 863
1694360445321 0.29988338272936793 864
1694360445345 0.2997356332998103 865
1694360445370 0.2995261888721919 866
1694360445395 0.29932389355985856 867
1694360445424 0.29914348010192987 868
1694360445468 0.2989600677399448 869
1694360445491 0.2987718310916591 870
1694360445515 0.29859870293573815 871
1694360445540 0.29839067528719493 872
1694360445563 0.29816304441733565 873
1694360445586 0.29797527460683265 874
1694360445609 0.29780211113793337 875
1694360445638 0.2976170755272543 876
1694360445664 0.29741794948413725 877
1694360445689 0.2972087508127291 878
1694360445713 0.2970254805225614 879
1694360445736 0.29683921740982033 880
1694360445761 0.2966506841921195 881
1694360445788 0.29646782128660354 882
1694360445815 0.2962543713712157 883
1694360445841 0.2960570172265485 884
1694360445869 0.29585919253985576 885
1694360445895 0.2956565959216363 886
1694360445927 0.2954749701940156 887
1694360445975 0.29529180644081854 888
1694360445999 0.29511748277310373 889
1694360446022 0.29495561418680205 890
1694360446047 0.2947579540423345 891
1694360446077 0.2945539465153014 892
1694360446102 0.294358863526495 893
1694360446128 0.29417967806030376 894
1694360446152 0.2940104748806441 895
1694360446176 0.293821515525879 896
1694360446199 0.2936522845525602 897
1694360446223 0.29347557230941623 898
1694360446247 0.2932973152485776 899
1694360446270 0.29311259776925125 900
1694360446296 0.292925495831186 901
1694360446320 0.29273355941210655 902
1694360446348 0.2925614970605382 903
1694360446370 0.2923998033943315 904
1694360446393 0.29222297295479854 905
1694360446419 0.2920115805763197 906
1694360446445 0.29183429023556207 907
1694360446470 0.29164612366380843 908
1694360446494 0.29145459980687205 909
1694360446519 0.2912588687745021 910
1694360446543 0.29107651178995275 911
1694360446568 0.2909186655343954 912
1694360446592 0.2907453213412257 913
1694360446615 0.2905708119202694 914
1694360446640 0.29039083568025303 915
1694360446668 0.2902374439574544 916
1694360446694 0.29006870951009933 917
1694360446718 0.2898927843038779 918
1694360446741 0.2897091808230422 919
1694360446767 0.2895389207153767 920
1694360446792 0.2893515598681525 921
1694360446817 0.2891852293774239 922
1694360446843 0.28900903945513395 923
1694360446867 0.28884321930383605 924
1694360446892 0.28866135955480093 925
1694360446924 0.2884868631484356 926
1694360446949 0.28829323857250516 927
1694360446974 0.28811994517552725 928
1694360446998 0.2879319645685974 929
1694360447023 0.2877551306029838 930
1694360447048 0.28760049513398855 931
1694360447135 0.2874114748157957 932
1694360447186 0.2872332518793336 933
1694360447209 0.2870529408638758 934
1694360447235 0.28685964920264945 935
1694360447261 0.28665950613524194 936
1694360447320 0.28647874887732844 937
1694360447344 0.28630081555762077 938
1694360447369 0.28614020625151265 939
1694360447396 0.2859607228120144 940
1694360447424 0.28577997044938497 941
1694360447450 0.2855875083805999 942
1694360447474 0.28540377765990066 943
1694360447499 0.28520433748185003 944
1694360447523 0.28503972307596076 945
1694360447547 0.2848754066869608 946
1694360447572 0.2847161004687 947
1694360447597 0.2845210637611571 948
1694360447622 0.28433575950505496 949
1694360447646 0.28414710539171234 950
1694360447671 0.28397581426951735 951
1694360447696 0.2838244168413172 952
1694360447720 0.2836449967515804 953
1694360447744 0.2834481126771126 954
1694360447768 0.2832584553363956 955
1694360447795 0.28308737298935355 956
1694360447818 0.28290673103028585 957
1694360447842 0.28274261058120054 958
1694360447868 0.2825718876110476 959
1694360447893 0.28239764489091146 960
1694360447926 0.2822350963935205 961
1694360447950 0.2820637576071699 962
1694360448001 0.2818808319799077 963
1694360448025 0.2816999705342161 964
1694360448049 0.2815427816932693 965
1694360448075 0.2813586622068152 966
1694360448102 0.2811884901054352 967
1694360448129 0.28101590107555613 968
1694360448153 0.280854115766546 969
1694360448176 0.2806891224389807 970
1694360448200 0.2805184584408905 971
1694360448225 0.28032048077417526 972
1694360448250 0.28014626229860284 973
1694360448275 0.2799612340204245 974
1694360448300 0.27978964281878616 975
1694360448324 0.2795913387184072 976
1694360448350 0.2794103427411946 977
1694360448376 0.2792510251436614 978
1694360448400 0.2790734893522732 979
1694360448430 0.27889956760461065 980
1694360448454 0.27871780600222273 981
1694360448478 0.2785646237312319 982
1694360448502 0.27840022840823686 983
1694360448526 0.27822668167810266 984
1694360448550 0.27806195342240914 985
1694360448576 0.2778915970366494 986
1694360448602 0.2777252186040909 987
1694360448626 0.2775476643911936 988
1694360448651 0.2773886739245741 989
1694360448676 0.2772226323291914 990
1694360448701 0.2770522669671441 991
1694360448725 0.27689267648753907 992
1694360448751 0.2767014839336987 993
1694360448776 0.27652678727501556 994
1694360448803 0.27635368010406464 995
1694360448827 0.2761857866311894 996
1694360448853 0.2760112211182063 997
1694360448877 0.2758347707121835 998
1694360448901 0.27566379363948573 999
1694360448932 0.27549224993732385 1000
1694360448956 0.27533380587203476 1001
1694360448986 0.27516567102618905 1002
1694360449011 0.27499482695161886 1003
1694360449037 0.2748337710592597 1004
1694360449063 0.2746598151381104 1005
1694360449087 0.2744874641622053 1006
1694360449115 0.2742998618726456 1007
1694360449140 0.27414035912947077 1008
1694360449176 0.27398057412836896 1009
1694360449289 0.2738157878568467 1010
1694360449347 0.27363563299479293 1011
1694360449371 0.2734598588682576 1012
1694360449398 0.273285483529887 1013
1694360449430 0.2731189541318288 1014
1694360449455 0.272937620132179 1015
1694360449480 0.27276856304259056 1016
1694360449503 0.27260530518285536 1017
1694360449528 0.2724354470655666 1018
1694360449553 0.2722578209189129 1019
1694360449577 0.2720927848567441 1020
1694360449601 0.27194005815172384 1021
1694360449625 0.2717654572315039 1022
1694360449650 0.2715822472301236 1023
1694360449675 0.27141190748890204 1024
1694360449702 0.27124560555434335 1025
1694360449726 0.2710663572786868 1026
1694360449750 0.27090349132085356 1027
1694360449774 0.2707389239661909 1028
1694360449798 0.2705665765059867 1029
1694360449823 0.27041923496610587 1030
1694360449846 0.27023219850103813 1031
1694360449870 0.27007459858451666 1032
1694360449896 0.26990780535075737 1033
1694360449929 0.26975700159012095 1034
1694360449954 0.2695655019396203 1035
1694360449978 0.26937775885478676 1036
1694360450026 0.26921368675226126 1037
1694360450052 0.26905009237301514 1038
1694360450076 0.2688823990495964 1039
1694360450103 0.2687210530177599 1040
1694360450128 0.2685788481007932 1041
1694360450153 0.26842032811949773 1042
1694360450178 0.2682640447417207 1043
1694360450202 0.26811413376911036 1044
1694360450226 0.26793525205653307 1045
1694360450250 0.2677832622345584 1046
1694360450275 0.26760738868880835 1047
1694360450300 0.26745870845310155 1048
1694360450324 0.2672990642982939 1049
1694360450350 0.2671437251816011 1050
1694360450376 0.26697563590874795 1051
1694360450404 0.2668164376713012 1052
1694360450437 0.26666476489700125 1053
1694360450461 0.266495524514552 1054
1694360450484 0.2663452696130701 1055
1694360450509 0.2661854039237388 1056
1694360450539 0.2660150114333603 1057
1694360450565 0.26586739984619184 1058
1694360450591 0.2657069061487191 1059
1694360450619 0.26555957632931615 1060
1694360450645 0.26540063395978836 1061
1694360450668 0.2652496569971727 1062
1694360450693 0.2650798408977558 1063
1694360450718 0.26494794946156397 1064
1694360450744 0.2647939709238321 1065
1694360450769 0.2646224554350603 1066
1694360450796 0.2644485278571604 1067
1694360450820 0.2642912150432579 1068
1694360450846 0.2641477669038729 1069
1694360450871 0.2639911602960436 1070
1694360450896 0.263829739420479 1071
1694360450927 0.26367949012142 1072
1694360450956 0.26353369434604085 1073
1694360450981 0.26338639094853084 1074
1694360451006 0.26324114630726964 1075
1694360451031 0.2630832714708154 1076
1694360451055 0.26293528462007265 1077
1694360451083 0.2627724041123077 1078
1694360451108 0.26261786487236427 1079
1694360451132 0.26244218231069 1080
1694360451157 0.2622916778818946 1081
1694360451182 0.26214083793390286 1082
1694360451207 0.2619802995966581 1083
1694360451233 0.26180520816887665 1084
1694360451264 0.2616514628647313 1085
1694360451293 0.2614846550494741 1086
1694360451399 0.2613655683016644 1087
1694360451431 0.26120134789989885 1088
1694360451454 0.2610431675277065 1089
1694360451476 0.26088807111379664 1090
1694360451499 0.2607434661071184 1091
1694360451525 0.2606026750133294 1092
1694360451549 0.2604482682053491 1093
1694360451571 0.2603007965879208 1094
1694360451595 0.2601610730036578 1095
1694360451619 0.2600068645268942 1096
1694360451644 0.25984563746809347 1097
1694360451668 0.2597041846354235 1098
1694360451693 0.25953710157994275 1099
1694360451716 0.25938350975280206 1100
1694360451741 0.25924046784239496 1101
1694360451765 0.2590884799154301 1102
1694360451789 0.258964620259996 1103
1694360451826 0.25883041237109483 1104
1694360451856 0.25867294357031906 1105
1694360451881 0.25850671808405273 1106
1694360451906 0.2583673672865703 1107
1694360451941 0.2582045856163485 1108
1694360451968 0.2580325864980924 1109
1694360451992 0.25788984926606656 1110
1694360452016 0.2577295826073272 1111
1694360452066 0.2575816461725502 1112
1694360452090 0.25741788918324904 1113
1694360452114 0.25727846769107726 1114
1694360452139 0.25715164726606626 1115
1694360452173 0.25699086362302676 1116
1694360452200 0.2568359855652428 1117
1694360452224 0.2566763962431385 1118
1694360452247 0.2565586837503487 1119
1694360452270 0.2564101816372236 1120
1694360452295 0.2562481748231972 1121
1694360452320 0.2560978128195123 1122
1694360452343 0.2559527403355694 1123
1694360452368 0.2557942573248593 1124
1694360452391 0.2556475869631215 1125
1694360452416 0.2555113858420891 1126
1694360452444 0.25536022844807726 1127
1694360452469 0.25522886704594294 1128
1694360452493 0.2550863162793827 1129
1694360452517 0.2549390249805526 1130
1694360452543 0.2547777406688101 1131
1694360452568 0.2546237166963593 1132
1694360452592 0.25448177122823445 1133
1694360452616 0.2543342761416284 1134
1694360452642 0.2541846387436137 1135
1694360452667 0.2540409071742122 1136
1694360452690 0.253895792359262 1137
1694360452715 0.25375461622327533 1138
1694360452740 0.25360939283607037 1139
1694360452767 0.2534615446547852 1140
1694360452790 0.25332538660973086 1141
1694360452831 0.253180335192613 1142
1694360452856 0.25303291675083905 1143
1694360452883 0.25285465201744856 1144
1694360452910 0.25268655370721227 1145
1694360452934 0.25254072206377015 1146
1694360452958 0.25240770373384197 1147
1694360452988 0.2522543127890287 1148
1694360453011 0.25213792596524726 1149
1694360453036 0.2520115596561561 1150
1694360453060 0.2518678851937861 1151
1694360453086 0.2517155596782452 1152
1694360453109 0.25158549149009424 1153
1694360453133 0.2514224297086682 1154
1694360453157 0.2512806230266115 1155
1694360453183 0.2511334239561397 1156
1694360453209 0.25099059683379377 1157
1694360453233 0.2508355302893238 1158
1694360453256 0.25069295822544674 1159
1694360453281 0.25054136944241906 1160
1694360453306 0.25039336567332665 1161
1694360453330 0.25023776302255346 1162
1694360453353 0.25008453956567206 1163
1694360453434 0.24994586185759862 1164
1694360453488 0.24979187990209573 1165
1694360453514 0.24963201630528306 1166
1694360453539 0.24949572734665923 1167
1694360453568 0.2493455668157167 1168
1694360453591 0.24919567790140998 1169
1694360453615 0.24905021678565042 1170
1694360453641 0.2489026167858652 1171
1694360453665 0.24877595540613598 1172
1694360453689 0.24861805388418068 1173
1694360453715 0.24847008833985904 1174
1694360453738 0.24832445674606943 1175
1694360453764 0.24817621047836094 1176
1694360453788 0.248032705277918 1177
1694360453813 0.24788863115744694 1178
1694360453837 0.24774504575541317 1179
1694360453861 0.24759124271105307 1180
1694360453886 0.24744329904445123 1181
1694360453912 0.24729592977297551 1182
1694360453944 0.2471352721242718 1183
1694360453968 0.24699810034698985 1184
1694360453993 0.2468650094000581 1185
1694360454017 0.24672423705987057 1186
1694360454041 0.24658019913221235 1187
1694360454066 0.24645964048924657 1188
1694360454119 0.24632583847847994 1189
1694360454143 0.2461983182637699 1190
1694360454167 0.2460726415462031 1191
1694360454191 0.2459365018308388 1192
1694360454219 0.24578520203598012 1193
1694360454245 0.24563938253289916 1194
1694360454270 0.24548578250835357 1195
1694360454293 0.24535357886231543 1196
1694360454318 0.2452090885195668 1197
1694360454344 0.24507762587301166 1198
1694360454370 0.24494746343306578 1199
1694360454395 0.24479609230626098 1200
1694360454426 0.24466105532448315 1201
1694360454455 0.24453501000798092 1202
1694360454481 0.24439572871985174 1203
1694360454506 0.24425327324616636 1204
1694360454531 0.2441063563769187 1205
1694360454557 0.24396426214264957 1206
1694360454582 0.24382769723848832 1207
1694360454608 0.2436886905923017 1208
1694360454633 0.24354315901933224 1209
1694360454658 0.2434122501035763 1210
1694360454696 0.24325536662718691 1211
1694360454722 0.24310943255821318 1212
1694360454747 0.24297679749980292 1213
1694360454770 0.24282061444322162 1214
1694360454797 0.2426762141374678 1215
1694360454821 0.24253939547132 1216
1694360454845 0.24239048866008286 1217
1694360454869 0.24224948965682322 1218
1694360454893 0.24211962503420126 1219
1694360454923 0.2420019713886519 1220
1694360454949 0.24186959556254034 1221
1694360454974 0.24171190906013454 1222
1694360454998 0.24156382056703918 1223
1694360455023 0.24145049340025648 1224
1694360455047 0.24132727512211385 1225
1694360455071 0.24120041696486125 1226
1694360455094 0.24105871184564986 1227
1694360455120 0.24092567920480362 1228
1694360455144 0.24079608808513026 1229
1694360455168 0.2406725622224148 1230
1694360455191 0.24054826915625765 1231
1694360455215 0.24042453708267691 1232
1694360455245 0.24028795903540323 1233
1694360455270 0.24014612221296452 1234
1694360455294 0.24003129176719154 1235
1694360455319 0.23988997895626654 1236
1694360455357 0.23974301303954562 1237
1694360455379 0.23960233546974077 1238
1694360455405 0.23946565326953315 1239
1694360455438 0.23932577755341206 1240
1694360455505 0.2391880445875884 1241
1694360455631 0.2390438710144128 1242
1694360455654 0.2389202080841563 1243
1694360455678 0.23877042960052855 1244
1694360455702 0.23861900937832814 1245
1694360455724 0.23848871957364431 1246
1694360455747 0.23835812599355022 1247
1694360455771 0.23822753204614794 1248
1694360455796 0.23809246035916612 1249
1694360455821 0.23796292611327788 1250
1694360455845 0.23781327573375527 1251
1694360455869 0.2376801722136121 1252
1694360455894 0.23754603771029778 1253
1694360455926 0.2373922463956518 1254
1694360455951 0.23725572918388155 1255
1694360455975 0.23712390056451219 1256
1694360456000 0.2369948627459995 1257
1694360456023 0.2368476701893346 1258
1694360456049 0.23671612445553974 1259
1694360456074 0.23658257935445498 1260
1694360456130 0.23643973986743388 1261
1694360456157 0.23630663058721765 1262
1694360456180 0.2361695509342417 1263
1694360456201 0.2360563073293429 1264
1694360456224 0.2359415268664018 1265
1694360456249 0.23578853008844006 1266
1694360456273 0.23565251981883226 1267
1694360456298 0.23552656130659266 1268
1694360456320 0.2354139657058835 1269
1694360456344 0.23528347361704724 1270
1694360456367 0.23513630680832204 1271
1694360456393 0.23499660988142393 1272
1694360456419 0.23486073539468377 1273
1694360456446 0.23473801040963796 1274
1694360456472 0.2346199474726425 1275
1694360456496 0.2344783236903354 1276
1694360456520 0.23435026478506168 1277
1694360456545 0.23422935098019038 1278
1694360456569 0.23409837359994728 1279
1694360456592 0.23396205274977244 1280
1694360456616 0.23383927076759334 1281
1694360456641 0.23370215037066733 1282
1694360456666 0.2335939639227712 1283
1694360456689 0.2334991564871239 1284
1694360456713 0.23336074292050896 1285
1694360456740 0.23326637191608196 1286
1694360456762 0.23315619510988542 1287
1694360456786 0.23301551288172376 1288
1694360456809 0.23287798643354968 1289
1694360456833 0.23274387290010656 1290
1694360456857 0.23260568549332683 1291
1694360456882 0.23248690703110778 1292
1694360456912 0.23234181504242143 1293
1694360456937 0.23220570187380285 1294
1694360456960 0.23208752808255945 1295
1694360456986 0.2319530788391234 1296
1694360457014 0.23180980396641526 1297
1694360457037 0.23169051656446757 1298
1694360457062 0.23156278316210827 1299
1694360457086 0.2314120409911502 1300
1694360457111 0.23128990651324338 1301
1694360457137 0.23117809420380253 1302
1694360457163 0.23103805818693376 1303
1694360457189 0.230928662135027 1304
1694360457215 0.23080376372788616 1305
1694360457241 0.23068341330091574 1306
1694360457268 0.23055383212381989 1307
1694360457294 0.2304200912764913 1308
1694360457320 0.2302922120960077 1309
1694360457346 0.23015265584709993 1310
1694360457371 0.2300201297129448 1311
1694360457399 0.22988713258904428 1312
1694360457432 0.22974364575815026 1313
1694360457456 0.22961418549194343 1314
1694360457512 0.22948829344389454 1315
1694360457540 0.22936125279796538 1316
1694360457564 0.2292381146645397 1317
1694360457609 0.2291125833188672 1318
1694360457693 0.22898058879285046 1319
1694360457715 0.22884299337194008 1320
1694360457740 0.22872443645562723 1321
1694360457765 0.22859986395965398 1322
1694360457790 0.22845811003909475 1323
1694360457833 0.22832409620903749 1324
1694360457856 0.22819790003650328 1325
1694360457883 0.22807397426058185 1326
1694360457915 0.22794573536451274 1327
1694360457938 0.22782470042029257 1328
1694360457963 0.22769884974067883 1329
1694360457989 0.2275707023740629 1330
1694360458013 0.22745653794114779 1331
1694360458039 0.22732011917594988 1332
1694360458065 0.227187822196615 1333
1694360458094 0.22707157304941006 1334
1694360458120 0.2269420504392281 1335
1694360458157 0.22681454520370903 1336
1694360458189 0.22668412780276664 1337
1694360458212 0.22655821740889862 1338
1694360458236 0.22643660629551907 1339
1694360458259 0.22631207222307873 1340
1694360458284 0.22617477378212783 1341
1694360458309 0.22605791856498178 1342
1694360458333 0.22591838526613742 1343
1694360458357 0.22579606627484383 1344
1694360458381 0.22567418802089925 1345
1694360458405 0.22555857745297836 1346
1694360458435 0.225430926492791 1347
1694360458458 0.22530498089141687 1348
1694360458481 0.2251872587778101 1349
1694360458508 0.2250404683094472 1350
1694360458534 0.22491322107685077 1351
1694360458557 0.22480784935821047 1352
1694360458580 0.22467699025646148 1353
1694360458604 0.22456769236132668 1354
1694360458628 0.2244438367978327 1355
1694360458652 0.22432598755003438 1356
1694360458676 0.22419743178718887 1357
1694360458700 0.22408625010411404 1358
1694360458725 0.22395112760760744 1359
1694360458750 0.22383291258658328 1360
1694360458775 0.22370915351165277 1361
1694360458803 0.22359621583278502 1362
1694360458826 0.2234776626637159 1363
1694360458852 0.22335389001983014 1364
1694360458875 0.2232247509666812 1365
1694360458909 0.22311917481402826 1366
1694360458941 0.22299903902804358 1367
1694360458970 0.22287628652541433 1368
1694360458996 0.22274089577857362 1369
1694360459020 0.2226115006381578 1370
1694360459046 0.22249277146977575 1371
1694360459070 0.2223728087254823 1372
1694360459095 0.22224375996556658 1373
1694360459120 0.22211380213434506 1374
1694360459145 0.22200827509132653 1375
1694360459169 0.22187636607748082 1376
1694360459193 0.22174791895108611 1377
1694360459218 0.22163724141280605 1378
1694360459243 0.22151643438917057 1379
1694360459267 0.2214128987479541 1380
1694360459292 0.22130458088852265 1381
1694360459319 0.22118941068746772 1382
1694360459346 0.2210675180850967 1383
1694360459382 0.22094259264504854 1384
1694360459413 0.22080968508287274 1385
1694360459438 0.22069155467355092 1386
1694360459460 0.2205627748588793 1387
1694360459484 0.22045208889137918 1388
1694360459510 0.22033561611856856 1389
1694360459566 0.22021465186617215 1390
1694360459589 0.22009425650666853 1391
1694360459612 0.21997055657784714 1392
1694360459636 0.21985398308001713 1393
1694360459663 0.219748512026077 1394
1694360459765 0.2196149672211368 1395
1694360459787 0.21948759595523165 1396
1694360459813 0.21938166293516262 1397
1694360459837 0.219275979872532 1398
1694360459860 0.2191606100668568 1399
1694360459886 0.21903443052635554 1400
1694360459914 0.21893072334660227 1401
1694360459939 0.21880794670666695 1402
1694360459962 0.21867496860122243 1403
1694360459986 0.21854632593054502 1404
1694360460025 0.21842240101935376 1405
1694360460055 0.21830626814810083 1406
1694360460080 0.21819347368377526 1407
1694360460105 0.21806887457450652 1408
1694360460135 0.21794788496844075 1409
1694360460165 0.2178242542718991 1410
1694360460216 0.21772058174456416 1411
1694360460239 0.2176138878136935 1412
1694360460263 0.21749923195633547 1413
1694360460286 0.21739664350339322 1414
1694360460313 0.2172705770149971 1415
1694360460339 0.21714925008455302 1416
1694360460371 0.21703024419588654 1417
1694360460401 0.21691203385802793 1418
1694360460433 0.21678575119817953 1419
1694360460456 0.21667278320765465 1420
1694360460480 0.21655951209223007 1421
1694360460504 0.21643983631576494 1422
1694360460530 0.2163180033563365 1423
1694360460554 0.21621118746499812 1424
1694360460578 0.21609350009732495 1425
1694360460603 0.21597190369479388 1426
1694360460627 0.21585866411249593 1427
1694360460652 0.2157429781894268 1428
1694360460677 0.2156279981080715 1429
1694360460703 0.2155038396832625 1430
1694360460727 0.21538167608349415 1431
1694360460750 0.2152680721632792 1432
1694360460774 0.2151477295901825 1433
1694360460800 0.21503323710987182 1434
1694360460828 0.2149212663941918 1435
1694360460851 0.21479656091573326 1436
1694360460875 0.21468924577351867 1437
1694360460899 0.2145698039196037 1438
1694360460930 0.21446275849453805 1439
1694360460955 0.21435438683076283 1440
1694360460980 0.2142255604842929 1441
1694360461004 0.21411946954866287 1442
1694360461033 0.2140108986849665 1443
1694360461056 0.21391351506028652 1444
1694360461081 0.21380461149399288 1445
1694360461106 0.21368980650017166 1446
1694360461131 0.21356683066854154 1447
1694360461157 0.21346420097385504 1448
1694360461181 0.21336560553697909 1449
1694360461205 0.21324783325912774 1450
1694360461230 0.21313296193223635 1451
1694360461255 0.21301448881496152 1452
1694360461280 0.21290553521924116 1453
1694360461304 0.2127893993607338 1454
1694360461333 0.21268065571951322 1455
1694360461360 0.21255435874249035 1456
1694360461386 0.2124403237110134 1457
1694360461417 0.21233546103299777 1458
1694360461443 0.21220490969726283 1459
1694360461469 0.21209040118339514 1460
1694360461494 0.2119873885092407 1461
1694360461523 0.21188197516123666 1462
1694360461546 0.2117781766705664 1463
1694360461600 0.21166871012046504 1464
1694360461622 0.2115581414567353 1465
1694360461645 0.21143343551224714 1466
1694360461671 0.21130056481760603 1467
1694360461700 0.21118886807825094 1468
1694360461724 0.2110752822337647 1469
1694360461750 0.21096741453283183 1470
1694360461779 0.21086880418262 1471
1694360461809 0.210744040775764 1472
1694360461863 0.21064255318657235 1473
1694360461919 0.21051466849164982 1474
1694360461948 0.21038958921327502 1475
1694360461971 0.21028373205010942 1476
1694360461995 0.21017190758029275 1477
1694360462018 0.21005084455275147 1478
1694360462043 0.20994177407993436 1479
1694360462067 0.20983821236781508 1480
1694360462091 0.20972387531583672 1481
1694360462115 0.20961682212983054 1482
1694360462147 0.20949530821406892 1483
1694360462171 0.20937982802257712 1484
1694360462194 0.20928300268667113 1485
1694360462245 0.20915212467094263 1486
1694360462269 0.20904903251064427 1487
1694360462294 0.20894669631534912 1488
1694360462318 0.2088543495195082 1489
1694360462344 0.2087318003844563 1490
1694360462367 0.20862351771672583 1491
1694360462392 0.20850889747298917 1492
1694360462423 0.20839791458310822 1493
1694360462447 0.20829043214498477 1494
1694360462471 0.20817185289017112 1495
1694360462497 0.20806321897736343 1496
1694360462524 0.20795166696634626 1497
1694360462550 0.20784283053260483 1498
1694360462573 0.20772981547665098 1499
1694360462597 0.2076141024040528 1500
1694360462620 0.20750348542888494 1501
1694360462646 0.20739972023806938 1502
1694360462670 0.20728353157067 1503
1694360462695 0.20717616096813518 1504
1694360462718 0.20706007966553636 1505
1694360462743 0.20695103320122352 1506
1694360462768 0.20684779039851572 1507
1694360462792 0.2067505830449285 1508
1694360462839 0.20664265820780345 1509
1694360462875 0.2065383587968353 1510
1694360462900 0.20641863660846244 1511
1694360462929 0.2063127257398788 1512
1694360462976 0.20618572356972878 1513
1694360463001 0.20606886644627784 1514
1694360463025 0.20595706433255964 1515
1694360463047 0.20583307355822275 1516
1694360463072 0.20572876515860292 1517
1694360463097 0.20562004299926978 1518
1694360463122 0.20550557901000097 1519
1694360463147 0.205402329361688 1520
1694360463170 0.2052946865845575 1521
1694360463194 0.20518400028382747 1522
1694360463227 0.20510211712427448 1523
1694360463256 0.20498547578718143 1524
1694360463284 0.20488343466612122 1525
1694360463310 0.2047842143285722 1526
1694360463335 0.2047036814032188 1527
1694360463361 0.20459562564185133 1528
1694360463400 0.20448563293442248 1529
1694360463431 0.20439546313433576 1530
1694360463457 0.20428027199375762 1531
1694360463482 0.2041623061436719 1532
1694360463507 0.20405791985522348 1533
1694360463534 0.20394354351159785 1534
1694360463558 0.20383748118731876 1535
1694360463580 0.2037351777047202 1536
1694360463633 0.20363588788403847 1537
1694360463657 0.20351388282642982 1538
1694360463681 0.2034007012881174 1539
1694360463704 0.20328779659951354 1540
1694360463730 0.2031736629645929 1541
1694360463753 0.2030823406869383 1542
1694360463778 0.202962312174452 1543
1694360463802 0.20285545078866463 1544
1694360463824 0.2027395337963241 1545
1694360463849 0.20263473730618456 1546
1694360463874 0.20251626123606972 1547
1694360463914 0.20239596020036266 1548
1694360463941 0.2022905511641775 1549
1694360463966 0.20220169205116098 1550
1694360464066 0.2020883742800031 1551
1694360464089 0.201987703101666 1552
1694360464118 0.20187805276599616 1553
1694360464142 0.20177106923156513 1554
1694360464164 0.20166788639028374 1555
1694360464188 0.2015576521531755 1556
1694360464213 0.20145399299087574 1557
1694360464236 0.20134353582613865 1558
1694360464284 0.201238194378991 1559
1694360464308 0.20113483262183768 1560
1694360464334 0.2010275941703828 1561
1694360464358 0.20091532543531793 1562
1694360464383 0.2008146710267094 1563
1694360464406 0.2007119469410797 1564
1694360464436 0.20059238188894832 1565
1694360464460 0.20049002056981208 1566
1694360464483 0.20037603366147394 1567
1694360464507 0.20026429356510622 1568
1694360464530 0.20017089071299163 1569
1694360464555 0.20006734159324124 1570
1694360464578 0.19996963824643493 1571
1694360464601 0.1998652605818803 1572
1694360464712 0.19976181251469863 1573
1694360464971 0.19965228733430765 1574
1694360464995 0.19955097252134038 1575
1694360465020 0.1994457148145011 1576
1694360465047 0.19932990371815332 1577
1694360465071 0.1992376877084454 1578
1694360465096 0.19912532406703107 1579
1694360465120 0.19901899741358042 1580
1694360465145 0.19892845460929298 1581
1694360465168 0.19883480939261194 1582
1694360465192 0.19871875457220728 1583
1694360465215 0.19860613864440846 1584
1694360465238 0.19850514290539864 1585
1694360465264 0.19840865803349977 1586
1694360465289 0.19830222683213616 1587
1694360465315 0.19820405493449633 1588
1694360465339 0.1980900411954081 1589
1694360465368 0.19797763559279696 1590
1694360465393 0.19787689503112627 1591
1694360465423 0.1977735937614235 1592
1694360465447 0.19767463092152315 1593
1694360465471 0.1975708918452844 1594
1694360465497 0.19745653505533017 1595
1694360465523 0.19735718634330474 1596
1694360465550 0.19725877589569127 1597
1694360465573 0.19716753066281545 1598
1694360465597 0.19706916268983557 1599
1694360465619 0.19697016411438803 1600
1694360465673 0.19687775251968606 1601
1694360465699 0.19676722240322633 1602
1694360465723 0.19667207016370342 1603
1694360465746 0.1965738925584191 1604
1694360465772 0.19646782345753658 1605
1694360465795 0.19636445125190272 1606
1694360465821 0.1962595453020472 1607
1694360465844 0.19616020492491743 1608
1694360465866 0.1960664352585492 1609
1694360465889 0.19596378578090007 1610
1694360465917 0.19586286523884458 1611
1694360465944 0.1957713652926953 1612
1694360465968 0.19566646381932418 1613
1694360465993 0.19556468447917907 1614
1694360466017 0.19544769220442504 1615
1694360466052 0.19533907918354343 1616
1694360466147 0.1952425570434945 1617
1694360466171 0.1951390183849466 1618
1694360466197 0.19503899123406265 1619
1694360466220 0.19492755415440718 1620
1694360466242 0.19482035218240162 1621
1694360466267 0.19472251526099998 1622
1694360466315 0.19462301782564284 1623
1694360466338 0.1945190047081305 1624
1694360466360 0.19442427378380064 1625
1694360466383 0.19431460748209642 1626
1694360466407 0.1942160456547973 1627
1694360466437 0.19411804423083973 1628
1694360466461 0.1940057079487616 1629
1694360466484 0.19391832032511208 1630
1694360466509 0.19381539536232575 1631
1694360466533 0.19371287100931353 1632
1694360466558 0.19362400486325276 1633
1694360466583 0.19352957872500792 1634
1694360466605 0.1934287801953139 1635
1694360466630 0.19333627429331424 1636
1694360466653 0.19323115591038023 1637
1694360466677 0.1931317411739074 1638
1694360466706 0.19303385458563876 1639
1694360466730 0.19293336796456695 1640
1694360466755 0.19283406544743895 1641
1694360466778 0.19271987976219604 1642
1694360466802 0.19262099867377408 1643
1694360466827 0.1925197374310801 1644
1694360466852 0.19241273249284938 1645
1694360466876 0.1923216815764498 1646
1694360466900 0.19222656497110155 1647
1694360466930 0.19212735812843326 1648
1694360466957 0.19202949239103384 1649
1694360466982 0.19192167019864304 1650
1694360467005 0.1918135638138902 1651
1694360467029 0.1917181521696085 1652
1694360467052 0.19161629628305035 1653
1694360467077 0.19150080455697194 1654
1694360467100 0.19140711336143768 1655
1694360467126 0.1913016602775155 1656
1694360467149 0.1912179947573882 1657
1694360467174 0.19113777277678642 1658
1694360467198 0.1910384812729708 1659
1694360467227 0.19094457920469196 1660
1694360467250 0.19083424201073237 1661
1694360467276 0.1907446380963918 1662
1694360467301 0.19065530519775736 1663
1694360467323 0.1905701294200024 1664
1694360467347 0.19047845118757453 1665
1694360467372 0.1903831423544639 1666
1694360467398 0.1903023208036997 1667
1694360467435 0.19020782821600976 1668
1694360467460 0.19011506089541055 1669
1694360467484 0.19002793407219787 1670
1694360467511 0.1899418658262666 1671
1694360467535 0.18985764295628188 1672
1694360467559 0.18976159202564807 1673
1694360467585 0.18965945023681896 1674
1694360467609 0.18956822004308477 1675
1694360467632 0.18946760983216718 1676
1694360467656 0.18937575320610112 1677
1694360467712 0.18927566980240815 1678
1694360467735 0.18918548956464984 1679
1694360467759 0.18909365944984904 1680
1694360467782 0.18900380509669362 1681
1694360467806 0.18890557716251086 1682
1694360467833 0.18879101100034906 1683
1694360467861 0.18869608785315325 1684
1694360467886 0.18859069438720447 1685
1694360467915 0.18849894026134498 1686
1694360467941 0.18839940283275866 1687
1694360467969 0.18829610039429334 1688
1694360467992 0.18819659039642192 1689
1694360468016 0.18810835478396487 1690
1694360468039 0.18801842687436907 1691
1694360468063 0.18791357328774003 1692
1694360468087 0.1878149570110453 1693
1694360468110 0.1877245034652471 1694
1694360468139 0.1876323579288737 1695
1694360468165 0.18753147733389433 1696
1694360468224 0.18744838681932333 1697
1694360468251 0.1873610981811011 1698
1694360468303 0.18727023075559604 1699
1694360468352 0.18718822805011198 1700
1694360468374 0.18709083690266043 1701
1694360468400 0.18700459634830752 1702
1694360468430 0.1869114276460031 1703
1694360468454 0.18680327480113643 1704
1694360468478 0.18671110576870134 1705
1694360468502 0.18661743318942234 1706
1694360468527 0.18651735995472585 1707
1694360468551 0.18642768171723637 1708
1694360468576 0.18632761892093042 1709
1694360468603 0.186241422816695 1710
1694360468627 0.18614577270320073 1711
1694360468652 0.18605270727818857 1712
1694360468675 0.18596047101303956 1713
1694360468700 0.18586555769115817 1714
1694360468723 0.18578138376046108 1715
1694360468747 0.18570042410843235 1716
1694360468771 0.18560788207395676 1717
1694360468795 0.1855140624343191 1718
1694360468820 0.1854290348341987 1719
1694360468843 0.18532835178929855 1720
1694360468867 0.18523817987950889 1721
1694360468892 0.18514511873121436 1722
1694360468926 0.18504754347034053 1723
1694360468950 0.18496448145612698 1724
1694360468975 0.18488226423528784 1725
1694360469001 0.18477254840402754 1726
1694360469025 0.18467260438261227 1727
1694360469053 0.18457741931207025 1728
1694360469076 0.18448757035340477 1729
1694360469102 0.18438761035485013 1730
1694360469127 0.18428556966947315 1731
1694360469151 0.18419918665558188 1732
1694360469175 0.18410567674795053 1733
1694360469200 0.1840122640023352 1734
1694360469223 0.1839311091805198 1735
1694360469248 0.18383949229359164 1736
1694360469270 0.18374284468626204 1737
1694360469293 0.18365406744520116 1738
1694360469318 0.18355998404867296 1739
1694360469345 0.18346389339663427 1740
1694360469369 0.18337123496493807 1741
1694360469395 0.18327744605046184 1742
1694360469429 0.18318413439989611 1743
1694360469456 0.18308828968964616 1744
1694360469481 0.18300730482985256 1745
1694360469505 0.1829024598742436 1746
1694360469530 0.18281416567635925 1747
1694360469556 0.1827124853253806 1748
1694360469582 0.1826137740040603 1749
1694360469608 0.1825219300424974 1750
1694360469630 0.18242764740371775 1751
1694360469652 0.18234084188290883 1752
1694360469677 0.18224702149214878 1753
1694360469700 0.18215657423370332 1754
1694360469752 0.18206948895361114 1755
1694360469774 0.18196495544863123 1756
1694360469797 0.18187433560138544 1757
1694360469820 0.18177847769557712 1758
1694360469848 0.1816853198328562 1759
1694360469871 0.18158541999899058 1760
1694360469897 0.18147973568580153 1761
1694360469923 0.18138178651600095 1762
1694360469947 0.18129144399548897 1763
1694360469970 0.18119619388339547 1764
1694360469995 0.18109736886850167 1765
1694360470018 0.1810109853814116 1766
1694360470042 0.18091571295528677 1767
1694360470068 0.1808194140703081 1768
1694360470092 0.180736833652373 1769
1694360470116 0.18065690444587051 1770
1694360470140 0.1805701306513736 1771
1694360470164 0.18048024230971704 1772
1694360470505 0.18039389631309294 1773
1694360470525 0.18029480407338264 1774
1694360470551 0.18020452011876 1775
1694360470575 0.1801085801415593 1776
1694360470599 0.18002427149214398 1777
1694360470621 0.17993788225670487 1778
1694360470646 0.1798605132903772 1779
1694360470669 0.17976631172769006 1780
1694360470696 0.1796841120111316 1781
1694360470720 0.17960438885285257 1782
1694360470744 0.17952545857213897 1783
1694360470767 0.17945971443529146 1784
1694360470792 0.17937832241723262 1785
1694360470825 0.17928230733251269 1786
1694360470849 0.17918844652433447 1787
1694360470875 0.1790942259297673 1788
1694360470902 0.17899366895980187 1789
1694360470936 0.17891328668367615 1790
1694360470962 0.1788229404911732 1791
1694360470988 0.17872557061287478 1792
1694360471015 0.17862523507864098 1793
1694360471040 0.17854351656272288 1794
1694360471064 0.17845199546074467 1795
1694360471087 0.1783559548212868 1796
1694360471111 0.17826665782451198 1797
1694360471136 0.1781757269173112 1798
1694360471160 0.17808074292942017 1799
1694360471183 0.1779879192861319 1800
1694360471208 0.17789927821125895 1801
1694360471232 0.1778047164409199 1802
1694360471257 0.17771496617862692 1803
1694360471281 0.1776222583882302 1804
1694360471305 0.17752119081317824 1805
1694360471331 0.177423947527339 1806
1694360471355 0.17734540603055346 1807
1694360471379 0.17725708971691476 1808
1694360471403 0.17717465823008455 1809
1694360471441 0.17707820727690554 1810
1694360471468 0.17698378629792438 1811
1694360471491 0.17688949075243562 1812
1694360471515 0.17680961860380887 1813
1694360471539 0.17672812234129592 1814
1694360471565 0.17663440928310384 1815
1694360471591 0.17653566580811453 1816
1694360471619 0.1764526953346917 1817
1694360471642 0.1763574119397839 1818
1694360471667 0.17628423449423336 1819
1694360471692 0.17618605664636613 1820
1694360471716 0.17609622729811175 1821
1694360471740 0.17601704872993562 1822
1694360471796 0.17593933027609862 1823
1694360471819 0.17585163931329514 1824
1694360471844 0.17576763773650145 1825
1694360471866 0.175681012479407 1826
1694360471890 0.17559797569845612 1827
1694360471914 0.17552407363298375 1828
1694360471944 0.17543639782882287 1829
1694360471968 0.17534397118501074 1830
1694360471991 0.17525698665033423 1831
1694360472014 0.1751659700088487 1832
1694360472039 0.17507051615496932 1833
1694360472062 0.17499220438067006 1834
1694360472087 0.17490054925945384 1835
1694360472111 0.1748111822581281 1836
1694360472135 0.1747428554575239 1837
1694360472159 0.1746505613140207 1838
1694360472184 0.17454209762357428 1839
1694360472207 0.1744511633169537 1840
1694360472232 0.17436425905949232 1841
1694360472258 0.17428610615516618 1842
1694360472283 0.1742001638659363 1843
1694360472307 0.17412109747506568 1844
1694360472332 0.17403825580566917 1845
1694360472355 0.17394468274808925 1846
1694360472381 0.1738561546783338 1847
1694360472438 0.1737519532744459 1848
1694360472492 0.17365442226661565 1849
1694360472547 0.17357945725661592 1850
1694360472569 0.17349658663241244 1851
1694360472593 0.17340927260473887 1852
1694360472617 0.17332028376140407 1853
1694360472646 0.1732356616316945 1854
1694360472670 0.1731504558624582 1855
1694360472696 0.17307997171288797 1856
1694360472719 0.17300293745862144 1857
1694360472744 0.1729200714682872 1858
1694360472767 0.17283891902239099 1859
1694360472791 0.1727612671859884 1860
1694360472816 0.17266508830338986 1861
1694360472838 0.17257010785097904 1862
1694360472862 0.17248249295806578 1863
1694360472887 0.1723914515672334 1864
1694360472910 0.17229288174166774 1865
1694360472938 0.1722223754361994 1866
1694360472961 0.17213030368889223 1867
1694360472985 0.1720420199125084 1868
1694360473009 0.17194598542268227 1869
1694360473034 0.17186218447783785 1870
1694360473063 0.17178591813527386 1871
1694360473089 0.17169994659737475 1872
1694360473113 0.17162332989738485 1873
1694360473138 0.17153389089410997 1874
1694360473165 0.17144140664683363 1875
1694360473188 0.17135496724848 1876
1694360473209 0.17126769703112396 1877
1694360473233 0.17117722048266892 1878
1694360473257 0.1710829089101401 1879
1694360473282 0.17100215084078652 1880
1694360473306 0.17092032058218865 1881
1694360473329 0.17085044132423804 1882
1694360473353 0.170756721796691 1883
1694360473377 0.1706706259546609 1884
1694360473402 0.17058492026206062 1885
1694360473432 0.17049487358731183 1886
1694360473456 0.17041544366233613 1887
1694360473481 0.17034248082944295 1888
1694360473504 0.17026507486490747 1889
1694360473529 0.17018703641641397 1890
1694360473553 0.17010205465184364 1891
1694360473578 0.17001265730137002 1892
1694360473603 0.1699364409133937 1893
1694360473626 0.1698508803358297 1894
1694360473652 0.1697671375989869 1895
1694360473677 0.16968480439888148 1896
1694360473701 0.1696066644280201 1897
1694360473724 0.16953333297252016 1898
1694360473748 0.16945198668861924 1899
1694360473772 0.16936937338337738 1900
1694360473826 0.16928215781513395 1901
1694360473850 0.169207470401 1902
1694360473874 0.16912195157470775 1903
1694360473896 0.16904316281446513 1904
1694360473929 0.1689596204308494 1905
1694360473954 0.16886594160283802 1906
1694360473976 0.16878710879528142 1907
1694360474003 0.1687081325039501 1908
1694360474179 0.16863337774931011 1909
1694360474203 0.16854675538106118 1910
1694360474227 0.16846639731326163 1911
1694360474250 0.16838450849973297 1912
1694360474275 0.16830714904795824 1913
1694360474299 0.16822527582453808 1914
1694360474322 0.16814000299857676 1915
1694360474745 0.17229288174166774 1916
