1694355845611 1.910867382905353 0
1694355845646 1.8743461219500088 1
1694355845675 1.8412938098578737 2
1694355845710 1.809853880155774 3
1694355845734 1.7802509900275572 4
1694355845760 1.7520117032338802 5
1694355845784 1.725358048051905 6
1694355845809 1.6999915262172167 7
1694355845913 1.6753022021156192 8
1694355845937 1.6516414608094496 9
1694355845962 1.6289500248087794 10
1694355845993 1.6071749950828202 11
1694355846030 1.585953872538229 12
1694355846082 1.565627034552701 13
1694355846129 1.5460378845377594 14
1694355846166 1.527076279990832 15
1694355846235 1.508544219639693 16
1694355846259 1.4905136373654821 17
1694355846286 1.4730411133007366 18
1694355846313 1.4562073925137586 19
1694355846337 1.440084395729123 20
1694355846363 1.423899966112288 21
1694355846389 1.4083508591402003 22
1694355846413 1.393272198367461 23
1694355846438 1.3784996189013319 24
1694355846463 1.3641985837476243 25
1694355846489 1.3500392537891177 26
1694355846515 1.3360051034208085 27
1694355846539 1.3225112737140088 28
1694355846566 1.3093452147405291 29
1694355846592 1.2967199899190303 30
1694355846620 1.2840487694099898 31
1694355846646 1.2717081206813516 32
1694355846671 1.2597378798896186 33
1694355846700 1.2480412976993525 34
1694355846726 1.2366044242413528 35
1694355846752 1.2252208569777534 36
1694355846776 1.2142682119471495 37
1694355846801 1.2035893298125848 38
1694355846832 1.192926723170772 39
1694355846856 1.1825800962852426 40
1694355846882 1.1724867654569024 41
1694355846909 1.1626746379380544 42
1694355846935 1.1528376732610894 43
1694355846960 1.1431348613660541 44
1694355846985 1.1336175245789533 45
1694355847014 1.1243322482037579 46
1694355847040 1.1153125748215111 47
1694355847068 1.1062885324932152 48
1694355847094 1.097645720653688 49
1694355847119 1.0891799376713758 50
1694355847144 1.080791178528874 51
1694355847171 1.072533216135147 52
1694355847197 1.064402651602143 53
1694355847222 1.0564820135156834 54
1694355847248 1.0486540691895627 55
1694355847299 1.0410165587579752 56
1694355847323 1.033438187100281 57
1694355847354 1.0259783721276607 58
1694355847381 1.0187291564835612 59
1694355847406 1.011612681892941 60
1694355847431 1.0045030712863545 61
1694355847457 0.997548343411974 62
1694355847483 0.9907396739634716 63
1694355847528 0.9840135683902986 64
1694355847558 0.9774340185912139 65
1694355847583 0.9709941374048506 66
1694355847614 0.9646022795086179 67
1694355847637 0.9583125203269223 68
1694355847664 0.9521799521549572 69
1694355847688 0.9461098810924374 70
1694355847714 0.9401451097173513 71
1694355847740 0.9342926347609688 72
1694355847766 0.9284102287988379 73
1694355847792 0.9227506384937869 74
1694355847818 0.9170838057768053 75
1694355847846 0.9114610722798461 76
1694355847872 0.9060550063875622 77
1694355847903 0.9006984401006016 78
1694355847927 0.8954366596080302 79
1694355847954 0.8902762108134058 80
1694355847979 0.8852301377085545 81
1694355848005 0.8801647647913505 82
1694355848032 0.8752245898184158 83
1694355848057 0.8703263922819846 84
1694355848084 0.8654567790562067 85
1694355848111 0.8606587999862673 86
1694355848138 0.8559855873828237 87
1694355848167 0.8513786548884279 88
1694355848259 0.8467899719075541 89
1694355848294 0.8423529771246164 90
1694355848349 0.8379418454569311 91
1694355848375 0.8336049613234332 92
1694355848400 0.8293217659708296 93
1694355848430 0.825056347189883 94
1694355848455 0.8208608360216574 95
1694355848481 0.816752630488003 96
1694355848508 0.8127733986345936 97
1694355848535 0.8088201435904461 98
1694355848561 0.8048780162362543 99
1694355848586 0.8009933215307729 100
1694355848617 0.7971580627078215 101
1694355848643 0.7934299644031884 102
1694355848669 0.7896254598410678 103
1694355848698 0.7859851935596549 104
1694355848725 0.7823412906583319 105
1694355848750 0.7788306961261295 106
1694355848776 0.7752296700696751 107
1694355848802 0.7716884975680217 108
1694355848828 0.7681603341923324 109
1694355848914 0.7647620432525565 110
1694355848939 0.7613479595495605 111
1694355848968 0.7580340201703398 112
1694355848995 0.7548454336504298 113
1694355849021 0.751515777505351 114
1694355849047 0.7483205816875539 115
1694355849073 0.7452470422757451 116
1694355849101 0.7421798659525879 117
1694355849139 0.7390861687595923 118
1694355849167 0.7360173409094768 119
1694355849195 0.7330368232959533 120
1694355849223 0.7300591258640978 121
1694355849298 0.7272114330780834 122
1694355849349 0.7243478684237937 123
1694355849376 0.7215095497418825 124
1694355849403 0.7186759546968128 125
1694355849433 0.7159054190449471 126
1694355849458 0.7131667275711481 127
1694355849483 0.710450796235945 128
1694355849508 0.7078091476275207 129
1694355849534 0.7051467384741937 130
1694355849584 0.7025103847060176 131
1694355849609 0.6998943483359743 132
1694355849636 0.6973923984594094 133
1694355849663 0.6948919868419116 134
1694355849692 0.6922723283432743 135
1694355849719 0.6897885082942816 136
1694355849745 0.6873695830137841 137
1694355849782 0.684921056325058 138
1694355849807 0.6825558712702303 139
1694355849832 0.6801763732180997 140
1694355849857 0.6778448048814432 141
1694355849882 0.6755219632264972 142
1694355849908 0.6732381714124581 143
1694355849938 0.6709793517047521 144
1694355849962 0.668737772887691 145
1694355849987 0.6665351937484515 146
1694355850015 0.6643245970233455 147
1694355850040 0.6621781257994692 148
1694355850065 0.6600450362544614 149
1694355850091 0.657918205905537 150
1694355850117 0.655869673043402 151
1694355850145 0.6538121947961028 152
1694355850171 0.6518004820201853 153
1694355850198 0.6497437197815391 154
1694355850224 0.6477440035057269 155
1694355850252 0.6457927875200852 156
1694355850371 0.6438091150939514 157
1694355850400 0.6418661942570876 158
1694355850424 0.6399258912406091 159
1694355850450 0.63805134768435 160
1694355850477 0.6361026673702336 161
1694355850502 0.63422460144072 162
1694355850529 0.6323611533226354 163
1694355850554 0.6305334257250387 164
1694355850580 0.628734283055869 165
1694355850608 0.6269327108116872 166
1694355850639 0.6251580834175638 167
1694355850665 0.6234136589196847 168
1694355850691 0.6216604271675913 169
1694355850717 0.6199611105142055 170
1694355850743 0.6182388508175438 171
1694355850768 0.6165394165476007 172
1694355850795 0.6148589136636293 173
1694355850823 0.613169626240692 174
1694355850848 0.6115239554491071 175
1694355850874 0.6098823330996864 176
1694355850900 0.6082450540121718 177
1694355850932 0.6066297201718157 178
1694355850957 0.60506595518125 179
1694355850983 0.6034768115161602 180
1694355851009 0.6019080828702313 181
1694355851036 0.6003399254398293 182
1694355851062 0.5988074467832656 183
1694355851088 0.5972506019321138 184
1694355851113 0.5957732316823238 185
1694355851140 0.5943019584342663 186
1694355851167 0.5927962744246946 187
1694355851203 0.5913275635925012 188
1694355851233 0.5898473683999454 189
1694355851264 0.5883686749150547 190
1694355851293 0.5869219941869466 191
1694355851322 0.5854935041724548 192
1694355851376 0.5840994816561241 193
1694355851401 0.5827404666574767 194
1694355851426 0.5813717362770217 195
1694355851455 0.5800609755266122 196
1694355851480 0.5787238454773157 197
1694355851506 0.577393088283044 198
1694355851533 0.5760586763063525 199
1694355851559 0.5747382971185637 200
1694355851610 0.5734721346305366 201
1694355851635 0.5721751277697932 202
1694355851660 0.5708816787630386 203
1694355851687 0.5695907642141609 204
1694355851716 0.5683327482678024 205
1694355851754 0.5670853927455471 206
1694355851838 0.565827858896149 207
1694355851863 0.5646133490119905 208
1694355851891 0.563422250972699 209
1694355851917 0.5622215221183329 210
1694355851945 0.5610075987742652 211
1694355851970 0.5597671785702392 212
1694355851996 0.5585498848892172 213
1694355852023 0.5573383441717116 214
1694355852050 0.5562081007982279 215
1694355852075 0.5550733175089626 216
1694355852101 0.5539433971030072 217
1694355852126 0.5528064115512289 218
1694355852153 0.551688863435946 219
1694355852178 0.5505689779865351 220
1694355852204 0.5494771736777769 221
1694355852231 0.5483999061070401 222
1694355852256 0.5473004724150362 223
1694355852284 0.5462240595013844 224
1694355852310 0.5451183817701186 225
1694355852335 0.5440725408775337 226
1694355852367 0.5430215340791756 227
1694355852400 0.5419642759621406 228
1694355852454 0.5409484312133823 229
1694355852480 0.5399450810435587 230
1694355852551 0.5388978773925694 231
1694355852576 0.5378752214446199 232
1694355852602 0.5368464347582226 233
1694355852630 0.5358363774700026 234
1694355852658 0.5348310954543346 235
1694355852682 0.5338448050044058 236
1694355852709 0.5328749809546525 237
1694355852733 0.5318891411126724 238
1694355852761 0.5309158896188018 239
1694355852786 0.5299730416461185 240
1694355852811 0.5290154876707407 241
1694355852838 0.5280657052737405 242
1694355852863 0.5271242446292478 243
1694355852888 0.526209341467132 244
1694355852913 0.525291257906742 245
1694355852940 0.5243119335494877 246
1694355852967 0.5233659502654117 247
1694355852991 0.5224374347403692 248
1694355853017 0.5215346329558953 249
1694355853042 0.5206416913809974 250
1694355853067 0.5197268041508225 251
1694355853092 0.5188044655292542 252
1694355853117 0.5179566206913473 253
1694355853157 0.5170538925076426 254
1694355853182 0.516181551778969 255
1694355853207 0.5153065920033979 256
1694355853232 0.5144453667397744 257
1694355853259 0.5135962769276949 258
1694355853285 0.5127411584738499 259
1694355853310 0.511892000673728 260
1694355853336 0.5110508109785202 261
1694355853361 0.5102262429626769 262
1694355853413 0.5093776801999937 263
1694355853437 0.5085292929570523 264
1694355853461 0.5077442357264353 265
1694355853486 0.5069086527359533 266
1694355853515 0.5060968021303446 267
1694355853539 0.5052743776067317 268
1694355853563 0.5044966232340228 269
1694355853588 0.5036852139139384 270
1694355853640 0.5029056447811532 271
1694355853664 0.5021080634227718 272
1694355853689 0.5013149690266437 273
1694355853714 0.500535967829536 274
1694355853741 0.4997666613807164 275
1694355853766 0.4990162560282151 276
1694355853792 0.49825672760796225 277
1694355853817 0.49747395387807664 278
1694355853844 0.49672619423447817 279
1694355853868 0.49598421880440285 280
1694355853893 0.4952540230303446 281
1694355853918 0.4945053036135884 282
1694355853945 0.4937972243065314 283
1694355853973 0.4930320101972864 284
1694355853997 0.4923148804958261 285
1694355854021 0.49157352635691215 286
1694355854046 0.4908250087334063 287
1694355854071 0.4900876099327857 288
1694355854096 0.48935326852922373 289
1694355854120 0.4886675614268289 290
1694355854144 0.4879700548818664 291
1694355854172 0.48730069102717166 292
1694355854196 0.48662730152288686 293
1694355854223 0.485948771087884 294
1694355854249 0.48524564816498844 295
1694355854275 0.4845665390284573 296
1694355854300 0.4838571050056404 297
1694355854324 0.4832028380926032 298
1694355854350 0.4825106903141052 299
1694355854375 0.4818177386053115 300
1694355854400 0.4811459850197523 301
1694355854425 0.48049462528126125 302
1694355854450 0.4798088442872519 303
1694355854475 0.47913551475367355 304
1694355854501 0.4784723282612772 305
1694355854597 0.47779252524994065 306
1694355854621 0.4771369417141919 307
1694355854653 0.4764668687772827 308
1694355854679 0.4758093869756669 309
1694355854705 0.47518193391481184 310
1694355854738 0.4745442649532046 311
1694355854762 0.47389410737596593 312
1694355854787 0.4732400951997393 313
1694355854812 0.4726604502324013 314
1694355854837 0.4720448201082327 315
1694355854861 0.47142798152588955 316
1694355854887 0.4707946300455179 317
1694355854912 0.47020118400912636 318
1694355854937 0.46959494459059903 319
1694355854962 0.4689903399824297 320
1694355854988 0.46838287416898483 321
1694355855027 0.4677902247559511 322
1694355855051 0.4671889780820366 323
1694355855075 0.4665768756219327 324
1694355855099 0.4659906048437958 325
1694355855122 0.46541071193525074 326
1694355855155 0.46480084201947225 327
1694355855181 0.46420757049965805 328
1694355855205 0.46361513703487683 329
1694355855229 0.4630603637679374 330
1694355855253 0.46249947167700545 331
1694355855279 0.4619088280288172 332
1694355855303 0.4613155885994606 333
1694355855327 0.46072702714156005 334
1694355855351 0.46015741396372617 335
1694355855377 0.4595663604375696 336
1694355855403 0.4590191985212471 337
1694355855454 0.4584518402302624 338
1694355855478 0.4578690520653662 339
1694355855504 0.4573041838931306 340
1694355855530 0.4567205780754633 341
1694355855556 0.4561509402910315 342
1694355855581 0.4555909775470623 343
1694355855606 0.45502389128345644 344
1694355855632 0.45449197542309216 345
1694355855682 0.4539559751814915 346
1694355855708 0.45342684512481174 347
1694355855734 0.45284181261245204 348
1694355855758 0.45234339114201544 349
1694355855783 0.4518205495907046 350
1694355855808 0.45130835649126366 351
1694355855835 0.4508246435761236 352
1694355855859 0.45028490688480655 353
1694355855884 0.44977405582642177 354
1694355855909 0.4492265494583624 355
1694355855935 0.4487018017941075 356
1694355855960 0.44820631762474256 357
1694355855984 0.4476966605931722 358
1694355856010 0.4472149994118363 359
1694355856034 0.446705954798056 360
1694355856064 0.4461863270358599 361
1694355856088 0.4456971708244973 362
1694355856112 0.44519280853076837 363
1694355856139 0.4446999296739525 364
1694355856167 0.4441968711945093 365
1694355856192 0.4437005349268973 366
1694355856218 0.4432043726261787 367
1694355856243 0.44269592791868345 368
1694355856269 0.4421775987657077 369
1694355856297 0.4416873786487798 370
1694355856323 0.44117652197302737 371
1694355856349 0.4406974267633393 372
1694355856376 0.4402188428544322 373
1694355856403 0.4396873655605617 374
1694355856428 0.439217894497015 375
1694355856455 0.4387190527585812 376
1694355856481 0.43825038700244384 377
1694355856506 0.437783796074706 378
1694355856534 0.43730979437740347 379
1694355856564 0.4368052070132083 380
1694355856650 0.43635230512586953 381
1694355856707 0.4358759656672347 382
1694355856734 0.4353855594006611 383
1694355856758 0.4349205665367149 384
1694355856787 0.43444869714688583 385
1694355856813 0.4339758431642881 386
1694355856838 0.4335093682921069 387
1694355856865 0.43303336152467425 388
1694355856890 0.4325653436787309 389
1694355856914 0.43211228171949495 390
1694355856938 0.4316593300855764 391
1694355856964 0.4312060851198068 392
1694355856991 0.43074309426117197 393
1694355857020 0.43027056430939054 394
1694355857046 0.4298129760881199 395
1694355857070 0.4293570921025477 396
1694355857095 0.4289147713025534 397
1694355857120 0.4284361051205656 398
1694355857155 0.4279697069728142 399
1694355857181 0.4275250166211078 400
1694355857207 0.4271303301607685 401
1694355857232 0.4267077877877022 402
1694355857257 0.4262494746511488 403
1694355857282 0.4257946603347804 404
1694355857314 0.4253456338496401 405
1694355857340 0.42490953939812737 406
1694355857365 0.4244810758489279 407
1694355857390 0.42403211971504223 408
1694355857416 0.42359132089948515 409
1694355857442 0.4231543969039955 410
1694355857492 0.4227102141922917 411
1694355857516 0.4223008704888909 412
1694355857543 0.4218501528965273 413
1694355857567 0.4214366284552066 414
1694355857591 0.4210137580057915 415
1694355857616 0.4205830391672629 416
1694355857642 0.420143152439817 417
1694355857667 0.4197008445400415 418
1694355857719 0.4192691378582855 419
1694355857742 0.4188655254245493 420
1694355857767 0.41843816328492917 421
1694355857791 0.41803195057651443 422
1694355857820 0.41761199323509873 423
1694355857846 0.4172173624783716 424
1694355857870 0.41681222397132156 425
1694355857895 0.4164100194967821 426
1694355857920 0.4160147986141024 427
1694355857944 0.41560918133953845 428
1694355857969 0.4152191245884876 429
1694355857995 0.41482092604789095 430
1694355858023 0.41440089791978574 431
1694355858047 0.4140096578117471 432
1694355858072 0.413585678106851 433
1694355858179 0.4131961610053349 434
1694355858436 0.41279610241014425 435
1694355858460 0.41241171724249637 436
1694355858484 0.4120266648066129 437
1694355858509 0.41163911493777566 438
1694355858533 0.4112356057577572 439
1694355858557 0.41087411712221245 440
1694355858585 0.4104564655103345 441
1694355858609 0.41007221457954224 442
1694355858633 0.4096909655895976 443
1694355858657 0.4092858270959034 444
1694355858758 0.40889700158314396 445
1694355858783 0.40851594996415047 446
1694355858812 0.4080755105181108 447
1694355858836 0.4076693512354288 448
1694355858862 0.4072806933924751 449
1694355858887 0.4068860918389019 450
1694355858913 0.40651492049180227 451
1694355858937 0.4061174576301878 452
1694355858960 0.40575616738966164 453
1694355858984 0.4053605205597769 454
1694355859009 0.4049434902051334 455
1694355859036 0.4045491009513349 456
1694355859061 0.40418368224270484 457
1694355859086 0.4038299667900483 458
1694355859113 0.40344825105188215 459
1694355859141 0.4030746611334819 460
1694355859167 0.4027247684298418 461
1694355859193 0.4023822742979889 462
1694355859220 0.40199076144138574 463
1694355859248 0.40161310150886637 464
1694355859277 0.401256528707417 465
1694355859307 0.40088587815834903 466
1694355859333 0.40051614956298776 467
1694355859363 0.400144891470269 468
1694355859389 0.3997691829213044 469
1694355859418 0.3994450077206174 470
1694355859447 0.3991077039993264 471
1694355859476 0.39875240889287694 472
1694355859530 0.39837807206548986 473
1694355859555 0.39801799340663996 474
1694355859580 0.397667085846517 475
1694355859604 0.3973094497604509 476
1694355859630 0.3969744874392689 477
1694355859653 0.39660402305187004 478
1694355859679 0.3962344156904259 479
1694355859710 0.39588678910115527 480
1694355859758 0.395532789462182 481
1694355859783 0.3951936241795002 482
1694355859807 0.3948567461532134 483
1694355859834 0.39449670739288956 484
1694355859860 0.3941283861272205 485
1694355859885 0.3938050507375172 486
1694355859911 0.39346237022389663 487
1694355859937 0.39310582817024636 488
1694355859963 0.39276816810927734 489
1694355859991 0.39241460086471097 490
1694355860019 0.3920452003459237 491
1694355860046 0.3917277677412158 492
1694355860069 0.39137689080454047 493
1694355860092 0.39101254294577786 494
1694355860118 0.39066924272765785 495
1694355860146 0.390306377126772 496
1694355860171 0.390022771157746 497
1694355860197 0.38966071355825876 498
1694355860221 0.3893150595775681 499
1694355860247 0.3889621877413413 500
1694355860271 0.3885813540362581 501
1694355860295 0.38824584592529915 502
1694355860319 0.38790192915992894 503
1694355860346 0.3875743145235445 504
1694355860370 0.3872644363269095 505
1694355860396 0.38692199685231626 506
1694355860420 0.3865597792814469 507
1694355860445 0.3862100910373875 508
1694355860471 0.3858408299743933 509
1694355860497 0.38549944557010934 510
1694355860521 0.38515068497900895 511
1694355860545 0.38484242243751876 512
1694355860569 0.38452491973509056 513
1694355860596 0.3841912934413082 514
1694355860622 0.3838472783715734 515
1694355860647 0.38353262880983513 516
1694355860674 0.3831967752768457 517
1694355860700 0.38286619116044374 518
1694355860726 0.38247819951777123 519
1694355860750 0.38214102365128777 520
1694355860848 0.38180588052732856 521
1694355860871 0.38146632567921174 522
1694355860899 0.38112562735273264 523
1694355860925 0.3808094363521754 524
1694355860950 0.38049547725234173 525
1694355860974 0.38019180156165683 526
1694355860999 0.37987532894923914 527
1694355861024 0.3795663965203273 528
1694355861053 0.37925389133939125 529
1694355861084 0.3789470148836374 530
1694355861108 0.37862148514820143 531
1694355861133 0.3783015973327525 532
1694355861158 0.37801253017743136 533
1694355861192 0.3776915303412157 534
1694355861216 0.3773406897094332 535
1694355861242 0.3770359229204304 536
1694355861269 0.37672972622279993 537
1694355861295 0.37644002201524723 538
1694355861319 0.376133063929968 539
1694355861344 0.3758246453251797 540
1694355861371 0.3754927543916864 541
1694355861398 0.37516747403503026 542
1694355861424 0.3748363123253761 543
1694355861449 0.3745367029058827 544
1694355861475 0.37421033316744834 545
1694355861500 0.37391532514011233 546
1694355861525 0.37362317874960876 547
1694355861574 0.3733279481659814 548
1694355861599 0.37301504327268525 549
1694355861623 0.37271340764655786 550
1694355861647 0.3724216805404621 551
1694355861673 0.37212986228740674 552
1694355861700 0.3718325722836926 553
1694355861725 0.3715504033154154 554
1694355861789 0.3712816390310228 555
1694355861814 0.37098404236602256 556
1694355861839 0.37070654216935317 557
1694355861866 0.3704211728710989 558
1694355861890 0.370099379016108 559
1694355861914 0.36978059693380433 560
1694355861939 0.3694721647127278 561
1694355861964 0.36918891886293637 562
1694355861988 0.3689174733764937 563
1694355862012 0.3686360787984996 564
1694355862038 0.36836797529365684 565
1694355862066 0.3680662019645111 566
1694355862089 0.3677617946128359 567
1694355862113 0.36748117203740643 568
1694355862138 0.3671858242194153 569
1694355862164 0.366868927339204 570
1694355862190 0.3665972422177837 571
1694355862215 0.3663184776158062 572
1694355862241 0.3660012002874537 573
1694355862269 0.36568257124831477 574
1694355862296 0.36539277878984566 575
1694355862321 0.36509886671680386 576
1694355862344 0.3648289598618569 577
1694355862369 0.3645189253351035 578
1694355862398 0.36423908630479723 579
1694355862421 0.3639267462158407 580
1694355862446 0.36363243629316666 581
1694355862471 0.36334368322650906 582
1694355862496 0.3630671130379167 583
1694355862521 0.3627861408205 584
1694355862546 0.3624974237704265 585
1694355862570 0.36221404660236717 586
1694355862594 0.361959255091393 587
1694355862620 0.36164765525342685 588
1694355862644 0.36136218005068704 589
1694355862668 0.3610822079479422 590
1694355862693 0.3607835233793382 591
1694355862718 0.3605063122590491 592
1694355862747 0.36023779939909717 593
1694355862773 0.3599552103202123 594
1694355862799 0.35966973355286574 595
1694355862882 0.3594103700238307 596
1694355862925 0.35911529822905736 597
1694355862949 0.35882851704774166 598
1694355862981 0.3585605793738113 599
1694355863006 0.35828462289023505 600
1694355863031 0.35803404403449607 601
1694355863055 0.35772780616209415 602
1694355863081 0.3574468366101213 603
1694355863106 0.3571713623981733 604
1694355863130 0.35690252879219375 605
1694355863156 0.35661327800172404 606
1694355863182 0.3563302678407594 607
1694355863208 0.3560720217431664 608
1694355863231 0.3557818688483087 609
1694355863257 0.3554874138720426 610
1694355863282 0.3551933071417513 611
1694355863305 0.3549108664546865 612
1694355863330 0.3546155323161618 613
1694355863355 0.3543269601063992 614
1694355863380 0.3540824584428111 615
1694355863405 0.35378265938276493 616
1694355863430 0.3535146584529769 617
1694355863458 0.35325276172523024 618
1694355863482 0.3529761691766835 619
1694355863507 0.35269031099345644 620
1694355863532 0.3523962021579628 621
1694355863557 0.3521191361655197 622
1694355863608 0.3518241594738758 623
1694355863632 0.3515548084892916 624
1694355863654 0.3513024642128947 625
1694355863677 0.3510670779825401 626
1694355863705 0.35078316814107685 627
1694355863731 0.3505083075214654 628
1694355863753 0.3502545901638765 629
1694355863780 0.34998494530826674 630
1694355863830 0.3497146494905615 631
1694355863852 0.34948810362332483 632
1694355863877 0.34917935184251275 633
1694355863901 0.3489211292122139 634
1694355863925 0.34864623372114056 635
1694355863950 0.3484181654216704 636
1694355863974 0.3481779973622153 637
1694355864000 0.3478907159674762 638
1694355864025 0.34763625486324107 639
1694355864049 0.3473742731889515 640
1694355864074 0.34709636591470355 641
1694355864101 0.34684131556170034 642
1694355864125 0.3465568708380218 643
1694355864148 0.3462938720315505 644
1694355864172 0.3460331899933409 645
1694355864197 0.34578467028289117 646
1694355864224 0.34552890495506855 647
1694355864251 0.34526290738569404 648
1694355864274 0.3450035369242414 649
1694355864299 0.3447397314072388 650
1694355864323 0.34447243189086796 651
1694355864350 0.3442307207891543 652
1694355864374 0.34397864400579997 653
1694355864398 0.3437217626069295 654
1694355864423 0.3434814295828512 655
1694355864448 0.343229763423563 656
1694355864504 0.34297279012925247 657
1694355864528 0.3427085066084252 658
1694355864553 0.3424543557622064 659
1694355864581 0.3422127573832353 660
1694355864605 0.341967762364911 661
1694355864630 0.3417185243555743 662
1694355864653 0.3414570522780844 663
1694355864678 0.34120736304275445 664
1694355864706 0.3409367299935838 665
1694355864731 0.34068077350860726 666
1694355864755 0.34044217595994397 667
1694355864781 0.3401875631675979 668
1694355864806 0.3399244190288333 669
1694355864832 0.33969900427353555 670
1694355864857 0.3394252421515995 671
1694355864882 0.3391920348575073 672
1694355864917 0.33893144952152165 673
1694355864944 0.3386770825532288 674
1694355864967 0.33846347865932314 675
1694355865068 0.3381995275339043 676
1694355865092 0.3379501272273464 677
1694355865122 0.3376965439313938 678
1694355865147 0.3374422275656914 679
1694355865170 0.3371767524600588 680
1694355865206 0.3369266812485831 681
1694355865230 0.33666044157275626 682
1694355865262 0.3364108320581349 683
1694355865286 0.3361521311052502 684
1694355865311 0.335895287726783 685
1694355865334 0.33564263775007486 686
1694355865360 0.33538495870581086 687
1694355865384 0.3351273252674464 688
1694355865409 0.33485873550216005 689
1694355865435 0.33460953162843055 690
1694355865464 0.33436375825811854 691
1694355865489 0.3341355838400825 692
1694355865514 0.33389021787101236 693
1694355865539 0.3336911306289971 694
1694355865566 0.3334158080258528 695
1694355865594 0.33317735335352827 696
1694355865649 0.3329505145099059 697
1694355865673 0.33269774665530316 698
1694355865698 0.33245337872619185 699
1694355865722 0.3322219594858036 700
1694355865749 0.331966590980727 701
1694355865774 0.3317211530718135 702
1694355865799 0.3314922894284441 703
1694355865824 0.33125864019834267 704
1694355865872 0.3310262041128381 705
1694355865895 0.33078461720194463 706
1694355865920 0.3305674746289462 707
1694355865946 0.330343954274272 708
1694355865972 0.3300978149162204 709
1694355865998 0.32987486433330376 710
1694355866021 0.32965815478671734 711
1694355866046 0.3294505021421058 712
1694355866070 0.32923045191051764 713
1694355866094 0.3290126630540696 714
1694355866120 0.32880079192884004 715
1694355866147 0.3285612203687403 716
1694355866171 0.3283445960284063 717
1694355866196 0.3281176925721045 718
1694355866220 0.3278822426032642 719
1694355866248 0.3276499097901854 720
1694355866272 0.3274273011703446 721
1694355866298 0.3271755831323891 722
1694355866323 0.32694646367648533 723
1694355866347 0.3267242494963395 724
1694355866371 0.3265107884586649 725
1694355866395 0.32629720470990187 726
1694355866421 0.32608828456533023 727
1694355866446 0.32585638037539627 728
1694355866472 0.325623895068714 729
1694355866498 0.32537608790092826 730
1694355866524 0.3251388313366842 731
1694355866551 0.3249023799509675 732
1694355866577 0.32467016526053666 733
1694355866602 0.32443408852305433 734
1694355866628 0.3242077272365832 735
1694355866655 0.32395958873321584 736
1694355866679 0.3237442261978699 737
1694355866704 0.3235181798378648 738
1694355866729 0.32331879403698943 739
1694355866759 0.3230932251203955 740
1694355866785 0.3228422669929666 741
1694355866811 0.32263761409072605 742
1694355866837 0.3223628972083288 743
1694355866864 0.3221483526669736 744
1694355866889 0.3219488701795385 745
1694355866915 0.32174354687428713 746
1694355866941 0.32151450857752245 747
1694355866968 0.3212887488342524 748
1694355866995 0.3210868333164977 749
1694355867021 0.32083945504143474 750
1694355867059 0.3206179420653331 751
1694355867084 0.32038424244832536 752
1694355867171 0.32013709026078074 753
1694355867196 0.3199183542212092 754
1694355867224 0.31970258827293424 755
1694355867248 0.31947765847108345 756
1694355867271 0.31926650391768474 757
1694355867296 0.31904959955354467 758
1694355867320 0.31882475608871835 759
1694355867345 0.3186126342629267 760
1694355867368 0.3183927759912194 761
1694355867395 0.31815781816391714 762
1694355867418 0.31796907687102444 763
1694355867445 0.3177369447543503 764
1694355867624 0.31750465430460234 765
1694355867653 0.3172719296422525 766
1694355867704 0.31706582583380094 767
1694355867728 0.31683178645785914 768
1694355867755 0.3166263305268425 769
1694355867780 0.3164017317980982 770
1694355867806 0.31619721457472044 771
1694355867831 0.3159884048934696 772
1694355867855 0.31577776649684447 773
1694355867906 0.31552500370181163 774
1694355867929 0.3153004378612201 775
1694355867952 0.3151085981155414 776
1694355867976 0.3148965060328087 777
1694355868005 0.31466008338156826 778
1694355868030 0.314475272204949 779
1694355868054 0.3142537854843625 780
1694355868079 0.31405262316619653 781
1694355868110 0.3138441097070353 782
1694355868138 0.31364781198559094 783
1694355868160 0.3134466759120155 784
1694355868184 0.313235885735862 785
1694355868208 0.313036831975611 786
1694355868232 0.3128174152810087 787
1694355868257 0.3126084491949625 788
1694355868281 0.31238201640359897 789
1694355868304 0.31218259214333166 790
1694355868329 0.31196321571245283 791
1694355868354 0.3117528000075039 792
1694355868378 0.3115399828614147 793
1694355868404 0.3113243496811038 794
1694355868428 0.31110400830577983 795
1694355868454 0.3108917968558818 796
1694355868477 0.31069620169753 797
1694355868501 0.3104883707025462 798
1694355868528 0.3103033078893763 799
1694355868552 0.31009755410514617 800
1694355868577 0.3098481317702294 801
1694355868602 0.3096421471842731 802
1694355868636 0.3094279130997656 803
1694355868662 0.3092269974038506 804
1694355868688 0.3090211309051517 805
1694355868712 0.3087952395354181 806
1694355868736 0.30857921367443814 807
1694355868761 0.3083995267115605 808
1694355868786 0.30819330590763594 809
1694355868812 0.30798085431894207 810
1694355868837 0.30776175361349584 811
1694355868862 0.3075570851218242 812
1694355868886 0.30735936555982807 813
1694355868912 0.3071454628089816 814
1694355868936 0.3069253062567537 815
1694355868961 0.3066928237165182 816
1694355868987 0.306511139751573 817
1694355869011 0.30632339312415996 818
1694355869040 0.30611824594151343 819
1694355869065 0.3059304610218579 820
1694355869091 0.30570696768891853 821
1694355869117 0.30548066457780776 822
1694355869142 0.30527175754158475 823
1694355869270 0.30506332692511795 824
1694355869301 0.3048593416222823 825
1694355869325 0.3046524473951482 826
1694355869350 0.30446463127842316 827
1694355869375 0.3042569763754381 828
1694355869398 0.3040700958652616 829
1694355869421 0.303880107779136 830
1694355869444 0.30367462421765323 831
1694355869469 0.30350582887074057 832
1694355869494 0.30328648443276546 833
1694355869517 0.3031080964572597 834
1694355869541 0.30288816248088946 835
1694355869566 0.30269657722767723 836
1694355869590 0.3025286804754647 837
1694355869613 0.3023514404052104 838
1694355869637 0.30216695855196934 839
1694355869661 0.3019628873514717 840
1694355869690 0.3017869965109257 841
1694355869741 0.3015712973708369 842
1694355869765 0.3013615472622995 843
1694355869788 0.30115347879422244 844
1694355869813 0.3009379791438553 845
1694355869841 0.30073016667658964 846
1694355869866 0.30053484037384526 847
1694355869890 0.3003317780845556 848
1694355869940 0.3001260951347962 849
1694355869963 0.2999459392245712 850
1694355869986 0.29975761730277084 851
1694355870010 0.2995626535424984 852
1694355870035 0.29933176740133405 853
1694355870059 0.299140564633799 854
1694355870085 0.29893300250074517 855
1694355870109 0.2987313022269743 856
1694355870135 0.29852895598683804 857
1694355870161 0.29834591003425415 858
1694355870184 0.29816673416878753 859
1694355870208 0.2979699460396423 860
1694355870232 0.2978034691220779 861
1694355870257 0.29761383086490484 862
1694355870282 0.29741798389325846 863
1694355870306 0.2972334070889148 864
1694355870330 0.29705723143558627 865
1694355870358 0.29687578142949245 866
1694355870383 0.2966771197713623 867
1694355870407 0.2964780444519307 868
1694355870431 0.29627220962422196 869
1694355870455 0.29609662183110486 870
1694355870481 0.2958848960139313 871
1694355870507 0.29568554347837095 872
1694355870533 0.2954798700119425 873
1694355870559 0.2952809424515973 874
1694355870583 0.29508365298974565 875
1694355870610 0.29486882080364674 876
1694355870637 0.2946616014297473 877
1694355870664 0.29447362123482146 878
1694355870690 0.2942890205421701 879
1694355870717 0.2940889302029867 880
1694355870743 0.29389686747346294 881
1694355870770 0.2937170346101019 882
1694355870799 0.2935085551775069 883
1694355870828 0.29333554561545855 884
1694355870859 0.2931448147472312 885
1694355870881 0.2929739794342308 886
1694355870905 0.2927895490630212 887
1694355870928 0.29259794683373097 888
1694355870952 0.2924347774022763 889
1694355870975 0.29226623472911273 890
1694355871000 0.29209024426947466 891
1694355871025 0.29193029337996473 892
1694355871049 0.29176348103710775 893
1694355871073 0.29157971844309566 894
1694355871097 0.2913884526973611 895
1694355871123 0.2912108495683027 896
1694355871147 0.2910215055679049 897
1694355871175 0.29084932117995305 898
1694355871198 0.2906710431894632 899
1694355871221 0.2904855812184693 900
1694355871256 0.2903041969897537 901
1694355871290 0.2901220231436904 902
1694355871373 0.28992862562494015 903
1694355871396 0.2897472472884126 904
1694355871421 0.28954926472058384 905
1694355871446 0.2893462948626746 906
1694355871474 0.2891499059614387 907
1694355871498 0.28896609679519175 908
1694355871521 0.28878548025481876 909
1694355871546 0.28859612057374395 910
1694355871570 0.28839861708110975 911
1694355871596 0.28818823924743003 912
1694355871621 0.28801329548083726 913
1694355871645 0.28784098744093944 914
1694355871674 0.28765780509347694 915
1694355871699 0.2874601934073954 916
1694355871723 0.2872676515128599 917
1694355871774 0.287089547904443 918
1694355871799 0.286905898404672 919
1694355871824 0.2867083489024251 920
1694355871849 0.28653315450150263 921
1694355871875 0.2863569666544952 922
1694355871900 0.28615130872557876 923
1694355871926 0.2859615880769397 924
1694355871976 0.28576690581269953 925
1694355871999 0.28559929404347206 926
1694355872024 0.2854238820589968 927
1694355872049 0.28522766116635934 928
1694355872075 0.2850419606419342 929
1694355872099 0.28484207377623133 930
1694355872124 0.28463440422841746 931
1694355872148 0.28445602681661925 932
1694355872174 0.2842628623775824 933
1694355872201 0.2840993263063724 934
1694355872224 0.2839227403562002 935
1694355872248 0.283739318378703 936
1694355872271 0.2835653123324527 937
1694355872297 0.28338172046076526 938
1694355872321 0.2831895972644374 939
1694355872346 0.28300238689077334 940
1694355872371 0.2828127733170553 941
1694355872401 0.28261200940608383 942
1694355872425 0.282419018894979 943
1694355872452 0.28224980255358667 944
1694355872475 0.28205857367555315 945
1694355872499 0.2819077661967774 946
1694355872523 0.28171819423736144 947
1694355872547 0.28154605222314677 948
1694355872569 0.2813929805531506 949
1694355872592 0.28121119727288846 950
1694355872616 0.28103234135955807 951
1694355872640 0.2808381643293013 952
1694355872665 0.28067055221644893 953
1694355872689 0.28048262578962735 954
1694355872715 0.28028816797386635 955
1694355872740 0.2801119640660779 956
1694355872764 0.27996229008933887 957
1694355872788 0.27978308597197016 958
1694355872813 0.2795983873576009 959
1694355872839 0.27942942617529276 960
1694355872863 0.27926064184781413 961
1694355872888 0.2790733742343073 962
1694355872917 0.27888928333497215 963
1694355872951 0.2787352417739607 964
1694355872977 0.2785415666685445 965
1694355873046 0.27833960172029265 966
1694355873070 0.27817855156160565 967
1694355873093 0.2780067802634859 968
1694355873119 0.27781912918386675 969
1694355873143 0.277652163215378 970
1694355873166 0.27749912629853923 971
1694355873190 0.2773425525191248 972
1694355873226 0.27721246516728315 973
1694355873249 0.27704003506969843 974
1694355873273 0.2768721816536111 975
1694355873297 0.2766849953150857 976
1694355873320 0.27652107643841095 977
1694355873344 0.27634382733290064 978
1694355873389 0.2761793218654656 979
1694355873447 0.2760341464702994 980
1694355873487 0.27588575998133036 981
1694355873513 0.2757175255805738 982
1694355873539 0.2755359477110418 983
1694355873562 0.27538708598004075 984
1694355873585 0.2752001599832397 985
1694355873609 0.2750342295345484 986
1694355873634 0.2748543301211926 987
1694355873659 0.27468056193354085 988
1694355873685 0.2745225337247191 989
1694355873712 0.27435270851542065 990
1694355873735 0.27418214343673963 991
1694355873760 0.27400472693775285 992
1694355873809 0.27382248826614636 993
1694355873834 0.27363484309769454 994
1694355873857 0.2734857670689802 995
1694355873882 0.2733178241237553 996
1694355873904 0.2731555030556498 997
1694355873927 0.27300512291372486 998
1694355873953 0.27282396895889 999
1694355873978 0.27265411512924936 1000
1694355874025 0.2724962795469085 1001
1694355874055 0.2723182796842112 1002
1694355874078 0.2721539389478582 1003
1694355874102 0.2719885725961917 1004
1694355874128 0.2718046908586683 1005
1694355874151 0.2716264529152529 1006
1694355874175 0.27144313894849503 1007
1694355874199 0.27127314580690515 1008
1694355874226 0.27112167208383087 1009
1694355874250 0.2709514123385483 1010
1694355874275 0.2708045301843929 1011
1694355874298 0.27066581987788174 1012
1694355874323 0.27050053850367534 1013
1694355874349 0.27033794528961447 1014
1694355874373 0.2701820466871205 1015
1694355874399 0.2700114273575715 1016
1694355874425 0.26982034174590624 1017
1694355874449 0.26964808063389895 1018
1694355874473 0.2694766685976053 1019
1694355874498 0.26930446514868545 1020
1694355874522 0.26912072970683126 1021
1694355874546 0.2689558630503545 1022
1694355874575 0.2687753771313542 1023
1694355874598 0.2685970729491803 1024
1694355874623 0.2684303205492902 1025
1694355874647 0.2682703631890904 1026
1694355874673 0.26808547388202775 1027
1694355874700 0.2679177578743877 1028
1694355874725 0.26774586275033624 1029
1694355874750 0.26757580352968957 1030
1694355874775 0.26742987546673785 1031
1694355874800 0.26727326443888594 1032
1694355874825 0.26710389274345325 1033
1694355874848 0.26695085185462053 1034
1694355874873 0.2667873630650596 1035
1694355874899 0.2666124557362185 1036
1694355874923 0.2664625064199802 1037
1694355874948 0.266293035131182 1038
1694355874972 0.26612183630465674 1039
1694355874997 0.26598154623551645 1040
1694355875023 0.2658144469119357 1041
1694355875049 0.26565619067296803 1042
1694355875073 0.26551021667484276 1043
1694355875101 0.2653416844316664 1044
1694355875124 0.265172068024264 1045
1694355875149 0.2650137900326896 1046
1694355875173 0.26485737029982964 1047
1694355875197 0.26469056415155723 1048
1694355875223 0.2645406136702794 1049
1694355875249 0.26437940742356014 1050
1694355875275 0.26422125087719817 1051
1694355875302 0.2640516136144328 1052
1694355875328 0.26389288930743704 1053
1694355875352 0.26374724227326257 1054
1694355875378 0.2635808439333166 1055
1694355875403 0.26344964907966884 1056
1694355875431 0.2632785978049347 1057
1694355875456 0.26311330740413125 1058
1694355875493 0.26296271393630605 1059
1694355875561 0.2628015077523405 1060
1694355875611 0.2626427304392405 1061
1694355875637 0.26246625851244965 1062
1694355875664 0.26231933849441463 1063
1694355875690 0.26217005530818593 1064
1694355875714 0.26203836490607607 1065
1694355875737 0.261893800657544 1066
1694355875773 0.2617510652242873 1067
1694355875798 0.26158909127749697 1068
1694355875855 0.26143530177479474 1069
1694355875878 0.2612804446768331 1070
1694355875902 0.2611281724980755 1071
1694355875929 0.26098787579140553 1072
1694355875955 0.26082637011436194 1073
1694355875981 0.26067668996011506 1074
1694355876005 0.26053582929890595 1075
1694355876054 0.26036758492447765 1076
1694355876078 0.2602182613477867 1077
1694355876101 0.26007056860413985 1078
1694355876124 0.2599125079323302 1079
1694355876151 0.25975644255711733 1080
1694355876174 0.2596042260833095 1081
1694355876199 0.2594469285625711 1082
1694355876224 0.2592837533572317 1083
1694355876250 0.25912149533516965 1084
1694355876274 0.2589583722562798 1085
1694355876298 0.25879678994041866 1086
1694355876321 0.25863578031737183 1087
1694355876344 0.2584918648279622 1088
1694355876367 0.25834730733465866 1089
1694355876398 0.25819844003080183 1090
1694355876423 0.25803563658463147 1091
1694355876445 0.257894789300107 1092
1694355876470 0.2577456674785975 1093
1694355876494 0.25759095184699604 1094
1694355876517 0.25742307804680586 1095
1694355876543 0.2572613935367878 1096
1694355876567 0.2571156131441386 1097
1694355876591 0.2569697517297691 1098
1694355876616 0.2568402055150613 1099
1694355876641 0.2566986578129508 1100
1694355876667 0.25655340695673684 1101
1694355876693 0.2563877897004765 1102
1694355876720 0.25622784142032673 1103
1694355876747 0.2560675175164536 1104
1694355876773 0.25591883331461435 1105
1694355876800 0.2557586038787552 1106
1694355876828 0.25561100976954443 1107
1694355876855 0.2554554635612103 1108
1694355876882 0.25528891592138114 1109
1694355876908 0.2551490355153605 1110
1694355876935 0.2550086313052903 1111
1694355876963 0.2548684247110811 1112
1694355876990 0.2547149758524298 1113
1694355877017 0.25455608617261866 1114
1694355877044 0.2544206947273986 1115
1694355877072 0.254273341932044 1116
1694355877099 0.25413241312017076 1117
1694355877125 0.25400229750283687 1118
1694355877152 0.25385196924083125 1119
1694355877179 0.25369875469021713 1120
1694355877204 0.25354148258150055 1121
1694355877240 0.253375798867773 1122
1694355877269 0.2532353629716209 1123
1694355877295 0.2530780595723825 1124
1694355877328 0.2529511385658823 1125
1694355877362 0.2528213495074439 1126
1694355877389 0.25267129702747637 1127
1694355877416 0.25250833720145077 1128
1694355877442 0.25236900173937954 1129
1694355877471 0.2522190710211868 1130
1694355877497 0.2520799154294791 1131
1694355877523 0.25193374363086646 1132
1694355877548 0.25178330759960915 1133
1694355877574 0.2516528550149927 1134
1694355877610 0.2514774857380752 1135
1694355877644 0.2513420851695179 1136
1694355877708 0.25118487360949115 1137
1694355877748 0.25103790577256085 1138
1694355877775 0.2508816027121053 1139
1694355877798 0.2507606465444596 1140
1694355877823 0.2506078588034697 1141
1694355877874 0.2504523229045126 1142
1694355877898 0.2503186259971918 1143
1694355877921 0.2501650914402334 1144
1694355877946 0.2500152081136406 1145
1694355877975 0.24986547885685356 1146
1694355877999 0.24971579341924557 1147
1694355878026 0.24955002617105174 1148
1694355878078 0.24940875993412184 1149
1694355878101 0.249260869461482 1150
1694355878124 0.24914020127999276 1151
1694355878147 0.24899403139962942 1152
1694355878183 0.24883872064595342 1153
1694355878206 0.24869214782877147 1154
1694355878232 0.24854794859142432 1155
1694355878255 0.24841455509614047 1156
1694355878281 0.24827439631119186 1157
1694355878316 0.24811958103903137 1158
1694355878349 0.24795103810280464 1159
1694355878373 0.24779232690056854 1160
1694355878396 0.24764787074841443 1161
1694355878429 0.24750347974287445 1162
1694355878454 0.24736796525170496 1163
1694355878478 0.24721301051080125 1164
1694355878501 0.24706483230728202 1165
1694355878525 0.24692546464754656 1166
1694355878550 0.24676097924412155 1167
1694355878575 0.24660087018042112 1168
1694355878598 0.24645282697089482 1169
1694355878622 0.246314824909417 1170
1694355878649 0.2461609465161732 1171
1694355878674 0.24602307513004282 1172
1694355878700 0.24587579333576262 1173
1694355878724 0.24573776773410763 1174
1694355878749 0.2455873666649458 1175
1694355878774 0.24544193914785226 1176
1694355878799 0.2453096836061202 1177
1694355878824 0.24517091633318205 1178
1694355878849 0.24503977046395217 1179
1694355878874 0.24487980232655124 1180
1694355878900 0.24474216533806964 1181
1694355878927 0.24457927411998437 1182
1694355878952 0.24443786474082552 1183
1694355878977 0.24429515044554118 1184
1694355879003 0.24415157640068874 1185
1694355879029 0.24399924296808945 1186
1694355879054 0.2438623994721024 1187
1694355879078 0.24371335141022063 1188
1694355879105 0.24355112692620798 1189
1694355879130 0.2434089046621393 1190
1694355879154 0.24328427047576107 1191
1694355879179 0.24315287044187547 1192
1694355879210 0.24302038420403016 1193
1694355879236 0.2428732572796363 1194
1694355879263 0.24273910584644445 1195
1694355879289 0.242598625176875 1196
1694355879313 0.24246242727002887 1197
1694355879339 0.2423398074563833 1198
1694355879365 0.24220151807622184 1199
1694355879389 0.24205095485147596 1200
1694355879414 0.24191159568873571 1201
1694355879439 0.24176635046815376 1202
1694355879463 0.24163290916563865 1203
1694355879487 0.24147814032228376 1204
1694355879512 0.24135106124494832 1205
1694355879536 0.24120237726509725 1206
1694355879560 0.24106460123756704 1207
1694355879584 0.24092830291408077 1208
1694355879618 0.2408021162160849 1209
1694355879648 0.24066642650280584 1210
1694355879674 0.24051486329831756 1211
1694355879706 0.24038561360734448 1212
1694355879816 0.24026493808591973 1213
1694355879843 0.24012073002177067 1214
1694355879866 0.2399689501078949 1215
1694355879914 0.23983802822682238 1216
1694355879936 0.2397096958825082 1217
1694355879958 0.23956649530818028 1218
1694355879984 0.23943325536492965 1219
1694355880006 0.23930172002593436 1220
1694355880030 0.23916885853788897 1221
1694355880055 0.23902473910766311 1222
1694355880078 0.238870381380494 1223
1694355880127 0.2387372522722019 1224
1694355880160 0.23861383759979246 1225
1694355880183 0.23848020881756685 1226
1694355880209 0.23832430230618545 1227
1694355880232 0.238179385044907 1228
1694355880257 0.23802340022786955 1229
1694355880281 0.23787502365095364 1230
1694355880307 0.23772623029691758 1231
1694355880330 0.2375959916511566 1232
1694355880357 0.2374649835192938 1233
1694355880380 0.23732573041452346 1234
1694355880404 0.2371916696140856 1235
1694355880430 0.237053085629784 1236
1694355880453 0.23691842735591662 1237
1694355880478 0.23678215277050033 1238
1694355880501 0.23664826531318153 1239
1694355880855 0.23649692930043753 1240
1694355880939 0.23636466725590205 1241
1694355880964 0.2362161299167462 1242
1694355880991 0.23605914173824288 1243
1694355881018 0.23591159861095498 1244
1694355881043 0.2357564876273139 1245
1694355881066 0.23561492506762016 1246
1694355881090 0.23547997617289104 1247
1694355881114 0.23535634677791412 1248
1694355881138 0.2352288300459829 1249
1694355881161 0.2351007333930786 1250
1694355881185 0.23496143402809777 1251
1694355881211 0.23483351897342697 1252
1694355881235 0.23469776762685243 1253
1694355881269 0.23456298196848163 1254
1694355881296 0.2344265993674097 1255
1694355881319 0.23431028830518133 1256
1694355881343 0.23418427690906266 1257
1694355881368 0.23403985564723354 1258
1694355881392 0.23389854285648354 1259
1694355881416 0.2337440488546819 1260
1694355881457 0.233615419644731 1261
1694355881480 0.23347841849869605 1262
1694355881507 0.23335311756070515 1263
1694355881531 0.2332203279510599 1264
1694355881555 0.2330947868749748 1265
1694355881579 0.232959445079212 1266
1694355881602 0.23284300027568658 1267
1694355881627 0.23269779181303368 1268
1694355881651 0.23256459647289274 1269
1694355881677 0.23242771817386726 1270
1694355881700 0.23229146138872858 1271
1694355881724 0.23215531522637003 1272
1694355881754 0.23203658864662036 1273
1694355881783 0.23190686820743697 1274
1694355881883 0.2317862781231729 1275
1694355881906 0.23166263404519435 1276
1694355881959 0.23152919894027016 1277
1694355881982 0.23140287962591086 1278
1694355882008 0.23127543919363477 1279
1694355882030 0.2311374781069834 1280
1694355882058 0.23101030834969832 1281
1694355882084 0.23089130759427084 1282
1694355882109 0.23074850530492938 1283
1694355882159 0.23060787051446574 1284
1694355882182 0.2304786197697199 1285
1694355882207 0.23033924303488057 1286
1694355882231 0.2302055489671786 1287
1694355882256 0.23007180302319097 1288
1694355882282 0.22995370454968617 1289
1694355882310 0.2298150099526641 1290
1694355882333 0.22967433230600554 1291
1694355882356 0.22952512658651678 1292
1694355882381 0.22938781915292886 1293
1694355882405 0.22924610200187617 1294
1694355882434 0.22910769814450035 1295
1694355882458 0.22898099664596888 1296
1694355882483 0.22884571815522797 1297
1694355882507 0.22873129519886085 1298
1694355882530 0.22860432334534098 1299
1694355882559 0.2284719749261822 1300
1694355882583 0.2283602481742177 1301
1694355882609 0.22823476641415952 1302
1694355882634 0.2281086984059095 1303
1694355882659 0.22797087536481228 1304
1694355882684 0.22785316609342104 1305
1694355882707 0.22773195266544383 1306
1694355882733 0.22761095115158894 1307
1694355882767 0.2274790617683701 1308
1694355882789 0.22734934927325337 1309
1694355882815 0.22720956782134297 1310
1694355882841 0.22710087836344314 1311
1694355882866 0.2269701196224045 1312
1694355882891 0.22684449710629073 1313
1694355882917 0.22671978126889042 1314
1694355882940 0.22659368672729113 1315
1694355882966 0.22645259650712268 1316
1694355882989 0.2263096862757942 1317
1694355883019 0.22620032274419644 1318
1694355883043 0.22608783716113218 1319
1694355883070 0.2259572608406343 1320
1694355883095 0.2258325764231431 1321
1694355883119 0.22571772700519332 1322
1694355883145 0.2255908455763578 1323
1694355883169 0.225459608984201 1324
1694355883192 0.22534869939483404 1325
1694355883217 0.22522143286177937 1326
1694355883242 0.2250889890287717 1327
1694355883266 0.22496794285225286 1328
1694355883290 0.2248426310269889 1329
1694355883316 0.2247096103518458 1330
1694355883342 0.22459035945648737 1331
1694355883370 0.22447542786383576 1332
1694355883395 0.2243543656945072 1333
1694355883429 0.22423441924556164 1334
1694355883453 0.22410893348059255 1335
1694355883478 0.22396627863442828 1336
1694355883500 0.22385516024568985 1337
1694355883524 0.22372252203160706 1338
1694355883547 0.2235848107139051 1339
1694355883581 0.2234587849229633 1340
1694355883605 0.2233309627910381 1341
1694355883996 0.22321029966224054 1342
1694355884021 0.22308314958306263 1343
1694355884045 0.22296469506080646 1344
1694355884069 0.22284511343944247 1345
1694355884093 0.22272010383616148 1346
1694355884116 0.2226061663963827 1347
1694355884141 0.2224818862685598 1348
1694355884191 0.22236157717482521 1349
1694355884215 0.22224646905773976 1350
1694355884239 0.22212469849059333 1351
1694355884263 0.22200112728051338 1352
1694355884291 0.22187494825670476 1353
1694355884314 0.22175945719029438 1354
1694355884340 0.22163372032825132 1355
1694355884362 0.22151652165233252 1356
1694355884386 0.22138526292366326 1357
1694355884411 0.22126467374274172 1358
1694355884433 0.2211448304548911 1359
1694355884458 0.221028377666401 1360
1694355884481 0.22091096905764082 1361
1694355884506 0.22078291602752662 1362
1694355884532 0.22067938070294432 1363
1694355884558 0.2205550972315133 1364
1694355884583 0.22040692511445742 1365
1694355884607 0.2202814923789423 1366
1694355884634 0.2201470715287628 1367
1694355884662 0.22003410269336465 1368
1694355884686 0.2199385963228357 1369
1694355884710 0.2198170270568524 1370
1694355884735 0.2196928368809913 1371
1694355884759 0.21957043328412318 1372
1694355884783 0.2194688077230145 1373
1694355884863 0.2193494988658562 1374
1694355884885 0.2192447704574309 1375
1694355884908 0.21912469134516135 1376
1694355884935 0.2190149722074409 1377
1694355884959 0.2188894683717363 1378
1694355884983 0.2187681602514242 1379
1694355885006 0.21866261140552445 1380
1694355885030 0.21854098574067088 1381
1694355885054 0.21842650099050195 1382
1694355885080 0.2183026691965177 1383
1694355885104 0.21818553616416309 1384
1694355885128 0.21805543812541445 1385
1694355885150 0.2179510494818999 1386
1694355885177 0.2178219689952133 1387
1694355885201 0.2177105108250985 1388
1694355885224 0.21760345188799654 1389
1694355885249 0.21749729935805004 1390
1694355885283 0.21737531549064235 1391
1694355885307 0.21725685212855345 1392
1694355885332 0.2171484467212859 1393
1694355885357 0.2170327533117809 1394
1694355885381 0.21692541817155897 1395
1694355885405 0.21680590921260368 1396
1694355885429 0.216675439401045 1397
1694355885456 0.21653907891732338 1398
1694355885479 0.21641377051080318 1399
1694355885505 0.21629872380784265 1400
1694355885528 0.21618689162754418 1401
1694355885553 0.21606728574156567 1402
1694355885577 0.21593635987815787 1403
1694355885602 0.21581671761756027 1404
1694355885625 0.21570073902007397 1405
1694355885649 0.2155719257010586 1406
1694355885673 0.21546773373917677 1407
1694355885697 0.21536879212950286 1408
1694355885722 0.21525527326679353 1409
1694355885747 0.21514778573895033 1410
1694355885771 0.21501357133529722 1411
1694355885797 0.21490056944914432 1412
1694355885820 0.21479643805866763 1413
1694355885845 0.21468870298214943 1414
1694355885869 0.21458273045593612 1415
1694355885894 0.21446660228814232 1416
1694355885919 0.21436046213945453 1417
1694355885943 0.21424550258959463 1418
1694355885975 0.21412345647869274 1419
1694355886007 0.21400818036866612 1420
1694355886069 0.21389563380343793 1421
1694355886131 0.21379993995353913 1422
1694355886158 0.21369184667335073 1423
1694355886181 0.21358945262425358 1424
1694355886230 0.21348521730072262 1425
1694355886253 0.213375499410972 1426
1694355886277 0.21325891648934078 1427
1694355886301 0.21314216372889014 1428
1694355886325 0.21303555019655623 1429
1694355886349 0.21292730855678585 1430
1694355886373 0.21283446670772418 1431
1694355886397 0.2127278480594006 1432
1694355886424 0.2126041494078016 1433
1694355886448 0.21248984146672548 1434
1694355886471 0.21238273075399 1435
1694355886495 0.21227051845956993 1436
1694355886519 0.2121642293616533 1437
1694355886543 0.21204350064594216 1438
1694355886567 0.21193126635639956 1439
1694355886593 0.2118300787377115 1440
1694355886617 0.21170756841392221 1441
1694355886646 0.21159880556214827 1442
1694355886674 0.21148764154016403 1443
1694355886697 0.2113645880608996 1444
1694355886721 0.2112385457491632 1445
1694355886749 0.21113462526135182 1446
1694355886774 0.211017956124579 1447
1694355886798 0.2109059862745731 1448
1694355886823 0.2107893310572635 1449
1694355886848 0.210684901350089 1450
1694355886875 0.21056643034979097 1451
1694355886900 0.2104457782603631 1452
1694355886924 0.21032727332830986 1453
1694355886950 0.21021304672728372 1454
1694355886973 0.2101158706267894 1455
1694355886997 0.21003576491401477 1456
1694355887021 0.20992096156519827 1457
1694355887044 0.20982161244815156 1458
1694355887067 0.20970964377914353 1459
1694355887094 0.20958998796423703 1460
1694355887117 0.20949025716134276 1461
1694355887140 0.20937442112452026 1462
1694355887165 0.2092548085005549 1463
1694355887190 0.20914824572412935 1464
1694355887216 0.2090396624442072 1465
1694355887240 0.20891749156763448 1466
1694355887268 0.20882743540631749 1467
1694355887292 0.20871412047810367 1468
1694355887317 0.2086125874207737 1469
1694355887341 0.2085014303766585 1470
1694355887367 0.2083849940079455 1471
1694355887391 0.20826848022566766 1472
1694355887414 0.20816482915503037 1473
1694355887438 0.20805232929231127 1474
1694355887462 0.20794200219703965 1475
1694355887484 0.20783476339132706 1476
1694355887508 0.20773661720191272 1477
1694355887533 0.20762380208375206 1478
1694355887557 0.2075081038711335 1479
1694355887582 0.20738804319698076 1480
1694355887606 0.2072927314667861 1481
1694355887631 0.20718243220544974 1482
1694355887656 0.2070802247183363 1483
1694355887681 0.20697553158496135 1484
1694355887703 0.20685477913912984 1485
1694355887728 0.2067360998203952 1486
1694355887752 0.2066298052433475 1487
1694355887779 0.20651916575437282 1488
1694355887805 0.20642051453924987 1489
1694355887830 0.2063014805209424 1490
1694355887854 0.20619393425558963 1491
1694355887879 0.20608228660382694 1492
1694355887904 0.20598004125437827 1493
1694355887929 0.20587736759933792 1494
1694355887953 0.2057637843591242 1495
1694355887978 0.20566581976831355 1496
1694355888002 0.205550844016047 1497
1694355888029 0.2054321650931096 1498
1694355888080 0.20532662289142933 1499
1694355888488 0.2057637843591242 1500
