1694416894680 1.9108673829053535 0
1694416894718 1.8743461219500084 1
1694416894748 1.8412938098578737 2
1694416894772 1.8098538801557738 3
1694416894796 1.7802509900275572 4
1694416894820 1.7520117032338802 5
1694416894852 1.725358048051905 6
1694416894876 1.699991526217217 7
1694416894900 1.6753022021156196 8
1694416894936 1.6516414608094498 9
1694416894960 1.62895002480878 10
1694416895033 1.6071749950828202 11
1694416895075 1.585953872538229 12
1694416895102 1.565627034552701 13
1694416895127 1.5460378845377594 14
1694416895152 1.5270762799908317 15
1694416895177 1.5085442196396932 16
1694416895203 1.4905136373654821 17
1694416895228 1.4730411133007366 18
1694416895253 1.4562073925137586 19
1694416895280 1.4400843957291234 20
1694416895305 1.423899966112288 21
1694416895331 1.4083508591402003 22
1694416895362 1.393272198367461 23
1694416895412 1.3784996189013319 24
1694416895434 1.3641985837476243 25
1694416895459 1.350039253789118 26
1694416895482 1.3360051034208082 27
1694416895506 1.3225112737140088 28
1694416895531 1.3093452147405291 29
1694416895558 1.2967199899190303 30
1694416895582 1.28404876940999 31
1694416895607 1.2717081206813516 32
1694416895638 1.2597378798896186 33
1694416895662 1.2480412976993525 34
1694416895689 1.236604424241353 35
1694416895734 1.2252208569777536 36
1694416895758 1.2142682119471495 37
1694416895782 1.2035893298125848 38
1694416895809 1.1929267231707723 39
1694416895833 1.1825800962852426 40
1694416895898 1.1724867654569024 41
1694416895924 1.1626746379380541 42
1694416895949 1.1528376732610897 43
1694416895975 1.1431348613660537 44
1694416896001 1.133617524578953 45
1694416896029 1.124332248203758 46
1694416896054 1.1153125748215111 47
1694416896078 1.1062885324932152 48
1694416896104 1.097645720653688 49
1694416896130 1.0891799376713756 50
1694416896154 1.080791178528874 51
1694416896180 1.0725332161351468 52
1694416896205 1.064402651602143 53
1694416896230 1.0564820135156832 54
1694416896256 1.0486540691895627 55
1694416896282 1.0410165587579754 56
1694416896307 1.0334381871002811 57
1694416896335 1.0259783721276607 58
1694416896366 1.0187291564835612 59
1694416896391 1.011612681892941 60
1694416896417 1.0045030712863545 61
1694416896443 0.997548343411974 62
1694416896469 0.9907396739634715 63
1694416896497 0.9840135683902987 64
1694416896523 0.9774340185912139 65
1694416896548 0.9709941374048506 66
1694416896577 0.9646022795086179 67
1694416896602 0.9583125203269223 68
1694416896628 0.9521799521549573 69
1694416896654 0.9461098810924372 70
1694416896679 0.9401451097173513 71
1694416896705 0.9342926347609688 72
1694416896731 0.928410228798838 73
1694416896757 0.9227506384937869 74
1694416896784 0.9170838057768053 75
1694416896814 0.9114610722798461 76
1694416896845 0.9060550063875624 77
1694416896877 0.9006984401006014 78
1694416896906 0.8954366596080301 79
1694416896932 0.8902762108134059 80
1694416896957 0.8852301377085545 81
1694416896983 0.8801647647913503 82
1694416897013 0.8752245898184158 83
1694416897038 0.8703263922819847 84
1694416897146 0.8654567790562067 85
1694416897174 0.8606587999862673 86
1694416897264 0.8559855873828235 87
1694416897294 0.8513786548884279 88
1694416897343 0.8467899719075543 89
1694416897376 0.8423529771246162 90
1694416897406 0.8379418454569312 91
1694416897458 0.8336049613234331 92
1694416897483 0.8293217659708296 93
1694416897516 0.8250563471898829 94
1694416897553 0.8208608360216574 95
1694416897585 0.816752630488003 96
1694416897610 0.8127733986345936 97
1694416897635 0.8088201435904461 98
1694416897664 0.8048780162362543 99
1694416897689 0.8009933215307729 100
1694416897715 0.7971580627078217 101
1694416897740 0.7934299644031884 102
1694416897765 0.7896254598410678 103
1694416897799 0.7859851935596549 104
1694416897826 0.7823412906583319 105
1694416897857 0.7788306961261295 106
1694416897884 0.7752296700696751 107
1694416897944 0.7716884975680217 108
1694416897969 0.7681603341923324 109
1694416897995 0.7647620432525565 110
1694416898025 0.7613479595495605 111
1694416898051 0.7580340201703398 112
1694416898076 0.7548454336504299 113
1694416898101 0.751515777505351 114
1694416898125 0.7483205816875539 115
1694416898150 0.7452470422757449 116
1694416898176 0.7421798659525881 117
1694416898201 0.7390861687595923 118
1694416898230 0.7360173409094768 119
1694416898256 0.7330368232959533 120
1694416898285 0.7300591258640979 121
1694416898309 0.7272114330780834 122
1694416898334 0.7243478684237937 123
1694416898364 0.7215095497418825 124
1694416898391 0.7186759546968128 125
1694416898417 0.7159054190449473 126
1694416898444 0.7131667275711481 127
1694416898469 0.710450796235945 128
1694416898494 0.7078091476275207 129
1694416898520 0.7051467384741937 130
1694416898550 0.7025103847060176 131
1694416898575 0.6998943483359743 132
1694416898601 0.6973923984594093 133
1694416898627 0.6948919868419117 134
1694416898653 0.6922723283432743 135
1694416898680 0.6897885082942816 136
1694416898704 0.6873695830137841 137
1694416898730 0.6849210563250581 138
1694416898755 0.6825558712702303 139
1694416898781 0.6801763732180998 140
1694416898806 0.6778448048814432 141
1694416898831 0.6755219632264972 142
1694416898860 0.6732381714124581 143
1694416898889 0.670979351704752 144
1694416898915 0.6687377728876911 145
1694416898941 0.6665351937484515 146
1694416898966 0.6643245970233455 147
1694416898992 0.6621781257994692 148
1694416899018 0.6600450362544614 149
1694416899057 0.657918205905537 150
1694416899082 0.6558696730434022 151
1694416899107 0.6538121947961028 152
1694416899156 0.6518004820201853 153
1694416899214 0.6497437197815392 154
1694416899253 0.6477440035057269 155
1694416899279 0.6457927875200851 156
1694416899309 0.6438091150939514 157
1694416899334 0.6418661942570876 158
1694416899364 0.6399258912406092 159
1694416899391 0.63805134768435 160
1694416899417 0.6361026673702336 161
1694416899443 0.6342246014407199 162
1694416899493 0.6323611533226354 163
1694416899519 0.6305334257250387 164
1694416899545 0.628734283055869 165
1694416899570 0.6269327108116873 166
1694416899595 0.625158083417564 167
1694416899621 0.6234136589196848 168
1694416899647 0.6216604271675914 169
1694416899675 0.6199611105142054 170
1694416899700 0.6182388508175438 171
1694416899724 0.6165394165476007 172
1694416899751 0.6148589136636294 173
1694416899776 0.613169626240692 174
1694416899802 0.6115239554491071 175
1694416899828 0.6098823330996864 176
1694416899859 0.6082450540121718 177
1694416899884 0.6066297201718157 178
1694416899913 0.60506595518125 179
1694416899939 0.6034768115161602 180
1694416899994 0.6019080828702313 181
1694416900019 0.6003399254398293 182
1694416900046 0.5988074467832656 183
1694416900075 0.5972506019321137 184
1694416900101 0.5957732316823237 185
1694416900129 0.5943019584342661 186
1694416900154 0.5927962744246946 187
1694416900180 0.5913275635925013 188
1694416900214 0.5898473683999454 189
1694416900239 0.5883686749150546 190
1694416900265 0.5869219941869466 191
1694416900292 0.5854935041724548 192
1694416900317 0.5840994816561242 193
1694416900343 0.5827404666574767 194
1694416900375 0.5813717362770214 195
1694416900404 0.5800609755266122 196
1694416900430 0.5787238454773157 197
1694416900456 0.577393088283044 198
1694416900483 0.5760586763063527 199
1694416900511 0.5747382971185637 200
1694416900539 0.5734721346305366 201
1694416900566 0.5721751277697932 202
1694416900596 0.5708816787630386 203
1694416900622 0.569590764214161 204
1694416900649 0.5683327482678026 205
1694416900677 0.5670853927455471 206
1694416900706 0.565827858896149 207
1694416900734 0.5646133490119905 208
1694416900761 0.5634222509726992 209
1694416900788 0.5622215221183329 210
1694416900815 0.5610075987742653 211
1694416900841 0.5597671785702392 212
1694416900873 0.5585498848892172 213
1694416900900 0.5573383441717116 214
1694416900929 0.5562081007982279 215
1694416900960 0.5550733175089628 216
1694416900986 0.5539433971030072 217
1694416901013 0.5528064115512289 218
1694416901040 0.551688863435946 219
1694416901067 0.5505689779865351 220
1694416901098 0.549477173677777 221
1694416901125 0.5483999061070401 222
1694416901152 0.5473004724150362 223
1694416901179 0.5462240595013844 224
1694416901206 0.5451183817701187 225
1694416901233 0.5440725408775338 226
1694416901414 0.5430215340791756 227
1694416901438 0.5419642759621406 228
1694416901462 0.5409484312133823 229
1694416901488 0.5399450810435587 230
1694416901549 0.5388978773925694 231
1694416901573 0.53787522144462 232
1694416901600 0.5368464347582226 233
1694416901630 0.5358363774700027 234
1694416901656 0.5348310954543346 235
1694416901682 0.5338448050044058 236
1694416901710 0.5328749809546525 237
1694416901734 0.5318891411126723 238
1694416901759 0.5309158896188018 239
1694416901784 0.5299730416461185 240
1694416901810 0.5290154876707406 241
1694416901835 0.5280657052737405 242
1694416901866 0.5271242446292478 243
1694416901892 0.526209341467132 244
1694416901918 0.5252912579067419 245
1694416901945 0.5243119335494876 246
1694416901970 0.5233659502654117 247
1694416902030 0.5224374347403692 248
1694416902056 0.5215346329558953 249
1694416902080 0.5206416913809974 250
1694416902109 0.5197268041508225 251
1694416902134 0.5188044655292543 252
1694416902160 0.5179566206913474 253
1694416902186 0.5170538925076427 254
1694416902213 0.516181551778969 255
1694416902237 0.5153065920033979 256
1694416902263 0.5144453667397744 257
1694416902289 0.5135962769276948 258
1694416902314 0.5127411584738499 259
1694416902343 0.511892000673728 260
1694416902374 0.5110508109785202 261
1694416902399 0.510226242962677 262
1694416902422 0.5093776801999939 263
1694416902447 0.5085292929570523 264
1694416902471 0.5077442357264352 265
1694416902496 0.5069086527359533 266
1694416902522 0.5060968021303446 267
1694416902547 0.5052743776067317 268
1694416902571 0.5044966232340228 269
1694416902597 0.5036852139139384 270
1694416902627 0.5029056447811532 271
1694416902652 0.5021080634227718 272
1694416902677 0.5013149690266437 273
1694416902703 0.500535967829536 274
1694416902728 0.4997666613807164 275
1694416902753 0.4990162560282151 276
1694416902777 0.49825672760796225 277
1694416902817 0.49747395387807664 278
1694416902841 0.49672619423447817 279
1694416902872 0.49598421880440285 280
1694416902897 0.4952540230303445 281
1694416902922 0.4945053036135884 282
1694416902946 0.49379722430653145 283
1694416902972 0.4930320101972864 284
1694416902996 0.4923148804958261 285
1694416903021 0.4915735263569121 286
1694416903045 0.49082500873340623 287
1694416903072 0.4900876099327857 288
1694416903097 0.48935326852922373 289
1694416903122 0.48866756142682893 290
1694416903148 0.4879700548818664 291
1694416903174 0.48730069102717166 292
1694416903200 0.4866273015228869 293
1694416903225 0.485948771087884 294
1694416903250 0.48524564816498844 295
1694416903278 0.4845665390284573 296
1694416903305 0.48385710500564044 297
1694416903330 0.48320283809260334 298
1694416903361 0.48251069031410515 299
1694416903387 0.48181773860531163 300
1694416903520 0.48114598501975236 301
1694416903568 0.48049462528126113 302
1694416903592 0.4798088442872519 303
1694416903615 0.47913551475367355 304
1694416903641 0.4784723282612773 305
1694416903665 0.47779252524994065 306
1694416903689 0.4771369417141919 307
1694416903714 0.4764668687772827 308
1694416903743 0.47580938697566677 309
1694416903767 0.4751819339148119 310
1694416903792 0.47454426495320456 311
1694416903816 0.47389410737596593 312
1694416903840 0.4732400951997393 313
1694416903870 0.4726604502324013 314
1694416903895 0.4720448201082327 315
1694416903923 0.47142798152588966 316
1694416903948 0.4707946300455179 317
1694416903973 0.47020118400912636 318
1694416903997 0.46959494459059903 319
1694416904058 0.4689903399824297 320
1694416904082 0.46838287416898483 321
1694416904110 0.4677902247559511 322
1694416904142 0.4671889780820366 323
1694416904166 0.4665768756219327 324
1694416904191 0.46599060484379573 325
1694416904215 0.46541071193525074 326
1694416904239 0.46480084201947225 327
1694416904264 0.46420757049965794 328
1694416904289 0.46361513703487683 329
1694416904314 0.4630603637679374 330
1694416904342 0.46249947167700545 331
1694416904368 0.4619088280288172 332
1694416904394 0.4613155885994606 333
1694416904419 0.46072702714156005 334
1694416904444 0.4601574139637262 335
1694416904469 0.4595663604375696 336
1694416904493 0.4590191985212471 337
1694416904519 0.4584518402302624 338
1694416904545 0.4578690520653661 339
1694416904569 0.45730418389313054 340
1694416904595 0.4567205780754633 341
1694416904620 0.4561509402910315 342
1694416904647 0.4555909775470623 343
1694416904674 0.4550238912834563 344
1694416904700 0.45449197542309216 345
1694416904725 0.4539559751814915 346
1694416904751 0.4534268451248117 347
1694416904774 0.45284181261245204 348
1694416904798 0.45234339114201544 349
1694416904822 0.4518205495907046 350
1694416904849 0.45130835649126366 351
1694416904878 0.45082464357612373 352
1694416904903 0.45028490688480644 353
1694416904928 0.4497740558264218 354
1694416904953 0.4492265494583624 355
1694416904977 0.4487018017941075 356
1694416905002 0.44820631762474256 357
1694416905026 0.44769666059317226 358
1694416905050 0.44721499941183623 359
1694416905074 0.446705954798056 360
1694416905100 0.4461863270358599 361
1694416905125 0.4456971708244972 362
1694416905149 0.44519280853076837 363
1694416905178 0.44469992967395267 364
1694416905207 0.4441968711945092 365
1694416905232 0.4437005349268974 366
1694416905258 0.4432043726261787 367
1694416905283 0.4426959279186834 368
1694416905310 0.4421775987657076 369
1694416905337 0.4416873786487798 370
1694416905369 0.44117652197302737 371
1694416905394 0.44069742676333923 372
1694416905422 0.44021884285443225 373
1694416905455 0.4396873655605618 374
1694416905503 0.439217894497015 375
1694416905606 0.4387190527585812 376
1694416905635 0.43825038700244384 377
1694416905660 0.4377837960747061 378
1694416905685 0.4373097943774034 379
1694416905719 0.4368052070132083 380
1694416905749 0.4363523051258694 381
1694416905773 0.43587596566723463 382
1694416905797 0.435385559400661 383
1694416905822 0.434920566536715 384
1694416905852 0.4344486971468858 385
1694416905885 0.4339758431642881 386
1694416905918 0.43350936829210696 387
1694416905951 0.43303336152467425 388
1694416905977 0.43256534367873095 389
1694416906002 0.432112281719495 390
1694416906028 0.4316593300855764 391
1694416906054 0.4312060851198068 392
1694416906113 0.43074309426117197 393
1694416906152 0.43027056430939054 394
1694416906182 0.4298129760881199 395
1694416906210 0.4293570921025477 396
1694416906237 0.4289147713025535 397
1694416906261 0.4284361051205656 398
1694416906285 0.4279697069728142 399
1694416906310 0.4275250166211077 400
1694416906335 0.4271303301607684 401
1694416906366 0.426707787787702 402
1694416906396 0.4262494746511488 403
1694416906426 0.4257946603347804 404
1694416906458 0.4253456338496401 405
1694416906488 0.42490953939812737 406
1694416906512 0.4244810758489279 407
1694416906538 0.4240321197150421 408
1694416906562 0.42359132089948515 409
1694416906588 0.4231543969039955 410
1694416906612 0.42271021419229177 411
1694416906638 0.42230087048889103 412
1694416906674 0.4218501528965272 413
1694416906706 0.4214366284552065 414
1694416906736 0.42101375800579144 415
1694416906766 0.4205830391672629 416
1694416906791 0.42014315243981704 417
1694416906814 0.41970084454004153 418
1694416906838 0.4192691378582855 419
1694416906868 0.41886552542454925 420
1694416906892 0.41843816328492917 421
1694416906924 0.41803195057651454 422
1694416906963 0.4176119932350987 423
1694416906998 0.4172173624783716 424
1694416907044 0.41681222397132156 425
1694416907075 0.41641001949678214 426
1694416907105 0.41601479861410245 427
1694416907132 0.41560918133953845 428
1694416907164 0.4152191245884876 429
1694416907196 0.4148209260478909 430
1694416907236 0.4144008979197857 431
1694416907273 0.4140096578117471 432
1694416907307 0.413585678106851 433
1694416907347 0.4131961610053349 434
1694416907388 0.41279610241014425 435
1694416907415 0.4124117172424963 436
1694416907444 0.4120266648066129 437
1694416907478 0.4116391149377758 438
1694416907512 0.4112356057577572 439
1694416907568 0.4108741171222124 440
1694416907662 0.4104564655103345 441
1694416907694 0.41007221457954224 442
1694416907743 0.4096909655895976 443
1694416907773 0.4092858270959034 444
1694416907798 0.40889700158314396 445
1694416907828 0.40851594996415047 446
1694416907860 0.4080755105181108 447
1694416907889 0.4076693512354288 448
1694416907918 0.4072806933924751 449
1694416907949 0.4068860918389019 450
1694416907976 0.40651492049180227 451
1694416908005 0.4061174576301878 452
1694416908032 0.40575616738966164 453
1694416908063 0.40536052055977684 454
1694416908095 0.4049434902051334 455
1694416908161 0.4045491009513349 456
1694416908190 0.4041836822427049 457
1694416908217 0.4038299667900483 458
1694416908248 0.40344825105188226 459
1694416908273 0.4030746611334819 460
1694416908298 0.4027247684298418 461
1694416908322 0.4023822742979888 462
1694416908353 0.40199076144138585 463
1694416908451 0.40161310150886637 464
1694416908496 0.401256528707417 465
1694416908547 0.40088587815834903 466
1694416908586 0.4005161495629878 467
1694416908616 0.400144891470269 468
1694416908842 0.3997691829213044 469
1694416908873 0.3994450077206174 470
1694416908903 0.3991077039993264 471
1694416908930 0.39875240889287705 472
1694416908958 0.39837807206548986 473
1694416908986 0.39801799340663996 474
1694416909012 0.397667085846517 475
1694416909047 0.39730944976045085 476
1694416909079 0.3969744874392687 477
1694416909108 0.39660402305187004 478
1694416909131 0.3962344156904259 479
1694416909159 0.39588678910115527 480
1694416909185 0.3955327894621819 481
1694416909212 0.3951936241795002 482
1694416909235 0.3948567461532134 483
1694416909259 0.39449670739288967 484
1694416909286 0.3941283861272205 485
1694416909310 0.3938050507375172 486
1694416909336 0.39346237022389663 487
1694416909363 0.39310582817024636 488
1694416909391 0.3927681681092773 489
1694416909415 0.39241460086471097 490
1694416909441 0.3920452003459238 491
1694416909464 0.39172776774121587 492
1694416909488 0.39137689080454047 493
1694416909516 0.39101254294577786 494
1694416909540 0.3906692427276579 495
1694416909570 0.390306377126772 496
1694416909608 0.390022771157746 497
1694416909636 0.38966071355825876 498
1694416909688 0.3893150595775681 499
1694416909710 0.3889621877413413 500
1694416909916 0.3885813540362581 501
1694416909940 0.3882458459252991 502
1694416909966 0.38790192915992894 503
1694416909994 0.3875743145235445 504
1694416910023 0.3872644363269095 505
1694416910050 0.38692199685231626 506
1694416910076 0.3865597792814469 507
1694416910104 0.3862100910373875 508
1694416910131 0.3858408299743933 509
1694416910193 0.38549944557010934 510
1694416910216 0.38515068497900895 511
1694416910244 0.3848424224375188 512
1694416910272 0.38452491973509056 513
1694416910297 0.3841912934413082 514
1694416910322 0.3838472783715734 515
1694416910351 0.38353262880983513 516
1694416910409 0.38319677527684576 517
1694416910440 0.38286619116044374 518
1694416910476 0.38247819951777123 519
1694416910507 0.38214102365128777 520
1694416910532 0.38180588052732856 521
1694416910559 0.38146632567921185 522
1694416910587 0.3811256273527326 523
1694416910613 0.3808094363521755 524
1694416910641 0.38049547725234173 525
1694416910668 0.38019180156165683 526
1694416910695 0.37987532894923914 527
1694416910725 0.3795663965203273 528
1694416910754 0.3792538913393913 529
1694416910784 0.3789470148836374 530
1694416910816 0.37862148514820143 531
1694416910840 0.3783015973327525 532
1694416910866 0.37801253017743136 533
1694416910890 0.3776915303412157 534
1694416910913 0.3773406897094332 535
1694416910940 0.3770359229204304 536
1694416910963 0.37672972622280004 537
1694416910991 0.37644002201524723 538
1694416911021 0.376133063929968 539
1694416911062 0.3758246453251797 540
1694416911096 0.3754927543916864 541
1694416911127 0.37516747403503015 542
1694416911154 0.3748363123253762 543
1694416911181 0.3745367029058828 544
1694416911209 0.37421033316744834 545
1694416911234 0.37391532514011233 546
1694416911261 0.37362317874960876 547
1694416911290 0.3733279481659814 548
1694416911319 0.37301504327268525 549
1694416911347 0.37271340764655786 550
1694416911373 0.3724216805404621 551
1694416911398 0.37212986228740685 552
1694416911423 0.3718325722836926 553
1694416911449 0.3715504033154154 554
1694416911476 0.3712816390310228 555
1694416911503 0.37098404236602256 556
1694416911528 0.3707065421693532 557
1694416911561 0.3704211728710989 558
1694416911597 0.370099379016108 559
1694416911628 0.36978059693380433 560
1694416911658 0.3694721647127278 561
1694416911710 0.36918891886293637 562
1694416911734 0.3689174733764938 563
1694416911759 0.3686360787984996 564
1694416911786 0.36836797529365684 565
1694416911815 0.3680662019645111 566
1694416911851 0.3677617946128359 567
1694416911881 0.3674811720374064 568
1694416911972 0.3671858242194153 569
1694416912027 0.366868927339204 570
1694416912065 0.3665972422177837 571
1694416912109 0.3663184776158063 572
1694416912147 0.3660012002874537 573
1694416912202 0.3656825712483147 574
1694416912255 0.36539277878984555 575
1694416912288 0.36509886671680386 576
1694416912322 0.3648289598618569 577
1694416912375 0.3645189253351035 578
1694416912410 0.36423908630479723 579
1694416912447 0.3639267462158407 580
1694416912484 0.3636324362931667 581
1694416912517 0.36334368322650906 582
1694416912557 0.3630671130379167 583
1694416912593 0.3627861408205 584
1694416912630 0.3624974237704265 585
1694416912666 0.36221404660236717 586
1694416912699 0.361959255091393 587
1694416912739 0.36164765525342685 588
1694416912774 0.36136218005068704 589
1694416912806 0.3610822079479422 590
1694416912833 0.3607835233793381 591
1694416912869 0.360506312259049 592
1694416912898 0.3602377993990972 593
1694416912927 0.35995521032021244 594
1694416912952 0.35966973355286574 595
1694416912982 0.3594103700238307 596
1694416913022 0.35911529822905747 597
1694416913058 0.35882851704774166 598
1694416913093 0.3585605793738113 599
1694416913124 0.358284622890235 600
1694416913150 0.35803404403449607 601
1694416913177 0.3577278061620942 602
1694416913203 0.3574468366101214 603
1694416913259 0.3571713623981733 604
1694416913326 0.35690252879219375 605
1694416913357 0.35661327800172404 606
1694416913381 0.3563302678407594 607
1694416913505 0.3560720217431664 608
1694416913539 0.3557818688483087 609
1694416913569 0.3554874138720426 610
1694416913760 0.3551933071417513 611
1694416913790 0.3549108664546865 612
1694416913813 0.3546155323161618 613
1694416913848 0.35432696010639914 614
1694416913879 0.3540824584428112 615
1694416913926 0.35378265938276493 616
1694416915019 0.353514658452977 617
1694416915573 0.35325276172523024 618
1694416915598 0.3529761691766835 619
1694416915625 0.35269031099345644 620
1694416915653 0.3523962021579628 621
1694416915680 0.3521191361655197 622
1694416915705 0.35182415947387574 623
1694416915729 0.3515548084892916 624
1694416915751 0.3513024642128947 625
1694416915798 0.35106707798254017 626
1694416915821 0.35078316814107685 627
1694416915855 0.35050830752146533 628
1694416915883 0.3502545901638765 629
1694416915915 0.3499849453082667 630
1694416915942 0.34971464949056147 631
1694416915971 0.34948810362332483 632
1694416915997 0.34917935184251275 633
1694416916023 0.34892112921221385 634
1694416916046 0.34864623372114056 635
1694416916072 0.3484181654216705 636
1694416916095 0.34817799736221533 637
1694416916122 0.3478907159674762 638
1694416916159 0.34763625486324107 639
1694416916188 0.34737427318895164 640
1694416916242 0.34709636591470355 641
1694416916480 0.34684131556170034 642
1694416916651 0.3465568708380217 643
1694416916674 0.34629387203155054 644
1694416916704 0.3460331899933409 645
1694416916731 0.34578467028289117 646
1694416916759 0.3455289049550685 647
1694416916789 0.345262907385694 648
1694416916813 0.34500353692424135 649
1694416916837 0.34473973140723874 650
1694416916864 0.3444724318908679 651
1694416916891 0.34423072078915423 652
1694416916915 0.34397864400579997 653
1694416916939 0.34372176260692944 654
1694416916971 0.3434814295828512 655
1694416917007 0.34322976342356304 656
1694416917041 0.34297279012925247 657
1694416917077 0.3427085066084252 658
1694416917110 0.3424543557622064 659
1694416917142 0.34221275738323537 660
1694416917171 0.341967762364911 661
1694416917197 0.3417185243555743 662
1694416917225 0.34145705227808437 663
1694416917254 0.3412073630427544 664
1694416917281 0.3409367299935838 665
1694416917313 0.34068077350860726 666
1694416917343 0.34044217595994397 667
1694416917379 0.3401875631675979 668
1694416917409 0.3399244190288333 669
1694416917454 0.33969900427353555 670
1694416917481 0.3394252421515995 671
1694416917509 0.3391920348575073 672
1694416917538 0.33893144952152165 673
1694416917565 0.3386770825532288 674
1694416917595 0.33846347865932314 675
1694416917636 0.3381995275339043 676
1694416917665 0.3379501272273464 677
1694416917690 0.3376965439313938 678
1694416917713 0.3374422275656914 679
1694416917742 0.3371767524600588 680
1694416917874 0.3369266812485831 681
1694416917902 0.33666044157275626 682
1694416917928 0.3364108320581349 683
1694416917954 0.3361521311052502 684
1694416917980 0.335895287726783 685
1694416918014 0.33564263775007486 686
1694416918041 0.33538495870581086 687
1694416918064 0.3351273252674464 688
1694416918090 0.33485873550216005 689
1694416918118 0.33460953162843055 690
1694416918151 0.33436375825811854 691
1694416918187 0.3341355838400825 692
1694416918213 0.33389021787101236 693
1694416918239 0.3336911306289971 694
1694416918265 0.3334158080258528 695
1694416918294 0.3331773533535282 696
1694416918318 0.3329505145099059 697
1694416918385 0.3326977466553032 698
1694416918533 0.33245337872619185 699
1694416918572 0.3322219594858036 700
1694416918595 0.33196659098072695 701
1694416918619 0.3317211530718135 702
1694416918652 0.3314922894284441 703
1694416918981 0.33125864019834267 704
1694416919279 0.3310262041128381 705
1694416919309 0.33078461720194463 706
1694416919339 0.3305674746289461 707
1694416919366 0.330343954274272 708
1694416919395 0.33009781491622037 709
1694416919437 0.3298748643333037 710
1694416919466 0.32965815478671734 711
1694416919494 0.3294505021421058 712
1694416919529 0.32923045191051764 713
1694416919562 0.3290126630540696 714
1694416919589 0.3288007919288401 715
1694416919614 0.3285612203687403 716
1694416919637 0.3283445960284063 717
1694416919665 0.32811769257210455 718
1694416919690 0.3278822426032642 719
1694416919714 0.3276499097901854 720
1694416919739 0.3274273011703446 721
1694416919765 0.32717558313238915 722
1694416919795 0.32694646367648533 723
1694416919821 0.3267242494963395 724
1694416919873 0.3265107884586649 725
1694416919909 0.3262972047099018 726
1694416919936 0.32608828456533023 727
1694416919974 0.3258563803753963 728
1694416920007 0.325623895068714 729
1694416920076 0.32537608790092826 730
1694416920107 0.32513883133668414 731
1694416920142 0.3249023799509675 732
1694416920170 0.32467016526053666 733
1694416920196 0.3244340885230543 734
1694416920224 0.3242077272365832 735
1694416920248 0.32395958873321584 736
1694416920272 0.32374422619786997 737
1694416920297 0.3235181798378648 738
1694416920320 0.32331879403698943 739
1694416920343 0.3230932251203955 740
1694416920366 0.3228422669929666 741
1694416920426 0.32263761409072605 742
1694416920450 0.3223628972083287 743
1694416920473 0.32214835266697367 744
1694416920501 0.32194887017953855 745
1694416920533 0.32174354687428713 746
1694416920629 0.3215145085775224 747
1694416920669 0.32128874883425235 748
1694416920692 0.3210868333164977 749
1694416920737 0.32083945504143474 750
1694416920761 0.3206179420653332 751
1694416920793 0.3203842424483253 752
1694416920816 0.32013709026078074 753
1694416920842 0.3199183542212092 754
1694416920865 0.3197025882729342 755
1694416920887 0.31947765847108345 756
1694416920913 0.3192665039176848 757
1694416920938 0.31904959955354467 758
1694416920961 0.31882475608871835 759
1694416920985 0.3186126342629267 760
1694416921021 0.3183927759912194 761
1694416921046 0.31815781816391714 762
1694416921071 0.3179690768710245 763
1694416921101 0.31773694475435027 764
1694416921126 0.31750465430460234 765
1694416921153 0.3172719296422525 766
1694416921177 0.3170658258338009 767
1694416921204 0.3168317864578592 768
1694416921227 0.3166263305268426 769
1694416921251 0.3164017317980982 770
1694416921276 0.31619721457472044 771
1694416921301 0.3159884048934696 772
1694416921325 0.3157777664968445 773
1694416921349 0.31552500370181163 774
1694416921372 0.3153004378612201 775
1694416921397 0.3151085981155414 776
1694416921420 0.3148965060328087 777
1694416921446 0.31466008338156826 778
1694416921470 0.314475272204949 779
1694416921495 0.31425378548436245 780
1694416921519 0.31405262316619653 781
1694416921548 0.3138441097070353 782
1694416921573 0.3136478119855909 783
1694416921596 0.31344667591201547 784
1694416921629 0.3132358857358619 785
1694416921654 0.313036831975611 786
1694416921680 0.3128174152810087 787
1694416921705 0.3126084491949625 788
1694416921733 0.31238201640359897 789
1694416921758 0.3121825921433317 790
1694416921783 0.3119632157124529 791
1694416921808 0.3117528000075039 792
1694416921833 0.31153998286141477 793
1694416921859 0.31132434968110373 794
1694416921909 0.3111040083057798 795
1694416921936 0.3108917968558818 796
1694416921969 0.31069620169753004 797
1694416921995 0.31048837070254615 798
1694416922021 0.3103033078893763 799
1694416922047 0.31009755410514617 800
1694416922072 0.30984813177022946 801
1694416922098 0.3096421471842731 802
1694416922124 0.3094279130997656 803
1694416922149 0.3092269974038506 804
1694416922175 0.3090211309051517 805
1694416922200 0.3087952395354181 806
1694416922224 0.30857921367443814 807
1694416922248 0.3083995267115606 808
1694416922274 0.30819330590763594 809
1694416922302 0.30798085431894207 810
1694416922327 0.30776175361349584 811
1694416922353 0.30755708512182417 812
1694416922390 0.307359365559828 813
1694416922414 0.3071454628089816 814
1694416922473 0.3069253062567536 815
1694416922500 0.3066928237165182 816
1694416922528 0.306511139751573 817
1694416922550 0.30632339312415996 818
1694416922574 0.30611824594151343 819
1694416922598 0.3059304610218579 820
1694416922631 0.30570696768891853 821
1694416922790 0.3054806645778077 822
1694416922813 0.30527175754158475 823
1694416922838 0.30506332692511795 824
1694416922862 0.3048593416222823 825
1694416922892 0.3046524473951482 826
1694416922915 0.30446463127842316 827
1694416922942 0.30425697637543814 828
1694416922968 0.30407009586526157 829
1694416922990 0.303880107779136 830
1694416923016 0.30367462421765323 831
1694416923040 0.30350582887074057 832
1694416923063 0.30328648443276546 833
1694416923086 0.3031080964572598 834
1694416923130 0.3028881624808895 835
1694416923155 0.30269657722767723 836
1694416923178 0.3025286804754647 837
1694416923204 0.3023514404052104 838
1694416923226 0.3021669585519693 839
1694416923253 0.3019628873514717 840
1694416923291 0.3017869965109257 841
1694416923320 0.3015712973708368 842
1694416923343 0.3013615472622995 843
1694416923367 0.3011534787942224 844
1694416923394 0.3009379791438553 845
1694416923417 0.30073016667658964 846
1694416923444 0.30053484037384526 847
1694416923468 0.3003317780845556 848
1694416923491 0.30012609513479616 849
1694416923515 0.2999459392245712 850
1694416923539 0.29975761730277084 851
1694416923561 0.2995626535424984 852
1694416923586 0.29933176740133394 853
1694416923612 0.299140564633799 854
1694416923646 0.29893300250074517 855
1694416923671 0.2987313022269742 856
1694416923697 0.29852895598683804 857
1694416923767 0.29834591003425415 858
1694416923790 0.29816673416878753 859
1694416923812 0.2979699460396422 860
1694416923848 0.2978034691220778 861
1694416923874 0.29761383086490495 862
1694416923897 0.29741798389325846 863
1694416923950 0.2972334070889148 864
1694416923978 0.29705723143558627 865
1694416924010 0.29687578142949245 866
1694416924039 0.29667711977136235 867
1694416924064 0.2964780444519307 868
1694416924097 0.29627220962422196 869
1694416924122 0.29609662183110486 870
1694416924148 0.29588489601393125 871
1694416924173 0.29568554347837095 872
1694416924199 0.2954798700119425 873
1694416924223 0.29528094245159725 874
1694416924244 0.29508365298974565 875
1694416924268 0.29486882080364674 876
1694416924295 0.2946616014297473 877
1694416924320 0.29447362123482146 878
1694416924352 0.29428902054217015 879
1694416924377 0.2940889302029868 880
1694416924402 0.29389686747346294 881
1694416924427 0.2937170346101019 882
1694416924453 0.2935085551775069 883
1694416924512 0.29333554561545855 884
1694416924539 0.29314481474723114 885
1694416924563 0.29297397943423076 886
1694416924586 0.2927895490630212 887
1694416924609 0.29259794683373097 888
1694416924632 0.2924347774022763 889
1694416924656 0.2922662347291127 890
1694416924681 0.2920902442694746 891
1694416924704 0.2919302933799647 892
1694416924728 0.29176348103710775 893
1694416924835 0.2915797184430956 894
1694416924861 0.29138845269736113 895
1694416924884 0.2912108495683027 896
1694416924910 0.2910215055679049 897
1694416924936 0.29084932117995305 898
1694416924961 0.2906710431894632 899
1694416924985 0.2904855812184693 900
1694416925011 0.2903041969897536 901
1694416925035 0.2901220231436904 902
1694416925060 0.2899286256249401 903
1694416925086 0.2897472472884126 904
1694416925111 0.28954926472058384 905
1694416925135 0.2893462948626745 906
1694416925159 0.2891499059614387 907
1694416925245 0.28896609679519175 908
1694416925363 0.28878548025481876 909
1694416925402 0.28859612057374395 910
1694416925430 0.28839861708110975 911
1694416925459 0.2881882392474301 912
1694416925496 0.28801329548083726 913
1694416925526 0.28784098744093944 914
1694416925556 0.28765780509347694 915
1694416925579 0.28746019340739537 916
1694416925605 0.2872676515128599 917
1694416925638 0.287089547904443 918
1694416925726 0.286905898404672 919
1694416925752 0.2867083489024251 920
1694416925781 0.28653315450150263 921
1694416925882 0.2863569666544953 922
1694416925915 0.2861513087255788 923
1694416925944 0.28596158807693967 924
1694416926132 0.28576690581269953 925
1694416926157 0.28559929404347206 926
1694416926182 0.2854238820589968 927
1694416926211 0.2852276611663592 928
1694416926237 0.2850419606419342 929
1694416926285 0.28484207377623133 930
1694416926314 0.28463440422841746 931
1694416926341 0.28445602681661925 932
1694416926365 0.2842628623775824 933
1694416926390 0.2840993263063724 934
1694416926415 0.28392274035620024 935
1694416926584 0.283739318378703 936
1694416926609 0.2835653123324527 937
1694416926637 0.28338172046076526 938
1694416926662 0.28318959726443743 939
1694416926686 0.28300238689077345 940
1694416926709 0.2828127733170553 941
1694416926737 0.28261200940608383 942
1694416926761 0.282419018894979 943
1694416926789 0.28224980255358667 944
1694416926840 0.28205857367555315 945
1694416927001 0.28190776619677727 946
1694416927030 0.28171819423736144 947
1694416927088 0.28154605222314677 948
1694416927110 0.2813929805531506 949
1694416927145 0.2812111972728884 950
1694416927171 0.28103234135955807 951
1694416927202 0.2808381643293013 952
1694416927224 0.28067055221644893 953
1694416927248 0.28048262578962735 954
1694416927271 0.28028816797386635 955
1694416927297 0.2801119640660779 956
1694416927324 0.27996229008933887 957
1694416927359 0.27978308597197016 958
1694416927390 0.2795983873576009 959
1694416927418 0.27942942617529276 960
1694416927459 0.27926064184781413 961
1694416927488 0.2790733742343073 962
1694416927513 0.27888928333497215 963
1694416927539 0.27873524177396064 964
1694416927564 0.27854156666854457 965
1694416927588 0.27833960172029265 966
1694416927611 0.2781785515616056 967
1694416927644 0.2780067802634859 968
1694416927677 0.27781912918386686 969
1694416927704 0.277652163215378 970
1694416927729 0.27749912629853923 971
1694416927758 0.27734255251912476 972
1694416927846 0.27721246516728315 973
1694416927895 0.27704003506969843 974
1694416927928 0.2768721816536111 975
1694416927960 0.2766849953150857 976
1694416928104 0.27652107643841095 977
1694416928131 0.27634382733290064 978
1694416928178 0.2761793218654657 979
1694416928209 0.2760341464702994 980
1694416928244 0.2758857599813303 981
1694416928281 0.2757175255805738 982
1694416928731 0.27553594771104184 983
1694416928862 0.27538708598004075 984
1694416928924 0.2752001599832397 985
1694416928963 0.2750342295345484 986
1694416929030 0.2748543301211926 987
1694416929194 0.2746805619335408 988
1694416929229 0.2745225337247191 989
1694416929261 0.27435270851542065 990
1694416929508 0.2741821434367397 991
1694416929770 0.27400472693775285 992
1694416929828 0.2738224882661463 993
1694416929865 0.27363484309769454 994
1694416929895 0.2734857670689802 995
1694416929931 0.2733178241237554 996
1694416929994 0.2731555030556498 997
1694416930032 0.27300512291372486 998
1694416930099 0.27282396895888994 999
1694416930230 0.27265411512924936 1000
1694416930372 0.2724962795469085 1001
1694416930410 0.2723182796842112 1002
1694416930507 0.27215393894785816 1003
1694416930661 0.27198857259619175 1004
1694416930699 0.2718046908586683 1005
1694416930730 0.2716264529152529 1006
1694416930762 0.27144313894849503 1007
1694416930811 0.27127314580690515 1008
1694416930876 0.27112167208383087 1009
1694416930910 0.2709514123385483 1010
1694416930949 0.2708045301843928 1011
1694416930979 0.2706658198778818 1012
1694416931029 0.27050053850367534 1013
1694416931073 0.2703379452896144 1014
1694416931110 0.27018204668712054 1015
1694416931248 0.2700114273575715 1016
1694416931376 0.2698203417459062 1017
1694416931410 0.26964808063389895 1018
1694416931443 0.2694766685976053 1019
1694416931477 0.26930446514868545 1020
1694416931508 0.2691207297068313 1021
1694416931545 0.2689558630503545 1022
1694416931591 0.26877537713135424 1023
1694416931627 0.2685970729491803 1024
1694416931660 0.2684303205492902 1025
1694416931697 0.2682703631890904 1026
1694416931731 0.26808547388202775 1027
1694416931763 0.26791775787438765 1028
1694416931806 0.2677458627503363 1029
1694416931841 0.2675758035296896 1030
1694416931875 0.26742987546673785 1031
1694416931908 0.2672732644388859 1032
1694416931940 0.2671038927434532 1033
1694416931970 0.2669508518546205 1034
1694416932005 0.2667873630650596 1035
1694416932054 0.2666124557362185 1036
1694416932122 0.2664625064199802 1037
1694416932149 0.266293035131182 1038
1694416932180 0.26612183630465674 1039
1694416932213 0.26598154623551645 1040
1694416932249 0.2658144469119357 1041
1694416932282 0.265656190672968 1042
1694416932327 0.26551021667484276 1043
1694416932369 0.2653416844316664 1044
1694416932409 0.265172068024264 1045
1694416932442 0.2650137900326896 1046
1694416932474 0.2648573702998296 1047
1694416932507 0.26469056415155723 1048
1694416932544 0.26454061367027937 1049
1694416932581 0.2643794074235601 1050
1694416932614 0.26422125087719817 1051
1694416932649 0.2640516136144328 1052
1694416932722 0.26389288930743704 1053
1694416932749 0.2637472422732626 1054
1694416932778 0.2635808439333166 1055
1694416932821 0.26344964907966884 1056
1694416932853 0.2632785978049347 1057
1694416932887 0.2631133074041313 1058
1694416932919 0.262962713936306 1059
1694416932947 0.26280150775234057 1060
1694416932981 0.26264273043924047 1061
1694416933020 0.26246625851244965 1062
1694416933065 0.26231933849441463 1063
1694416933098 0.26217005530818593 1064
1694416933131 0.26203836490607607 1065
1694416933162 0.261893800657544 1066
1694416933194 0.2617510652242873 1067
1694416933232 0.26158909127749697 1068
1694416933273 0.26143530177479474 1069
1694416933374 0.26128044467683315 1070
1694416933412 0.2611281724980755 1071
1694416933797 0.26098787579140553 1072
1694416933839 0.2608263701143619 1073
1694416933876 0.26067668996011506 1074
1694416933908 0.260535829298906 1075
1694416933940 0.2603675849244777 1076
1694416933969 0.26021826134778675 1077
1694416933997 0.26007056860413985 1078
1694416934042 0.2599125079323302 1079
1694416934090 0.25975644255711733 1080
1694416934148 0.2596042260833095 1081
1694416934179 0.2594469285625712 1082
1694416934212 0.2592837533572317 1083
1694416934251 0.2591214953351697 1084
1694416934279 0.2589583722562798 1085
1694416934322 0.2587967899404186 1086
1694416934371 0.25863578031737183 1087
1694416934401 0.2584918648279622 1088
1694416934431 0.2583473073346587 1089
1694416934469 0.25819844003080183 1090
1694416934505 0.25803563658463147 1091
1694416934541 0.257894789300107 1092
1694416934580 0.2577456674785975 1093
1694416934612 0.2575909518469961 1094
1694416934647 0.25742307804680586 1095
1694416934682 0.2572613935367878 1096
1694416934758 0.2571156131441386 1097
1694416934786 0.2569697517297691 1098
1694416934824 0.2568402055150613 1099
1694416934856 0.2566986578129508 1100
1694416934889 0.25655340695673684 1101
1694416934919 0.2563877897004765 1102
1694416934947 0.25622784142032673 1103
1694416934991 0.2560675175164536 1104
1694416935025 0.25591883331461435 1105
1694416935071 0.2557586038787552 1106
1694416935101 0.25561100976954443 1107
1694416935133 0.25545546356121024 1108
1694416935162 0.25528891592138114 1109
1694416935197 0.2551490355153605 1110
1694416935228 0.2550086313052903 1111
1694416935260 0.2548684247110811 1112
1694416935293 0.25471497585242975 1113
1694416935331 0.25455608617261866 1114
1694416935437 0.2544206947273986 1115
1694416935510 0.254273341932044 1116
1694416935544 0.25413241312017076 1117
1694416935581 0.25400229750283687 1118
1694416935612 0.2538519692408313 1119
1694416935649 0.2536987546902172 1120
1694416935680 0.2535414825815006 1121
1694416935713 0.253375798867773 1122
1694416935744 0.2532353629716209 1123
1694416935776 0.2530780595723825 1124
1694416935813 0.2529511385658823 1125
1694416935848 0.2528213495074439 1126
1694416935886 0.25267129702747637 1127
1694416935916 0.25250833720145077 1128
1694416935945 0.25236900173937954 1129
1694416935977 0.2522190710211868 1130
1694416936013 0.25207991542947905 1131
1694416936047 0.25193374363086646 1132
1694416936094 0.2517833075996092 1133
1694416936126 0.2516528550149927 1134
1694416936190 0.25147748573807516 1135
1694416936221 0.25134208516951784 1136
1694416936260 0.25118487360949115 1137
1694416936292 0.25103790577256085 1138
1694416936340 0.2508816027121053 1139
1694416936370 0.2507606465444597 1140
1694416936407 0.2506078588034697 1141
1694416936438 0.2504523229045126 1142
1694416936469 0.25031862599719173 1143
1694416936499 0.2501650914402334 1144
1694416936542 0.2500152081136406 1145
1694416936589 0.2498654788568535 1146
1694416936620 0.24971579341924557 1147
1694416936657 0.24955002617105176 1148
1694416936692 0.24940875993412187 1149
1694416936725 0.249260869461482 1150
1694416936795 0.24914020127999276 1151
1694416936837 0.24899403139962947 1152
1694416936896 0.2488387206459534 1153
1694416936929 0.24869214782877147 1154
1694416936965 0.24854794859142432 1155
1694416936996 0.2484145550961404 1156
1694416937028 0.24827439631119183 1157
1694416937060 0.24811958103903137 1158
1694416937103 0.24795103810280464 1159
1694416937138 0.24779232690056854 1160
1694416937169 0.24764787074841438 1161
1694416937197 0.24750347974287445 1162
1694416937229 0.247367965251705 1163
1694416937263 0.24721301051080125 1164
1694416937294 0.24706483230728202 1165
1694416937331 0.24692546464754656 1166
1694416937364 0.24676097924412155 1167
1694416937403 0.24660087018042107 1168
1694416937430 0.24645282697089482 1169
1694416937462 0.24631482490941706 1170
1694416937627 0.24616094651617323 1171
1694416937665 0.24602307513004282 1172
1694416937694 0.24587579333576265 1173
1694416937725 0.24573776773410758 1174
1694416937758 0.24558736666494582 1175
1694416937794 0.24544193914785226 1176
1694416937830 0.2453096836061202 1177
1694416937873 0.24517091633318205 1178
1694416937911 0.24503977046395223 1179
1694416937945 0.24487980232655118 1180
1694416937975 0.24474216533806964 1181
1694416938009 0.2445792741199843 1182
1694416938046 0.24443786474082552 1183
1694416938081 0.24429515044554115 1184
1694416938147 0.24415157640068874 1185
1694416938274 0.24399924296808947 1186
1694416938307 0.2438623994721024 1187
1694416938346 0.24371335141022066 1188
1694416938381 0.24355112692620803 1189
1694416938414 0.2434089046621393 1190
1694416938455 0.24328427047576112 1191
1694416938483 0.24315287044187547 1192
1694416938518 0.24302038420403016 1193
1694416938548 0.2428732572796363 1194
1694416938579 0.24273910584644445 1195
1694416938613 0.24259862517687497 1196
1694416938647 0.2424624272700288 1197
1694416938681 0.24233980745638337 1198
1694416938767 0.24220151807622187 1199
1694416938911 0.24205095485147596 1200
1694416938944 0.2419115956887357 1201
1694416938976 0.24176635046815373 1202
1694416939008 0.24163290916563868 1203
1694416939040 0.2414781403222837 1204
1694416939072 0.2413510612449484 1205
1694416939107 0.24120237726509725 1206
1694416939204 0.24106460123756704 1207
1694416939243 0.24092830291408077 1208
1694416939278 0.24080211621608485 1209
1694416939314 0.24066642650280584 1210
1694416939349 0.24051486329831753 1211
1694416939381 0.24038561360734456 1212
1694416939413 0.24026493808591973 1213
1694416939448 0.24012073002177067 1214
1694416939481 0.2399689501078949 1215
1694416939515 0.2398380282268224 1216
1694416939547 0.23970969588250823 1217
1694416939580 0.23956649530818028 1218
1694416939744 0.23943325536492965 1219
1694416939780 0.23930172002593433 1220
1694416939812 0.23916885853788897 1221
1694416939845 0.23902473910766311 1222
1694416939881 0.238870381380494 1223
1694416939915 0.23873725227220194 1224
1694416939946 0.23861383759979246 1225
1694416939980 0.23848020881756685 1226
1694416940059 0.2383243023061854 1227
1694416940096 0.238179385044907 1228
1694416940132 0.23802340022786958 1229
1694416940163 0.2378750236509536 1230
1694416940196 0.23772623029691758 1231
1694416940233 0.23759599165115655 1232
1694416940289 0.2374649835192938 1233
1694416940320 0.23732573041452346 1234
1694416940348 0.2371916696140856 1235
1694416940383 0.23705308562978394 1236
1694416940413 0.23691842735591662 1237
1694416940446 0.23678215277050033 1238
1694416940487 0.2366482653131815 1239
1694416940519 0.23649692930043759 1240
1694416940557 0.2363646672559021 1241
1694416940589 0.2362161299167462 1242
1694416940621 0.23605914173824288 1243
1694416940652 0.23591159861095498 1244
1694416940681 0.23575648762731388 1245
1694416940712 0.23561492506762022 1246
1694416940743 0.2354799761728911 1247
1694416940775 0.23535634677791406 1248
1694416940807 0.23522883004598294 1249
1694416940838 0.23510073339307855 1250
1694416940905 0.2349614340280978 1251
1694416940932 0.23483351897342697 1252
1694416940962 0.23469776762685246 1253
1694416940996 0.23456298196848163 1254
1694416941027 0.2344265993674097 1255
1694416941062 0.23431028830518133 1256
1694416941102 0.23418427690906266 1257
1694416941138 0.23403985564723356 1258
1694416941165 0.23389854285648354 1259
1694416941195 0.23374404885468186 1260
1694416941227 0.233615419644731 1261
1694416941261 0.23347841849869605 1262
1694416941292 0.23335311756070512 1263
1694416941323 0.2332203279510599 1264
1694416941355 0.23309478687497473 1265
1694416941385 0.23295944507921207 1266
1694416941413 0.23284300027568663 1267
1694416941446 0.23269779181303368 1268
1694416941477 0.2325645964728927 1269
1694416941510 0.2324277181738673 1270
1694416941540 0.23229146138872853 1271
1694416941572 0.2321553152263701 1272
1694416941607 0.2320365886466203 1273
1694416941635 0.23190686820743694 1274
1694416941663 0.2317862781231729 1275
1694416941695 0.23166263404519435 1276
1694416941728 0.23152919894027021 1277
1694416941975 0.23140287962591094 1278
1694416942039 0.23127543919363483 1279
1694416942073 0.23113747810698332 1280
1694416942109 0.23101030834969835 1281
1694416942143 0.23089130759427084 1282
1694416942179 0.23074850530492938 1283
1694416942212 0.2306078705144658 1284
1694416942246 0.2304786197697199 1285
1694416942305 0.23033924303488057 1286
1694416942336 0.23020554896717857 1287
1694416942377 0.23007180302319097 1288
1694416942427 0.22995370454968617 1289
1694416942458 0.2298150099526641 1290
1694416942488 0.22967433230600554 1291
1694416942525 0.22952512658651678 1292
1694416942555 0.22938781915292883 1293
1694416942586 0.22924610200187617 1294
1694416942615 0.2291076981445004 1295
1694416942646 0.22898099664596894 1296
1694416942680 0.22884571815522795 1297
1694416942713 0.22873129519886085 1298
1694416942765 0.228604323345341 1299
1694416942798 0.2284719749261822 1300
1694416942828 0.2283602481742177 1301
1694416942869 0.22823476641415955 1302
1694416942939 0.2281086984059095 1303
1694416943021 0.22797087536481228 1304
1694416943057 0.22785316609342107 1305
1694416943092 0.22773195266544383 1306
1694416943126 0.22761095115158894 1307
1694416943162 0.22747906176837018 1308
1694416943194 0.22734934927325343 1309
1694416943224 0.22720956782134297 1310
1694416943260 0.22710087836344317 1311
1694416943296 0.22697011962240446 1312
1694416943331 0.22684449710629076 1313
1694416943364 0.22671978126889042 1314
1694416943397 0.22659368672729116 1315
1694416943432 0.22645259650712274 1316
1694416943464 0.2263096862757942 1317
1694416943527 0.22620032274419644 1318
1694416943558 0.2260878371611322 1319
1694416943589 0.2259572608406343 1320
1694416943629 0.2258325764231431 1321
1694416943661 0.22571772700519332 1322
1694416943695 0.2255908455763578 1323
1694416943731 0.225459608984201 1324
1694416943762 0.22534869939483407 1325
1694416943795 0.22522143286177937 1326
1694416943827 0.22508898902877172 1327
1694416943860 0.22496794285225286 1328
1694416943892 0.2248426310269889 1329
1694416943926 0.2247096103518458 1330
1694416944008 0.22459035945648737 1331
1694416944069 0.22447542786383576 1332
1694416944100 0.2243543656945072 1333
1694416944128 0.22423441924556164 1334
1694416944160 0.22410893348059255 1335
1694416944192 0.22396627863442836 1336
1694416944222 0.22385516024568988 1337
1694416944253 0.22372252203160706 1338
1694416944279 0.2235848107139051 1339
1694416944311 0.2234587849229633 1340
1694416944366 0.2233309627910381 1341
1694416944395 0.22321029966224054 1342
1694416944425 0.22308314958306266 1343
1694416944460 0.22296469506080646 1344
1694416944491 0.22284511343944255 1345
1694416944522 0.22272010383616148 1346
1694416944549 0.22260616639638275 1347
1694416944580 0.22248188626855983 1348
1694416944610 0.22236157717482524 1349
1694416944642 0.22224646905773976 1350
1694416944673 0.22212469849059333 1351
1694416944704 0.22200112728051333 1352
1694416944732 0.22187494825670476 1353
1694416944762 0.22175945719029438 1354
1694416944794 0.22163372032825132 1355
1694416944826 0.22151652165233246 1356
1694416944860 0.22138526292366323 1357
1694416944894 0.22126467374274175 1358
1694416944925 0.2211448304548911 1359
1694416944994 0.22102837766640102 1360
1694416945024 0.22091096905764088 1361
1694416945057 0.22078291602752664 1362
1694416945088 0.22067938070294432 1363
1694416945115 0.2205550972315133 1364
1694416945146 0.22040692511445745 1365
1694416945178 0.2202814923789423 1366
1694416945211 0.22014707152876284 1367
1694416945242 0.2200341026933646 1368
1694416945272 0.21993859632283563 1369
1694416945304 0.2198170270568524 1370
1694416945332 0.21969283688099125 1371
1694416945361 0.21957043328412318 1372
1694416945396 0.21946880772301455 1373
1694416945427 0.2193494988658562 1374
1694416945458 0.21924477045743088 1375
1694416945489 0.21912469134516138 1376
1694416945520 0.2190149722074409 1377
1694416945561 0.2188894683717363 1378
1694416945593 0.21876816025142423 1379
1694416945625 0.2186626114055245 1380
1694416945657 0.21854098574067082 1381
1694416945690 0.21842650099050195 1382
1694416945722 0.2183026691965177 1383
1694416945755 0.21818553616416309 1384
1694416945786 0.21805543812541447 1385
1694416945812 0.21795104948189994 1386
1694416945846 0.21782196899521325 1387
1694416945877 0.2177105108250985 1388
1694416945907 0.21760345188799657 1389
1694416945940 0.21749729935805012 1390
1694416945969 0.21737531549064232 1391
1694416946004 0.21725685212855345 1392
1694416946032 0.21714844672128586 1393
1694416946064 0.2170327533117809 1394
1694416946111 0.21692541817155897 1395
1694416946244 0.21680590921260368 1396
1694416946274 0.216675439401045 1397
1694416946307 0.2165390789173234 1398
1694416946343 0.21641377051080316 1399
1694416946429 0.2162987238078427 1400
1694416946461 0.21618689162754418 1401
1694416946499 0.2160672857415657 1402
1694416946530 0.21593635987815793 1403
1694416946562 0.21581671761756027 1404
1694416946591 0.21570073902007392 1405
1694416946622 0.2155719257010586 1406
1694416946649 0.21546773373917683 1407
1694416946679 0.21536879212950286 1408
1694416946711 0.21525527326679347 1409
1694416946743 0.21514778573895033 1410
1694416946807 0.21501357133529725 1411
1694416946845 0.21490056944914437 1412
1694416946881 0.21479643805866758 1413
1694416946912 0.21468870298214945 1414
1694416946946 0.21458273045593612 1415
1694416946979 0.21446660228814232 1416
1694416947052 0.2143604621394545 1417
1694416947078 0.21424550258959454 1418
1694416947115 0.21412345647869271 1419
1694416947146 0.21400818036866615 1420
1694416947179 0.21389563380343793 1421
1694416947243 0.21379993995353913 1422
1694416947348 0.21369184667335075 1423
1694416947378 0.21358945262425358 1424
1694416947693 0.21348521730072267 1425
1694416947728 0.213375499410972 1426
1694416947760 0.2132589164893408 1427
1694416947793 0.21314216372889008 1428
1694416947825 0.21303555019655618 1429
1694416947876 0.21292730855678585 1430
1694416947907 0.21283446670772418 1431
1694416947938 0.21272784805940062 1432
1694416947974 0.2126041494078016 1433
1694416948007 0.21248984146672553 1434
1694416948041 0.21238273075399 1435
1694416948072 0.21227051845956993 1436
1694416948098 0.21216422936165324 1437
1694416948127 0.21204350064594216 1438
1694416948363 0.21193126635639958 1439
1694416948525 0.2118300787377115 1440
1694416948555 0.21170756841392221 1441
1694416948581 0.21159880556214827 1442
1694416948613 0.21148764154016408 1443
1694416948643 0.21136458806089958 1444
1694416948675 0.2112385457491632 1445
1694416948707 0.21113462526135182 1446
1694416948739 0.211017956124579 1447
1694416948765 0.21090598627457313 1448
1694416948793 0.2107893310572635 1449
1694416948825 0.210684901350089 1450
1694416948856 0.21056643034979103 1451
1694416948889 0.21044577826036306 1452
1694416948915 0.21032727332830992 1453
1694416948956 0.2102130467272837 1454
1694416948985 0.21011587062678944 1455
1694416949022 0.21003576491401477 1456
1694416949098 0.20992096156519832 1457
1694416949128 0.20982161244815162 1458
1694416949193 0.20970964377914353 1459
1694416949231 0.20958998796423706 1460
1694416949265 0.20949025716134276 1461
1694416949297 0.20937442112452026 1462
1694416949329 0.2092548085005549 1463
1694416949361 0.20914824572412932 1464
1694416949394 0.20903966244420719 1465
1694416949424 0.20891749156763445 1466
1694416949455 0.20882743540631749 1467
1694416949481 0.20871412047810367 1468
1694416949513 0.20861258742077368 1469
1694416949556 0.20850143037665855 1470
1694416949599 0.2083849940079455 1471
1694416949632 0.20826848022566763 1472
1694416949662 0.20816482915503043 1473
1694416949696 0.20805232929231132 1474
1694416949730 0.2079420021970397 1475
1694416949764 0.20783476339132706 1476
1694416949805 0.20773661720191272 1477
1694416949835 0.20762380208375206 1478
1694416949863 0.20750810387113355 1479
1694416949897 0.20738804319698084 1480
1694416949932 0.20729273146678615 1481
1694416950012 0.2071824322054498 1482
1694416950046 0.2070802247183363 1483
1694416950081 0.2069755315849613 1484
1694416950112 0.2068547791391298 1485
1694416950159 0.20673609982039523 1486
1694416950190 0.20662980524334754 1487
1694416950222 0.20651916575437282 1488
1694416950253 0.20642051453924984 1489
1694416950280 0.2063014805209424 1490
1694416950312 0.2061939342555896 1491
1694416950346 0.20608228660382694 1492
1694416950376 0.20598004125437833 1493
1694416950407 0.20587736759933797 1494
1694416950439 0.2057637843591242 1495
1694416950497 0.20566581976831358 1496
1694416950642 0.205550844016047 1497
1694416950675 0.20543216509310966 1498
1694416950706 0.2053266228914294 1499
1694416951064 0.2057637843591242 1500
