1694358013998 1.9112559708306016 0
1694358014033 1.874921114145196 1
1694358014067 1.8420563924212046 2
1694358014095 1.8104302335875366 3
1694358014186 1.780790972309932 4
1694358014215 1.7523693454119456 5
1694358014242 1.7256789309932485 6
1694358014269 1.7002696761228009 7
1694358014293 1.675533048762924 8
1694358014319 1.652075670673125 9
1694358014344 1.62929157105139 10
1694358014370 1.6075080341345855 11
1694358014396 1.5863146803010502 12
1694358014422 1.565990996771489 13
1694358014447 1.5463117985547978 14
1694358014490 1.5274009805526907 15
1694358014515 1.5087165595684287 16
1694358014539 1.4908607470585264 17
1694358014565 1.4735261253239047 18
1694358014594 1.4565848639000682 19
1694358014620 1.4405003527272329 20
1694358014646 1.4244690709162704 21
1694358014670 1.4089654058178318 22
1694358014699 1.3938859672965627 23
1694358014731 1.3790751474994862 24
1694358014784 1.3647023931457731 25
1694358014808 1.3505486792144346 26
1694358014834 1.33662319411213 27
1694358014861 1.3230397452074956 28
1694358014885 1.3099312423843747 29
1694358014911 1.2972204328005554 30
1694358014937 1.2846402468952056 31
1694358014964 1.272290509675846 32
1694358014989 1.2603801393942364 33
1694358015018 1.2486699404780877 34
1694358015045 1.2372145898843232 35
1694358015075 1.2259230816822835 36
1694358015151 1.2149289440079016 37
1694358015177 1.2042898355630147 38
1694358015206 1.193775230511066 39
1694358015235 1.1833800736601565 40
1694358015261 1.173195933081948 41
1694358015287 1.1634330402767594 42
1694358015313 1.1536035499900221 43
1694358015339 1.144027150281406 44
1694358015366 1.1346302145200975 45
1694358015395 1.1253626972579254 46
1694358015423 1.1163356366020276 47
1694358015450 1.1073460967606459 48
1694358015477 1.098695684580064 49
1694358015506 1.0901929249927578 50
1694358015533 1.0818996138058432 51
1694358015560 1.0736837106364574 52
1694358015590 1.0656240754984876 53
1694358015615 1.0577601491515782 54
1694358015643 1.0500078982901229 55
1694358015668 1.042295372382858 56
1694358015705 1.034798394896923 57
1694358015735 1.0273136257954323 58
1694358015764 1.0199992935902626 59
1694358015789 1.0128580827274436 60
1694358015815 1.0057898373571295 61
1694358015841 0.9988779247605227 62
1694358015892 0.9921373822529641 63
1694358015917 0.9853346129458661 64
1694358015944 0.9788019473556858 65
1694358015972 0.9723358387153778 66
1694358016000 0.9659981039660447 67
1694358016028 0.9598126508969407 68
1694358016052 0.9537381903550085 69
1694358016082 0.947699675746616 70
1694358016107 0.9417380870511188 71
1694358016132 0.9357912876929957 72
1694358016158 0.9300171780927164 73
1694358016184 0.9242615469747087 74
1694358016211 0.9186106838544418 75
1694358016248 0.9129957036630951 76
1694358016334 0.9076192738170239 77
1694358016358 0.9022719175852616 78
1694358016388 0.8969984070210648 79
1694358016413 0.8918329949820568 80
1694358016439 0.886750807241524 81
1694358016464 0.8817336850953323 82
1694358016490 0.8767487157345409 83
1694358016516 0.8719152013705104 84
1694358016544 0.8670866270438043 85
1694358016570 0.8622621853665897 86
1694358016600 0.8576276090928978 87
1694358016627 0.8530637179395251 88
1694358016655 0.8485400404949353 89
1694358016681 0.8440285496655682 90
1694358016708 0.8396225898511278 91
1694358016735 0.8353314226732471 92
1694358016761 0.8311089869650062 93
1694358016786 0.8268689724434503 94
1694358016836 0.8226805539300933 95
1694358016862 0.8185501604076555 96
1694358016886 0.8146285795827596 97
1694358016911 0.8107224423052755 98
1694358016941 0.8067542038378359 99
1694358016966 0.8028752058239 100
1694358016991 0.799022545529773 101
1694358017017 0.7952939324620671 102
1694358017044 0.7915306130605368 103
1694358017069 0.7878732231737853 104
1694358017099 0.7842382921348013 105
1694358017126 0.7807343658304232 106
1694358017153 0.777233779571029 107
1694358017179 0.7736581249297602 108
1694358017206 0.7701606009516033 109
1694358017233 0.7667609167130939 110
1694358017259 0.7633508932172709 111
1694358017287 0.7600510589339327 112
1694358017314 0.7568531233444967 113
1694358017341 0.7536200176824699 114
1694358017371 0.7504124382718064 115
1694358017398 0.7473337738634885 116
1694358017427 0.7442834496019186 117
1694358017455 0.7411767466462388 118
1694358017481 0.7381648847647838 119
1694358017508 0.7352009644431339 120
1694358017535 0.7322262399404029 121
1694358017562 0.7293624113497013 122
1694358017593 0.7264583545316341 123
1694358017619 0.7235956755330186 124
1694358017646 0.7207688382904404 125
1694358017673 0.717961342586622 126
1694358017701 0.7152436811533367 127
1694358017726 0.7125007816796027 128
1694358017752 0.7098449726279864 129
1694358017779 0.707123982946933 130
1694358017806 0.7044975852274138 131
1694358017833 0.7019220222101109 132
1694358017860 0.6994692036142655 133
1694358017915 0.6969150422911226 134
1694358017950 0.6944422178426596 135
1694358017976 0.6919668200599238 136
1694358018001 0.689527180178457 137
1694358018028 0.6870524320862773 138
1694358018055 0.6846650012560628 139
1694358018084 0.6822757523167892 140
1694358018109 0.6799266362424146 141
1694358018134 0.6776454370330645 142
1694358018160 0.6753625713326081 143
1694358018185 0.6731398303975978 144
1694358018211 0.6709290886391946 145
1694358018237 0.6688034194643652 146
1694358018266 0.6665719575528996 147
1694358018294 0.6643957307316107 148
1694358018323 0.6622870997826421 149
1694358018359 0.6601633569159743 150
1694358018419 0.6580937736518694 151
1694358018447 0.6560681738653613 152
1694358018500 0.6540939409467351 153
1694358018527 0.6520526942572249 154
1694358018552 0.6500386087402854 155
1694358018582 0.6480602383838056 156
1694358018612 0.646106449590132 157
1694358018638 0.6442097554193374 158
1694358018664 0.6422849679085009 159
1694358018689 0.6403848467772943 160
1694358018716 0.6384494477247251 161
1694358018742 0.6365760892744142 162
1694358018767 0.6347001687465283 163
1694358018793 0.6328998491099482 164
1694358018820 0.6311201140873586 165
1694358018870 0.6293398032137478 166
1694358018895 0.6275971798696552 167
1694358018920 0.6258514099339292 168
1694358018950 0.6240755896748768 169
1694358018975 0.6224013801893987 170
1694358019003 0.6207222727749103 171
1694358019029 0.6190475751630486 172
1694358019058 0.6173878779176981 173
1694358019092 0.6157104430578122 174
1694358019119 0.6140498341843573 175
1694358019144 0.6124206272554881 176
1694358019171 0.610755476447719 177
1694358019197 0.6091308009445936 178
1694358019223 0.6075354866770442 179
1694358019249 0.6059750384545838 180
1694358019276 0.6044278559475652 181
1694358019303 0.602886229295652 182
1694358019328 0.6013594708408717 183
1694358019355 0.5998471013510986 184
1694358019381 0.5983763356889926 185
1694358019407 0.5968529243943451 186
1694358019432 0.5953725929270506 187
1694358019459 0.5939286974172128 188
1694358019487 0.5924354874478625 189
1694358019514 0.5910149026005124 190
1694358019542 0.5895384854500432 191
1694358019572 0.5881343713812031 192
1694358019605 0.5867425213673623 193
1694358019631 0.5853260347320791 194
1694358019658 0.5839251054327644 195
1694358019686 0.5825971516403678 196
1694358019724 0.5812611622936026 197
1694358019750 0.5799365182128259 198
1694358019779 0.5786244752519232 199
1694358019808 0.5773046464878712 200
1694358019834 0.576008397774052 201
1694358019861 0.5746532741883099 202
1694358019891 0.5733723143404678 203
1694358019929 0.5720661789172962 204
1694358019969 0.5708094829103985 205
1694358020000 0.5695910890743053 206
1694358020025 0.5683539314143063 207
1694358020053 0.5671148670416746 208
1694358020084 0.5659068780209169 209
1694358020113 0.5647055629206401 210
1694358020138 0.5635100725348278 211
1694358020164 0.562311496491755 212
1694358020190 0.5611528872481564 213
1694358020216 0.559969931301887 214
1694358020243 0.5588173328710199 215
1694358020271 0.5576865712604022 216
1694358020298 0.5565532071516802 217
1694358020323 0.5554003748159918 218
1694358020349 0.5542775267746636 219
1694358020376 0.5531751655341871 220
1694358020402 0.5520983434743888 221
1694358020427 0.5509551570222407 222
1694358020453 0.5498688900596286 223
1694358020479 0.5487982125466154 224
1694358020515 0.547746339094922 225
1694358020610 0.5466571994033567 226
1694358020636 0.5455365280211432 227
1694358020665 0.5445206470995766 228
1694358020690 0.5434705882951936 229
1694358020718 0.5424239241166302 230
1694358020744 0.5414236188363393 231
1694358020770 0.5404580974053402 232
1694358020799 0.5394422537975575 233
1694358020825 0.5384672039145212 234
1694358020849 0.5374693699427042 235
1694358020900 0.536498727759355 236
1694358020926 0.5355019797969492 237
1694358020952 0.5345267312155079 238
1694358020980 0.533527161833211 239
1694358021006 0.5325912114986733 240
1694358021033 0.5316279658276717 241
1694358021063 0.5307056508966685 242
1694358021095 0.529774763037218 243
1694358021121 0.5288412700927513 244
1694358021148 0.527896038394233 245
1694358021178 0.5269403661725783 246
1694358021207 0.5260484848436727 247
1694358021234 0.5251237854541525 248
1694358021261 0.5242335255507296 249
1694358021289 0.5233121360327384 250
1694358021318 0.5224021622854949 251
1694358021346 0.521496658746834 252
1694358021372 0.5206498740529405 253
1694358021399 0.519756101587746 254
1694358021426 0.5188908285197478 255
1694358021453 0.5180071379046508 256
1694358021481 0.517149457763079 257
1694358021522 0.516301382339621 258
1694358021547 0.5154612495299777 259
1694358021571 0.5146201758503737 260
1694358021601 0.5137865509050286 261
1694358021628 0.5129745322844227 262
1694358021653 0.5121576494776309 263
1694358021679 0.5113389790733099 264
1694358021706 0.5105183682209089 265
1694358021732 0.5097174134875716 266
1694358021758 0.5089138259146291 267
1694358021783 0.5080949532830714 268
1694358021808 0.5072738640833651 269
1694358021833 0.5065009796665694 270
1694358021860 0.5056973597853706 271
1694358021885 0.5049185668444082 272
1694358021910 0.5041479903359491 273
1694358021935 0.5033866657123641 274
1694358021986 0.5025859053636744 275
1694358022010 0.5018512388943899 276
1694358022034 0.5010933343878247 277
1694358022059 0.5003048132493696 278
1694358022096 0.4995595937514664 279
1694358022119 0.4988138999340486 280
1694358022145 0.49809465551145343 281
1694358022170 0.4973525345785103 282
1694358022195 0.4965946029565147 283
1694358022219 0.4958949741936955 284
1694358022243 0.495172770136661 285
1694358022268 0.4944424337314037 286
1694358022294 0.4936987674931742 287
1694358022320 0.49293010902609835 288
1694358022347 0.492200800334014 289
1694358022373 0.4914879953527306 290
1694358022398 0.49078459432476423 291
1694358022425 0.4900830027180312 292
1694358022450 0.48940816538599285 293
1694358022475 0.4887150990908479 294
1694358022500 0.48802952288549006 295
1694358022527 0.487371603979221 296
1694358022553 0.4866990371953818 297
1694358022580 0.48602064538981915 298
1694358022617 0.48534881568701743 299
1694358022712 0.4846687344996418 300
1694358022735 0.48401363724637503 301
1694358022764 0.48336600133219465 302
1694358022788 0.482700707217532 303
1694358022813 0.4820411280564249 304
1694358022840 0.48138529120227286 305
1694358022867 0.4807209628058872 306
1694358022893 0.4800780671599243 307
1694358022944 0.4794533958322319 308
1694358022969 0.4788039791686721 309
1694358022994 0.4781587350415479 310
1694358023018 0.477539152395799 311
1694358023046 0.4769220757021474 312
1694358023077 0.47626820134926073 313
1694358023105 0.4756472005039645 314
1694358023128 0.47500331005290486 315
1694358023153 0.4743738501085425 316
1694358023182 0.47375621568022225 317
1694358023208 0.47314829982755674 318
1694358023233 0.47252373338951165 319
1694358023259 0.4719288336966661 320
1694358023284 0.4713431477882292 321
1694358023311 0.47076367321342044 322
1694358023337 0.4701665428873053 323
1694358023361 0.4695464845481406 324
1694358023385 0.4689570208315613 325
1694358023410 0.46834831843137226 326
1694358023436 0.4677798570255471 327
1694358023461 0.4672160611249286 328
1694358023486 0.46661083970424505 329
1694358023511 0.46605372328338435 330
1694358023537 0.4654546509918578 331
1694358023565 0.4648570227428851 332
1694358023596 0.4642678622109258 333
1694358023622 0.46366159967709786 334
1694358023647 0.4630980110489204 335
1694358023674 0.46250575497142854 336
1694358023703 0.4619779894053384 337
1694358023729 0.46141627203780006 338
1694358023764 0.46081479280413074 339
1694358023790 0.46023795262102385 340
1694358023815 0.45966483936050473 341
1694358023840 0.45913806130457063 342
1694358023866 0.45861132981024555 343
1694358023892 0.45809770792031085 344
1694358023918 0.4575589825344083 345
1694358023944 0.45699763174512303 346
1694358023968 0.45645067054868127 347
1694358023994 0.45590591884102655 348
1694358024043 0.4553374043790956 349
1694358024071 0.4548003663073729 350
1694358024100 0.4542920406514396 351
1694358024127 0.4538042097112651 352
1694358024151 0.4532849221719445 353
1694358024175 0.4527499526610832 354
1694358024199 0.45224897073455517 355
1694358024224 0.45172323479923876 356
1694358024252 0.4512119161901448 357
1694358024278 0.4506854074711454 358
1694358024302 0.45017939225957365 359
1694358024327 0.4496585755519252 360
1694358024351 0.44913197309391345 361
1694358024377 0.44859958580951426 362
1694358024402 0.44812569014380715 363
1694358024428 0.4475876042496518 364
1694358024454 0.447115732628956 365
1694358024480 0.446556301008997 366
1694358024506 0.44606320672304794 367
1694358024532 0.44559016412679636 368
1694358024561 0.4450915859678806 369
1694358024591 0.4446077454373779 370
1694358024616 0.44410762541141674 371
1694358024642 0.4436145371754977 372
1694358024669 0.4431393816940736 373
1694358024693 0.442687584670938 374
1694358024725 0.4422220898668919 375
1694358024749 0.44172488751367495 376
1694358024779 0.4412838803803402 377
1694358024859 0.44079983407797413 378
1694358024884 0.4403178609474728 379
1694358024912 0.4398283346461862 380
1694358024936 0.43932419446500537 381
1694358024985 0.4388115316324854 382
1694358025012 0.4383455953883677 383
1694358025036 0.43788330236953193 384
1694358025061 0.4374376008694341 385
1694358025090 0.4369909666869237 386
1694358025117 0.4365277980453178 387
1694358025142 0.43606539335807165 388
1694358025166 0.43563359577512756 389
1694358025191 0.43518359229701786 390
1694358025215 0.43475841116214375 391
1694358025240 0.4343128160168002 392
1694358025264 0.4338778927986217 393
1694358025289 0.43342876412736253 394
1694358025315 0.43298423231455274 395
1694358025340 0.4325270877952861 396
1694358025365 0.43205280364952287 397
1694358025390 0.43159519322551537 398
1694358025415 0.43115379771296936 399
1694358025444 0.43067642637288284 400
1694358025470 0.43021173211097385 401
1694358025496 0.4297340074494945 402
1694358025523 0.4292546204407214 403
1694358025552 0.4288137249501151 404
1694358025582 0.4284069446351258 405
1694358025608 0.42798632414857823 406
1694358025633 0.4275698720390778 407
1694358025659 0.4271106459283934 408
1694358025686 0.42667380542807415 409
1694358025711 0.42625281421758926 410
1694358025736 0.42576826209322755 411
1694358025761 0.4253778670889294 412
1694358025785 0.4249679662532865 413
1694358025811 0.42452765210489435 414
1694358025841 0.42407025412753224 415
1694358025865 0.423663118776266 416
1694358025890 0.4232447517940673 417
1694358025916 0.4228063265159064 418
1694358025944 0.42238316923605784 419
1694358025968 0.4219629646018557 420
1694358025998 0.4215377177084133 421
1694358026023 0.42107989531418916 422
1694358026072 0.42065341212433893 423
1694358026103 0.4202300056511062 424
1694358026126 0.4198261902302992 425
1694358026153 0.41938274637608036 426
1694358026176 0.41898932333001415 427
1694358026199 0.4185653717747805 428
1694358026223 0.41815425466728573 429
1694358026249 0.4177082485274509 430
1694358026275 0.41732345887335914 431
1694358026300 0.41690537394380967 432
1694358026325 0.4164855138522907 433
1694358026352 0.4160907011769826 434
1694358026380 0.41567552425636306 435
1694358026405 0.41527940516431655 436
1694358026429 0.4148905581295544 437
1694358026456 0.4144814667985798 438
1694358026481 0.41409964583565473 439
1694358026507 0.41371363884650186 440
1694358026532 0.4133199553439188 441
1694358026557 0.41291720154282574 442
1694358026587 0.412516066314751 443
1694358026614 0.41209184574176316 444
1694358026639 0.4116855030155464 445
1694358026664 0.4113045427332372 446
1694358026690 0.4109187549250506 447
1694358026715 0.4105309668659058 448
1694358026740 0.4101653901978717 449
1694358026766 0.40977501000528355 450
1694358026792 0.409396824176833 451
1694358026817 0.40902500141713294 452
1694358026843 0.40863957655022765 453
1694358026878 0.40824824121051356 454
1694358026909 0.40789065296797505 455
1694358026963 0.40752641438733794 456
1694358027019 0.4071720578220363 457
1694358027048 0.4068421562562126 458
1694358027072 0.40647394863540776 459
1694358027101 0.4061008321991046 460
1694358027127 0.405735969682569 461
1694358027154 0.4053461662953576 462
1694358027180 0.4049795637384928 463
1694358027204 0.40460282131238695 464
1694358027229 0.4042309387167745 465
1694358027253 0.4038612901410459 466
1694358027279 0.4035008792774365 467
1694358027305 0.40312789453191095 468
1694358027329 0.4028060420376472 469
1694358027354 0.4024470653092048 470
1694358027380 0.4020866633410544 471
1694358027406 0.40171435199053546 472
1694358027435 0.4013538760595598 473
1694358027462 0.4009626628535546 474
1694358027488 0.40062043578103673 475
1694358027515 0.40026221158200137 476
1694358027542 0.399902143147978 477
1694358027567 0.3995608402477469 478
1694358027605 0.39921438037040596 479
1694358027630 0.39885075574917545 480
1694358027658 0.3984858796147444 481
1694358027681 0.39815271674350705 482
1694358027706 0.39782730930331883 483
1694358027733 0.39744450505568324 484
1694358027769 0.3971008683985878 485
1694358027794 0.3967470365437987 486
1694358027819 0.396423184663112 487
1694358027846 0.39604379106830884 488
1694358027870 0.3957123966824104 489
1694358027895 0.39533478529119886 490
1694358027921 0.39498566625612314 491
1694358027946 0.39465419888481784 492
1694358027973 0.39430409347172507 493
1694358027999 0.39397183518410434 494
1694358028023 0.39362807327035637 495
1694358028048 0.3932832684067351 496
1694358028108 0.39296515354678174 497
1694358028131 0.39262956327340404 498
1694358028157 0.3923265593792767 499
1694358028267 0.3923265593792767 500
