1694359788940 1.9108673829053537 0
1694359788975 1.8743461219500088 1
1694359789012 1.8412938098578737 2
1694359789108 1.8098538801557738 3
1694359789135 1.7802509900275572 4
1694359789208 1.7520117032338802 5
1694359789235 1.725358048051905 6
1694359789259 1.6999915262172167 7
1694359789316 1.6753022021156192 8
1694359789346 1.6516414608094498 9
1694359789372 1.62895002480878 10
1694359789399 1.6071749950828202 11
1694359789427 1.585953872538229 12
1694359789453 1.565627034552701 13
1694359789482 1.5460378845377594 14
1694359789509 1.5270762799908317 15
1694359789534 1.5085442196396932 16
1694359789557 1.4905136373654821 17
1694359789583 1.4730411133007366 18
1694359789611 1.4562073925137586 19
1694359789638 1.440084395729123 20
1694359789663 1.423899966112288 21
1694359789718 1.4083508591402003 22
1694359789746 1.393272198367461 23
1694359789771 1.3784996189013319 24
1694359789804 1.3641985837476243 25
1694359789828 1.3500392537891177 26
1694359789852 1.3360051034208085 27
1694359789877 1.3225112737140088 28
1694359789902 1.3093452147405291 29
1694359789927 1.2967199899190303 30
1694359789952 1.2840487694099898 31
1694359789980 1.2717081206813514 32
1694359790005 1.2597378798896186 33
1694359790031 1.2480412976993525 34
1694359790058 1.236604424241353 35
1694359790084 1.2252208569777534 36
1694359790111 1.2142682119471495 37
1694359790141 1.2035893298125848 38
1694359790173 1.1929267231707723 39
1694359790199 1.1825800962852426 40
1694359790224 1.1724867654569024 41
1694359790254 1.1626746379380541 42
1694359790282 1.1528376732610894 43
1694359790310 1.143134861366054 44
1694359790336 1.1336175245789533 45
1694359790363 1.1243322482037579 46
1694359790394 1.115312574821511 47
1694359790423 1.1062885324932152 48
1694359790449 1.097645720653688 49
1694359790479 1.0891799376713756 50
1694359790504 1.080791178528874 51
1694359790530 1.0725332161351468 52
1694359790556 1.0644026516021428 53
1694359790583 1.0564820135156832 54
1694359790608 1.0486540691895627 55
1694359790635 1.0410165587579752 56
1694359790660 1.0334381871002811 57
1694359790694 1.0259783721276607 58
1694359790720 1.0187291564835614 59
1694359790846 1.011612681892941 60
1694359790945 1.0045030712863545 61
1694359791001 0.9975483434119741 62
1694359791029 0.9907396739634716 63
1694359791058 0.9840135683902987 64
1694359791087 0.9774340185912139 65
1694359791113 0.9709941374048505 66
1694359791141 0.9646022795086177 67
1694359791167 0.9583125203269223 68
1694359791198 0.9521799521549573 69
1694359791224 0.9461098810924374 70
1694359791250 0.9401451097173513 71
1694359791277 0.934292634760969 72
1694359791304 0.928410228798838 73
1694359791331 0.9227506384937869 74
1694359791356 0.9170838057768053 75
1694359791387 0.9114610722798461 76
1694359791418 0.9060550063875621 77
1694359791442 0.9006984401006016 78
1694359791467 0.8954366596080301 79
1694359791493 0.8902762108134058 80
1694359791518 0.8852301377085547 81
1694359791547 0.8801647647913503 82
1694359791572 0.875224589818416 83
1694359791602 0.8703263922819847 84
1694359791627 0.8654567790562067 85
1694359791656 0.8606587999862673 86
1694359791686 0.8559855873828235 87
1694359791712 0.8513786548884278 88
1694359791738 0.8467899719075543 89
1694359791765 0.8423529771246162 90
1694359791790 0.8379418454569312 91
1694359791816 0.8336049613234332 92
1694359791843 0.8293217659708295 93
1694359791869 0.825056347189883 94
1694359791907 0.8208608360216573 95
1694359791933 0.816752630488003 96
1694359791959 0.8127733986345936 97
1694359791984 0.8088201435904461 98
1694359792010 0.8048780162362543 99
1694359792035 0.8009933215307729 100
1694359792061 0.7971580627078217 101
1694359792087 0.7934299644031884 102
1694359792113 0.7896254598410679 103
1694359792142 0.7859851935596549 104
1694359792169 0.7823412906583321 105
1694359792202 0.7788306961261295 106
1694359792228 0.7752296700696751 107
1694359792254 0.7716884975680217 108
1694359792281 0.7681603341923324 109
1694359792308 0.7647620432525565 110
1694359792335 0.7613479595495605 111
1694359792361 0.7580340201703398 112
1694359792389 0.7548454336504299 113
1694359792418 0.751515777505351 114
1694359792442 0.7483205816875539 115
1694359792467 0.7452470422757451 116
1694359792494 0.7421798659525879 117
1694359792520 0.7390861687595924 118
1694359792546 0.7360173409094768 119
1694359792571 0.7330368232959533 120
1694359792598 0.7300591258640979 121
1694359792624 0.7272114330780834 122
1694359792663 0.7243478684237937 123
1694359792693 0.7215095497418825 124
1694359792720 0.7186759546968126 125
1694359792746 0.7159054190449473 126
1694359792800 0.7131667275711481 127
1694359792825 0.7104507962359448 128
1694359792851 0.7078091476275207 129
1694359792880 0.7051467384741937 130
1694359792905 0.7025103847060176 131
1694359793007 0.6998943483359743 132
1694359793057 0.6973923984594093 133
1694359793082 0.6948919868419116 134
1694359793108 0.6922723283432743 135
1694359793138 0.6897885082942816 136
1694359793170 0.6873695830137841 137
1694359793195 0.684921056325058 138
1694359793221 0.6825558712702302 139
1694359793247 0.6801763732180997 140
1694359793273 0.6778448048814433 141
1694359793299 0.6755219632264972 142
1694359793325 0.6732381714124581 143
1694359793352 0.670979351704752 144
1694359793379 0.668737772887691 145
1694359793406 0.6665351937484515 146
1694359793434 0.6643245970233455 147
1694359793459 0.6621781257994692 148
1694359793486 0.6600450362544614 149
1694359793512 0.6579182059055371 150
1694359793537 0.655869673043402 151
1694359793562 0.6538121947961028 152
1694359793588 0.6518004820201853 153
1694359793617 0.6497437197815391 154
1694359793646 0.6477440035057269 155
1694359793679 0.6457927875200851 156
1694359793706 0.6438091150939516 157
1694359793733 0.6418661942570877 158
1694359793759 0.6399258912406091 159
1694359793786 0.63805134768435 160
1694359793811 0.6361026673702335 161
1694359793838 0.63422460144072 162
1694359793864 0.6323611533226354 163
1694359793889 0.6305334257250387 164
1694359793917 0.6287342830558689 165
1694359793944 0.6269327108116872 166
1694359793970 0.6251580834175638 167
1694359793996 0.6234136589196847 168
1694359794023 0.6216604271675914 169
1694359794050 0.6199611105142055 170
1694359794076 0.6182388508175438 171
1694359794102 0.6165394165476007 172
1694359794129 0.6148589136636294 173
1694359794160 0.613169626240692 174
1694359794193 0.6115239554491071 175
1694359794218 0.6098823330996864 176
1694359794244 0.6082450540121717 177
1694359794271 0.6066297201718157 178
1694359794297 0.60506595518125 179
1694359794322 0.6034768115161602 180
1694359794348 0.6019080828702313 181
1694359794374 0.6003399254398293 182
1694359794402 0.5988074467832655 183
1694359794429 0.5972506019321138 184
1694359794454 0.5957732316823238 185
1694359794483 0.5943019584342663 186
1694359794509 0.5927962744246946 187
1694359794536 0.5913275635925013 188
1694359794562 0.5898473683999454 189
1694359794589 0.5883686749150546 190
1694359794617 0.5869219941869465 191
1694359794643 0.5854935041724548 192
1694359794677 0.5840994816561242 193
1694359794706 0.5827404666574767 194
1694359794735 0.5813717362770215 195
1694359794771 0.5800609755266121 196
1694359794799 0.5787238454773156 197
1694359794850 0.577393088283044 198
1694359794875 0.5760586763063525 199
1694359794901 0.5747382971185638 200
1694359794929 0.5734721346305367 201
1694359794958 0.5721751277697933 202
1694359794984 0.5708816787630386 203
1694359795009 0.5695907642141609 204
1694359795145 0.5683327482678024 205
1694359795171 0.5670853927455471 206
1694359795202 0.5658278588961491 207
1694359795227 0.5646133490119905 208
1694359795255 0.563422250972699 209
1694359795280 0.5622215221183329 210
1694359795307 0.5610075987742653 211
1694359795332 0.5597671785702392 212
1694359795357 0.5585498848892172 213
1694359795383 0.5573383441717115 214
1694359795411 0.5562081007982279 215
1694359795436 0.5550733175089627 216
1694359795462 0.5539433971030072 217
1694359795488 0.5528064115512289 218
1694359795514 0.551688863435946 219
1694359795539 0.5505689779865353 220
1694359795565 0.5494771736777769 221
1694359795591 0.5483999061070401 222
1694359795618 0.5473004724150362 223
1694359795646 0.5462240595013843 224
1694359795674 0.5451183817701186 225
1694359795705 0.5440725408775337 226
1694359795733 0.5430215340791757 227
1694359795757 0.5419642759621406 228
1694359795782 0.5409484312133823 229
1694359795809 0.5399450810435587 230
1694359795838 0.5388978773925694 231
1694359795866 0.5378752214446199 232
1694359795890 0.5368464347582225 233
1694359795928 0.5358363774700027 234
1694359795955 0.5348310954543346 235
1694359795985 0.5338448050044058 236
1694359796010 0.5328749809546525 237
1694359796035 0.5318891411126723 238
1694359796062 0.5309158896188017 239
1694359796087 0.5299730416461185 240
1694359796113 0.5290154876707406 241
1694359796139 0.5280657052737405 242
1694359796170 0.5271242446292479 243
1694359796196 0.5262093414671322 244
1694359796221 0.5252912579067419 245
1694359796246 0.5243119335494876 246
1694359796272 0.5233659502654117 247
1694359796299 0.5224374347403692 248
1694359796325 0.5215346329558953 249
1694359796349 0.5206416913809974 250
1694359796376 0.5197268041508225 251
1694359796403 0.5188044655292543 252
1694359796429 0.5179566206913474 253
1694359796455 0.5170538925076426 254
1694359796482 0.516181551778969 255
1694359796506 0.5153065920033979 256
1694359796533 0.5144453667397744 257
1694359796559 0.5135962769276948 258
1694359796585 0.5127411584738499 259
1694359796610 0.5118920006737281 260
1694359796637 0.5110508109785202 261
1694359796666 0.510226242962677 262
1694359796704 0.5093776801999937 263
1694359796730 0.5085292929570523 264
1694359796756 0.5077442357264352 265
1694359796783 0.5069086527359533 266
1694359796811 0.5060968021303446 267
1694359796836 0.5052743776067317 268
1694359796885 0.5044966232340228 269
1694359796911 0.5036852139139384 270
1694359796936 0.5029056447811532 271
1694359796963 0.5021080634227718 272
1694359796988 0.5013149690266436 273
1694359797014 0.500535967829536 274
1694359797039 0.4997666613807164 275
1694359797094 0.4990162560282151 276
1694359797118 0.4982567276079623 277
1694359797224 0.49747395387807664 278
1694359797252 0.49672619423447817 279
1694359797277 0.4959842188044028 280
1694359797303 0.4952540230303446 281
1694359797328 0.4945053036135884 282
1694359797353 0.49379722430653145 283
1694359797379 0.4930320101972864 284
1694359797407 0.49231488049582606 285
1694359797434 0.4915735263569121 286
1694359797463 0.4908250087334063 287
1694359797487 0.4900876099327857 288
1694359797513 0.48935326852922384 289
1694359797537 0.4886675614268289 290
1694359797562 0.4879700548818664 291
1694359797588 0.48730069102717166 292
1694359797613 0.48662730152288686 293
1694359797638 0.485948771087884 294
1694359797664 0.48524564816498844 295
1694359797695 0.4845665390284573 296
1694359797721 0.4838571050056404 297
1694359797745 0.48320283809260334 298
1694359797773 0.48251069031410515 299
1694359797800 0.4818177386053115 300
1694359797826 0.4811459850197523 301
1694359797850 0.48049462528126125 302
1694359797876 0.4798088442872519 303
1694359797903 0.47913551475367355 304
1694359797928 0.4784723282612773 305
1694359797955 0.4777925252499407 306
1694359797982 0.4771369417141919 307
1694359798010 0.4764668687772827 308
1694359798037 0.47580938697566694 309
1694359798063 0.4751819339148119 310
1694359798089 0.4745442649532046 311
1694359798116 0.47389410737596604 312
1694359798141 0.4732400951997394 313
1694359798168 0.4726604502324013 314
1694359798200 0.4720448201082327 315
1694359798228 0.47142798152588955 316
1694359798255 0.470794630045518 317
1694359798283 0.47020118400912636 318
1694359798308 0.46959494459059903 319
1694359798336 0.4689903399824297 320
1694359798361 0.46838287416898483 321
1694359798388 0.4677902247559511 322
1694359798414 0.4671889780820366 323
1694359798441 0.4665768756219328 324
1694359798468 0.46599060484379573 325
1694359798495 0.46541071193525074 326
1694359798521 0.46480084201947225 327
1694359798550 0.46420757049965805 328
1694359798576 0.4636151370348767 329
1694359798602 0.4630603637679374 330
1694359798627 0.46249947167700545 331
1694359798656 0.4619088280288172 332
1694359798687 0.4613155885994606 333
1694359798713 0.46072702714156005 334
1694359798739 0.4601574139637262 335
1694359798768 0.45956636043756954 336
1694359798797 0.4590191985212471 337
1694359798826 0.4584518402302624 338
1694359798849 0.4578690520653662 339
1694359798874 0.45730418389313054 340
1694359798923 0.4567205780754633 341
1694359798947 0.4561509402910315 342
1694359798971 0.4555909775470623 343
1694359798998 0.45502389128345644 344
1694359799024 0.4544919754230923 345
1694359799053 0.4539559751814916 346
1694359799078 0.4534268451248117 347
1694359799134 0.452841812612452 348
1694359799157 0.45234339114201544 349
1694359799186 0.4518205495907046 350
1694359799231 0.45130835649126366 351
1694359799361 0.45082464357612373 352
1694359799387 0.45028490688480655 353
1694359799412 0.44977405582642177 354
1694359799440 0.4492265494583624 355
1694359799464 0.4487018017941075 356
1694359799493 0.44820631762474256 357
1694359799517 0.4476966605931722 358
1694359799541 0.44721499941183623 359
1694359799566 0.446705954798056 360
1694359799591 0.4461863270358598 361
1694359799615 0.4456971708244972 362
1694359799639 0.44519280853076837 363
1694359799665 0.4446999296739525 364
1694359799696 0.4441968711945092 365
1694359799721 0.4437005349268974 366
1694359799746 0.4432043726261786 367
1694359799770 0.44269592791868345 368
1694359799796 0.4421775987657076 369
1694359799821 0.4416873786487798 370
1694359799848 0.4411765219730275 371
1694359799873 0.4406974267633393 372
1694359799902 0.4402188428544322 373
1694359799938 0.4396873655605617 374
1694359799963 0.4392178944970149 375
1694359799996 0.4387190527585812 376
1694359800233 0.43825038700244384 377
1694359800302 0.437783796074706 378
1694359800338 0.4373097943774034 379
1694359800377 0.4368052070132083 380
1694359800411 0.4363523051258694 381
1694359800451 0.4358759656672347 382
1694359800485 0.4353855594006611 383
1694359800515 0.434920566536715 384
1694359800546 0.43444869714688583 385
1694359800580 0.4339758431642881 386
1694359800614 0.4335093682921069 387
1694359800648 0.43303336152467425 388
1694359800687 0.4325653436787309 389
1694359800718 0.43211228171949495 390
1694359800747 0.4316593300855764 391
1694359800780 0.4312060851198068 392
1694359800814 0.43074309426117185 393
1694359800848 0.43027056430939054 394
1694359800887 0.42981297608811986 395
1694359800928 0.4293570921025477 396
1694359800975 0.4289147713025535 397
1694359801011 0.4284361051205656 398
1694359801046 0.4279697069728142 399
1694359801080 0.4275250166211077 400
1694359801112 0.4271303301607684 401
1694359801176 0.4267077877877021 402
1694359801234 0.4262494746511488 403
1694359801263 0.4257946603347804 404
1694359801290 0.4253456338496401 405
1694359801315 0.42490953939812737 406
1694359801339 0.42448107584892786 407
1694359801448 0.4240321197150421 408
1694359801480 0.42359132089948515 409
1694359801505 0.4231543969039955 410
1694359801530 0.4227102141922917 411
1694359801554 0.42230087048889103 412
1694359801580 0.4218501528965272 413
1694359801606 0.4214366284552066 414
1694359801637 0.42101375800579144 415
1694359801665 0.42058303916726303 416
1694359801694 0.420143152439817 417
1694359801721 0.41970084454004153 418
1694359801746 0.4192691378582855 419
1694359801770 0.41886552542454925 420
1694359801794 0.41843816328492917 421
1694359801818 0.41803195057651454 422
1694359801843 0.4176119932350987 423
1694359801869 0.41721736247837155 424
1694359801895 0.41681222397132156 425
1694359801917 0.4164100194967821 426
1694359801951 0.4160147986141023 427
1694359801980 0.4156091813395385 428
1694359802004 0.4152191245884876 429
1694359802028 0.41482092604789095 430
1694359802058 0.41440089791978574 431
1694359802083 0.4140096578117471 432
1694359802107 0.413585678106851 433
1694359802133 0.4131961610053349 434
1694359802159 0.41279610241014425 435
1694359802188 0.4124117172424963 436
1694359802214 0.4120266648066129 437
1694359802240 0.4116391149377758 438
1694359802266 0.4112356057577572 439
1694359802292 0.41087411712221245 440
1694359802318 0.4104564655103345 441
1694359802343 0.41007221457954224 442
1694359802367 0.4096909655895976 443
1694359802392 0.4092858270959033 444
1694359802418 0.40889700158314396 445
1694359802443 0.40851594996415047 446
1694359802469 0.4080755105181108 447
1694359802495 0.4076693512354288 448
1694359802522 0.4072806933924751 449
1694359802549 0.4068860918389019 450
1694359802575 0.40651492049180227 451
1694359802600 0.40611745763018786 452
1694359802624 0.4057561673896615 453
1694359802662 0.40536052055977684 454
1694359802693 0.4049434902051334 455
1694359802718 0.4045491009513349 456
1694359802741 0.4041836822427049 457
1694359802767 0.4038299667900483 458
1694359802794 0.40344825105188215 459
1694359802822 0.4030746611334819 460
1694359802848 0.4027247684298418 461
1694359802875 0.4023822742979888 462
1694359802900 0.40199076144138585 463
1694359802926 0.40161310150886637 464
1694359802992 0.401256528707417 465
1694359803022 0.40088587815834903 466
1694359803046 0.4005161495629878 467
1694359803073 0.40014489147026894 468
1694359803098 0.3997691829213044 469
1694359803122 0.39944500772061736 470
1694359803150 0.3991077039993264 471
1694359803193 0.39875240889287694 472
1694359803227 0.39837807206548986 473
1694359803253 0.39801799340663996 474
1694359803276 0.39766708584651705 475
1694359803301 0.39730944976045085 476
1694359803324 0.39697448743926883 477
1694359803349 0.3966040230518701 478
1694359803372 0.3962344156904259 479
1694359803396 0.39588678910115527 480
1694359803420 0.395532789462182 481
1694359803463 0.39519362417950016 482
1694359803549 0.3948567461532134 483
1694359803574 0.39449670739288956 484
1694359803601 0.3941283861272205 485
1694359803624 0.39380505073751726 486
1694359803648 0.39346237022389663 487
1694359803678 0.39310582817024636 488
1694359803704 0.39276816810927734 489
1694359803731 0.3924146008647109 490
1694359803756 0.3920452003459237 491
1694359803781 0.39172776774121587 492
1694359803806 0.39137689080454047 493
1694359803832 0.39101254294577786 494
1694359803856 0.3906692427276579 495
1694359803879 0.3903063771267721 496
1694359803905 0.390022771157746 497
1694359803930 0.38966071355825876 498
1694359803967 0.3893150595775681 499
1694359804085 0.3893150595775681 500
