1696253091699 1.8794637321122654 0
1696253091730 1.8098356732985867 1
1696253091759 1.747063246400907 2
1696253091784 1.6950309559257604 3
1696253091804 1.6418356030669838 4
1696253091826 1.5981043292567987 5
1696253091850 1.553062034813675 6
1696253091875 1.5144616483789295 7
1696253091894 1.4763196164566446 8
1696253091916 1.4420655585968072 9
1696253091936 1.403367917493976 10
1696253091956 1.3665478590439695 11
1696253091990 1.332773959435988 12
1696253092043 1.300495067724136 13
1696253092063 1.2681495165446588 14
1696253092084 1.2371238492221575 15
1696253092106 1.2134669226180026 16
1696253092131 1.1859539962737966 17
1696253092154 1.1623443230201131 18
1696253092176 1.1388854965311952 19
1696253092201 1.118814713701866 20
1696253092222 1.0942838154390058 21
1696253092311 1.0718424285730848 22
1696253092332 1.0477565927008785 23
1696253092358 1.0255055852190056 24
1696253092381 1.0038251839709202 25
1696253092405 0.9826306726319058 26
1696253092428 0.9643565023128916 27
1696253092450 0.947343955673513 28
1696253092473 0.9276597441259953 29
1696253092494 0.9079111019980618 30
1696253092516 0.8898354716677078 31
1696253092551 0.8751199864116411 32
1696253092605 0.8594101627974705 33
1696253092629 0.8425052736013492 34
1696253092653 0.8261968640299309 35
1696253092702 0.8097229463601785 36
1696253092723 0.7962120984190343 37
1696253092742 0.7799677088081723 38
1696253092765 0.7667982812655675 39
1696253092786 0.7519418577180567 40
1696253092808 0.7368043389117497 41
1696253092827 0.7225833123582107 42
1696253092850 0.7112653148691935 43
1696253092873 0.6975780504840262 44
1696253092895 0.6848192850179954 45
1696253092919 0.6723367098296888 46
1696253093031 0.6597234982129355 47
1696253093103 0.6478537814699534 48
1696253093126 0.6377003104793265 49
1696253093147 0.6261545086838372 50
1696253093173 0.6151508967175489 51
1696253093195 0.6038560866981998 52
1696253093223 0.592175976236586 53
1696253093249 0.5821714500449224 54
1696253093271 0.571914597109645 55
1696253093294 0.5615255089259512 56
1696253093315 0.5508194737680677 57
1696253093336 0.5409819965147127 58
1696253093360 0.5312089528127233 59
1696253093383 0.5225763049533008 60
1696253093407 0.5126606072267692 61
1696253093432 0.502945721589184 62
1696253093455 0.49403919966476095 63
1696253093506 0.4850186165546464 64
1696253093527 0.4771417879276693 65
1696253093548 0.4681982815144129 66
1696253093570 0.46005747136692215 67
1696253093596 0.45261166828845734 68
1696253093619 0.44434769659590123 69
1696253093762 0.43751139463912553 70
1696253093783 0.4303257572262027 71
1696253093803 0.4223582167792717 72
1696253093826 0.4151321873490855 73
1696253093978 0.4083406021029834 74
1696253093997 0.40077966708909035 75
1696253094018 0.39438106263683786 76
1696253094039 0.3870998935665563 77
1696253094059 0.38012787913454 78
1696253094082 0.3737628380265025 79
1696253094105 0.36752498380854953 80
1696253094130 0.36160657279718156 81
1696253094153 0.3556013265734988 82
1696253094175 0.34983297068397023 83
1696253094197 0.34345444337899256 84
1696253094218 0.3371832003393577 85
1696253094242 0.33151460491628904 86
1696253094293 0.3258765676624091 87
1696253094315 0.32022785062219267 88
1696253094337 0.3155198596045901 89
1696253094365 0.309946991561038 90
1696253094390 0.305693308558134 91
1696253094414 0.30073509000961735 92
1696253094435 0.29528640860134786 93
1696253094455 0.2899441230952487 94
1696253094476 0.2847056734382407 95
1696253094497 0.28019519283996364 96
1696253094521 0.27540915272224226 97
1696253094546 0.2710599273291092 98
1696253094568 0.2663413203300692 99
1696253094591 0.261549075899777 100
1696253094613 0.2571347667587418 101
1696253094637 0.25322227388470464 102
1696253094659 0.24937191353372548 103
1696253094685 0.2451146356950513 104
1696253094801 0.241252262569648 105
1696253094835 0.23715677595577966 106
1696253094864 0.23303501976068006 107
1696253094893 0.22929995282172913 108
1696253094923 0.22611208994585308 109
1696253094948 0.22254816148796122 110
1696253094975 0.2187593311569007 111
1696253095003 0.21597971960148096 112
1696253095031 0.21259707775998093 113
1696253095059 0.2090130581868192 114
1696253095087 0.20579572097649262 115
1696253095113 0.20212905581370125 116
1696253095144 0.19875852120020307 117
1696253095168 0.19522677873613972 118
1696253095195 0.1922921924934229 119
1696253095220 0.1890362435900392 120
1696253095245 0.18567996506443982 121
1696253095273 0.18256149079698875 122
1696253095299 0.1799059834946994 123
1696253095330 0.1768193095400116 124
1696253095358 0.17380381434489428 125
1696253095384 0.17110899585242084 126
1696253095411 0.16825208211360645 127
1696253095437 0.16544097340788197 128
1696253095467 0.16305336169545467 129
1696253095494 0.16072343221756957 130
1696253095547 0.1579835152620632 131
1696253095577 0.15555703194283166 132
1696253095608 0.1529557354705117 133
1696253095643 0.15042125335237014 134
1696253095676 0.14804851943935668 135
1696253095715 0.1455723676674424 136
1696253095753 0.1430113691841677 137
1696253095776 0.14058678044740403 138
1696253095796 0.1381949716010088 139
1696253095835 0.13576571119192546 140
1696253095855 0.1335201457283857 141
1696253095877 0.13153306189727432 142
1696253095993 0.12934106046513624 143
1696253096070 0.12713553220044083 144
1696253096102 0.12519053587865664 145
1696253096134 0.12299736879015793 146
1696253096165 0.12103209638990102 147
1696253096199 0.11942496403657281 148
1696253096224 0.11760941371954835 149
1696253096262 0.11555033790386937 150
1696253096284 0.11370977052009969 151
1696253096335 0.11185146567700398 152
1696253096358 0.11011828302790211 153
1696253096383 0.10835515676836038 154
1696253096408 0.10681871792990677 155
1696253096466 0.1052648678104947 156
1696253096491 0.10348814784410344 157
1696253096515 0.10174281136602338 158
1696253096544 0.1002402947013641 159
1696253096569 0.09864935719558733 160
1696253096600 0.09698737262356098 161
1696253096627 0.09554914484760425 162
1696253096649 0.09388511243645405 163
1696253096671 0.09248011920850044 164
1696253096697 0.09101452040578303 165
1696253096718 0.08943099770113751 166
1696253096740 0.08792899083729537 167
1696253096761 0.08654017157614968 168
1696253096783 0.0851164109602853 169
1696253096888 0.08390770082691659 170
1696253096915 0.08258038667370894 171
1696253096951 0.08137686594839023 172
1696253097000 0.07996582206386955 173
1696253097034 0.07870702782716317 174
1696253097067 0.0774673949953338 175
1696253097099 0.07612740567356839 176
1696253097145 0.07509974415690927 177
1696253097177 0.07380015661506305 178
1696253097213 0.07268579460452601 179
1696253097248 0.07147184698926204 180
1696253097277 0.07028113010615952 181
1696253097304 0.06910149687373872 182
1696253097331 0.06815088063462035 183
1696253097356 0.06697293199287184 184
1696253097380 0.06585816954441634 185
1696253097410 0.06487180457911718 186
1696253097488 0.06375360717817746 187
1696253097518 0.06272496197986314 188
1696253097578 0.061894918849709074 189
1696253097606 0.06101825451218024 190
1696253097634 0.06017658161534484 191
1696253097662 0.05918023408687469 192
1696253097689 0.05830027836351667 193
1696253097717 0.05738818039295137 194
1696253097745 0.056424227802692586 195
1696253097774 0.05550852176408429 196
1696253097802 0.05467613961690444 197
1696253097829 0.053759381986455884 198
1696253097862 0.052902130935659604 199
1696253097891 0.0520753918900725 200
1696253097917 0.05125837652430148 201
1696253097946 0.050443153199259474 202
1696253097982 0.049687504228663394 203
1696253098013 0.04897488308831295 204
1696253098039 0.048372759200781816 205
1696253098100 0.04760373013015739 206
1696253098148 0.04686389653574253 207
1696253098180 0.04619551417659944 208
1696253098210 0.04544854808566588 209
1696253098250 0.04475911385881783 210
1696253098280 0.04401925226680213 211
1696253098309 0.04333953926432437 212
1696253098361 0.04259819801311922 213
1696253098384 0.04201635802237614 214
1696253098409 0.04132448022637739 215
1696253098433 0.04074580555553358 216
1696253098463 0.04009167487891167 217
1696253098486 0.03940892689606837 218
1696253098511 0.03876359157550924 219
1696253098538 0.038140200062431934 220
1696253098573 0.037541540680008464 221
1696253098610 0.03694715139304269 222
1696253098635 0.03635454060619995 223
1696253098667 0.035870863512438664 224
1696253098697 0.03534695781188756 225
1696253098727 0.0347813936123938 226
1696253098752 0.034222610516595094 227
1696253098781 0.03375286502421004 228
1696253098811 0.03320021837323566 229
1696253098844 0.03271017135379078 230
1696253098879 0.03229036895497503 231
1696253099009 0.031743327245357895 232
1696253099034 0.0312044445939376 233
1696253099065 0.030705557708799232 234
1696253099193 0.030249301371667873 235
1696253099217 0.02982447927121586 236
1696253099237 0.029353228553459534 237
1696253099261 0.02889675813929665 238
1696253099287 0.028522006663924106 239
1696253099309 0.028056647561717194 240
1696253099333 0.027616713093387632 241
1696253099355 0.027162721887706125 242
1696253099425 0.026704901945455252 243
1696253099447 0.02626379605024602 244
1696253099469 0.025844368512362766 245
1696253099493 0.02541763058527999 246
1696253099514 0.02502501555773782 247
1696253099536 0.024626116043772617 248
1696253099559 0.024210726080954603 249
1696253099580 0.0238515504236878 250
1696253099635 0.02349615123317219 251
1696253099658 0.02316495151595506 252
1696253099678 0.022793032235319054 253
1696253099699 0.022423005123479212 254
1696253099722 0.02206781231840377 255
1696253099744 0.02180900925877932 256
1696253099767 0.021455193159501035 257
1696253099787 0.021094216202857154 258
1696253099809 0.020803151232036413 259
1696253099830 0.020485487330146764 260
1696253099851 0.02019523612264655 261
1696253099873 0.019886400600670675 262
1696253099897 0.01957858292130071 263
1696253099924 0.01930187587805245 264
1696253099949 0.019056894866055277 265
1696253099975 0.018760564411806614 266
1696253099998 0.018447835615790272 267
1696253100030 0.01815872884579814 268
1696253100053 0.017921746347866 269
1696253100076 0.017647464302344075 270
1696253100096 0.017370147022470743 271
1696253100118 0.017158157769825686 272
1696253100228 0.01690677644081749 273
1696253100254 0.016661511928697574 274
1696253100279 0.01641165688007611 275
1696253100303 0.016200485254706673 276
1696253100324 0.01594812230425981 277
1696253100346 0.015688906188519303 278
1696253100395 0.015475345403359982 279
1696253100417 0.015244647316167854 280
1696253100438 0.014992844463469587 281
1696253100462 0.014762674297009106 282
1696253100484 0.014532965148157093 283
1696253100512 0.014323599421490172 284
1696253100534 0.014137375327338905 285
1696253100557 0.013941397938386148 286
1696253100577 0.01371127302005884 287
1696253100598 0.013491895290833835 288
1696253100620 0.01328385048678096 289
1696253100642 0.013065183813194676 290
1696253100668 0.012884924876527516 291
1696253100695 0.012693622359193494 292
1696253100727 0.012529471878385486 293
1696253100752 0.012338605912561456 294
1696253100781 0.012155371514729873 295
1696253100806 0.011997095044851826 296
1696253100830 0.01182779299369276 297
1696253100856 0.011675563070432304 298
1696253100882 0.0115140976089949 299
1696253100906 0.011342574428301451 300
1696253100929 0.011168456083657756 301
1696253100954 0.011014449568768228 302
1696253100979 0.0108482343131195 303
1696253101009 0.010698423629479249 304
1696253101031 0.01056813512975478 305
1696253101052 0.010447185580908801 306
1696253101157 0.010277418792337355 307
1696253101179 0.010132115201244471 308
1696253101204 0.00997204483715156 309
1696253101249 0.009818537722082039 310
1696253101270 0.009662971228247389 311
1696253101290 0.009505631381969939 312
1696253101326 0.009364319278089308 313
1696253101352 0.009217043895585673 314
1696253101371 0.009068120256284474 315
1696253101391 0.008929364668072435 316
1696253101413 0.008820544458486297 317
1696253101436 0.00870015987123921 318
1696253101458 0.008572972883561498 319
1696253101480 0.008433528447829087 320
1696253101505 0.008328683158583964 321
1696253101530 0.008202415290395884 322
1696253101551 0.008094302539206795 323
1696253101575 0.007979217211766176 324
1696253101596 0.007859271318995293 325
1696253101617 0.007735177944495134 326
