1694357426566 1.9108673829053537 0
1694357426599 1.8743461219500088 1
1694357426652 1.8412938098578737 2
1694357426675 1.8098538801557738 3
1694357426698 1.7802509900275572 4
1694357426724 1.7520117032338802 5
1694357426753 1.7253580480519053 6
1694357426779 1.6999915262172167 7
1694357426804 1.6753022021156192 8
1694357426832 1.6516414608094496 9
1694357426870 1.6289500248087798 10
1694357426918 1.6071749950828202 11
1694357426945 1.585953872538229 12
1694357426970 1.565627034552701 13
1694357426996 1.5460378845377594 14
1694357427027 1.527076279990832 15
1694357427053 1.5085442196396932 16
1694357427083 1.4905136373654821 17
1694357427111 1.4730411133007366 18
1694357427135 1.4562073925137586 19
1694357427160 1.440084395729123 20
1694357427187 1.423899966112288 21
1694357427213 1.4083508591402003 22
1694357427337 1.393272198367461 23
1694357427365 1.3784996189013319 24
1694357427395 1.3641985837476243 25
1694357427419 1.3500392537891177 26
1694357427444 1.3360051034208082 27
1694357427473 1.3225112737140088 28
1694357427499 1.3093452147405291 29
1694357427525 1.2967199899190305 30
1694357427550 1.2840487694099898 31
1694357427603 1.2717081206813516 32
1694357427628 1.2597378798896184 33
1694357427652 1.2480412976993525 34
1694357427677 1.2366044242413528 35
1694357427705 1.2252208569777536 36
1694357427733 1.2142682119471493 37
1694357427760 1.2035893298125848 38
1694357427785 1.1929267231707723 39
1694357427812 1.1825800962852424 40
1694357427839 1.1724867654569022 41
1694357427864 1.1626746379380541 42
1694357427895 1.1528376732610897 43
1694357427921 1.143134861366054 44
1694357427949 1.133617524578953 45
1694357427976 1.1243322482037579 46
1694357428003 1.115312574821511 47
1694357428033 1.106288532493215 48
1694357428064 1.097645720653688 49
1694357428091 1.0891799376713758 50
1694357428117 1.080791178528874 51
1694357428144 1.0725332161351466 52
1694357428170 1.064402651602143 53
1694357428195 1.0564820135156832 54
1694357428221 1.0486540691895627 55
1694357428250 1.0410165587579752 56
1694357428276 1.033438187100281 57
1694357428303 1.025978372127661 58
1694357428329 1.0187291564835612 59
1694357428354 1.011612681892941 60
1694357428385 1.0045030712863545 61
1694357428412 0.997548343411974 62
1694357428438 0.9907396739634716 63
1694357428464 0.9840135683902989 64
1694357428491 0.9774340185912139 65
1694357428518 0.9709941374048505 66
1694357428548 0.9646022795086177 67
1694357428574 0.9583125203269224 68
1694357428600 0.9521799521549573 69
1694357428628 0.9461098810924374 70
1694357428656 0.9401451097173513 71
1694357428706 0.9342926347609688 72
1694357428734 0.928410228798838 73
1694357428769 0.922750638493787 74
1694357428797 0.9170838057768053 75
1694357428823 0.9114610722798461 76
1694357428849 0.9060550063875622 77
1694357428875 0.9006984401006016 78
1694357428907 0.8954366596080302 79
1694357428936 0.8902762108134056 80
1694357428965 0.8852301377085545 81
1694357428993 0.8801647647913503 82
1694357429021 0.8752245898184158 83
1694357429048 0.8703263922819847 84
1694357429080 0.8654567790562067 85
1694357429105 0.8606587999862673 86
1694357429130 0.8559855873828235 87
1694357429156 0.8513786548884279 88
1694357429183 0.8467899719075543 89
1694357429209 0.8423529771246164 90
1694357429237 0.8379418454569312 91
1694357429264 0.8336049613234332 92
1694357429295 0.8293217659708296 93
1694357429331 0.825056347189883 94
1694357429360 0.8208608360216574 95
1694357429419 0.816752630488003 96
1694357429467 0.8127733986345936 97
1694357429496 0.8088201435904461 98
1694357429522 0.8048780162362543 99
1694357429548 0.8009933215307729 100
1694357429573 0.7971580627078217 101
1694357429601 0.7934299644031884 102
1694357429651 0.7896254598410678 103
1694357429677 0.7859851935596549 104
1694357429703 0.7823412906583321 105
1694357429728 0.7788306961261295 106
1694357429756 0.7752296700696751 107
1694357429783 0.7716884975680217 108
1694357429808 0.7681603341923324 109
1694357429834 0.7647620432525565 110
1694357429860 0.7613479595495605 111
1694357429893 0.7580340201703398 112
1694357429919 0.7548454336504299 113
1694357429947 0.751515777505351 114
1694357429973 0.7483205816875539 115
1694357430001 0.7452470422757449 116
1694357430027 0.7421798659525881 117
1694357430055 0.7390861687595922 118
1694357430082 0.7360173409094768 119
1694357430110 0.7330368232959533 120
1694357430140 0.7300591258640978 121
1694357430166 0.7272114330780834 122
1694357430191 0.7243478684237938 123
1694357430217 0.7215095497418825 124
1694357430243 0.7186759546968126 125
1694357430270 0.7159054190449473 126
1694357430296 0.7131667275711481 127
1694357430322 0.710450796235945 128
1694357430346 0.7078091476275207 129
1694357430377 0.7051467384741937 130
1694357430402 0.7025103847060176 131
1694357430429 0.6998943483359743 132
1694357430455 0.6973923984594094 133
1694357430481 0.6948919868419117 134
1694357430508 0.6922723283432743 135
1694357430533 0.6897885082942817 136
1694357430561 0.687369583013784 137
1694357430587 0.684921056325058 138
1694357430625 0.6825558712702303 139
1694357430650 0.6801763732180997 140
1694357430680 0.6778448048814432 141
1694357430731 0.6755219632264972 142
1694357430760 0.6732381714124581 143
1694357430809 0.6709793517047521 144
1694357430836 0.6687377728876911 145
1694357430862 0.6665351937484515 146
1694357430895 0.6643245970233453 147
1694357430921 0.6621781257994692 148
1694357430949 0.6600450362544614 149
1694357430975 0.657918205905537 150
1694357431000 0.655869673043402 151
1694357431027 0.6538121947961028 152
1694357431053 0.6518004820201853 153
1694357431082 0.6497437197815391 154
1694357431108 0.6477440035057269 155
1694357431136 0.6457927875200852 156
1694357431162 0.6438091150939516 157
1694357431192 0.6418661942570877 158
1694357431217 0.6399258912406092 159
1694357431244 0.63805134768435 160
1694357431270 0.6361026673702335 161
1694357431296 0.63422460144072 162
1694357431325 0.6323611533226354 163
1694357431352 0.6305334257250387 164
1694357431384 0.628734283055869 165
1694357431410 0.6269327108116872 166
1694357431436 0.625158083417564 167
1694357431480 0.6234136589196847 168
1694357431554 0.6216604271675913 169
1694357431597 0.6199611105142055 170
1694357431631 0.6182388508175437 171
1694357431682 0.6165394165476007 172
1694357431710 0.6148589136636294 173
1694357431742 0.613169626240692 174
1694357431772 0.6115239554491071 175
1694357431799 0.6098823330996864 176
1694357431827 0.6082450540121717 177
1694357431853 0.6066297201718157 178
1694357431883 0.6050659551812498 179
1694357431920 0.6034768115161602 180
1694357431945 0.6019080828702313 181
1694357431974 0.6003399254398293 182
1694357431999 0.5988074467832656 183
1694357432024 0.5972506019321139 184
1694357432050 0.5957732316823237 185
1694357432075 0.5943019584342661 186
1694357432100 0.5927962744246946 187
1694357432128 0.5913275635925013 188
1694357432153 0.5898473683999454 189
1694357432179 0.5883686749150547 190
1694357432206 0.5869219941869466 191
1694357432231 0.5854935041724548 192
1694357432260 0.5840994816561242 193
1694357432295 0.5827404666574768 194
1694357432320 0.5813717362770214 195
1694357432345 0.5800609755266122 196
1694357432371 0.5787238454773157 197
1694357432403 0.577393088283044 198
1694357432431 0.5760586763063527 199
1694357432459 0.5747382971185637 200
1694357432486 0.5734721346305366 201
1694357432514 0.5721751277697933 202
1694357432540 0.5708816787630386 203
1694357432566 0.569590764214161 204
1694357432593 0.5683327482678024 205
1694357432621 0.5670853927455471 206
1694357432649 0.5658278588961491 207
1694357432676 0.5646133490119905 208
1694357432703 0.5634222509726992 209
1694357432756 0.5622215221183329 210
1694357432794 0.5610075987742653 211
1694357432820 0.5597671785702392 212
1694357432849 0.5585498848892172 213
1694357432879 0.5573383441717115 214
1694357432905 0.5562081007982279 215
1694357432930 0.5550733175089627 216
1694357432957 0.5539433971030071 217
1694357432983 0.5528064115512289 218
1694357433008 0.551688863435946 219
1694357433032 0.5505689779865351 220
1694357433059 0.5494771736777769 221
1694357433087 0.5483999061070401 222
1694357433114 0.5473004724150361 223
1694357433141 0.5462240595013843 224
1694357433169 0.5451183817701187 225
1694357433197 0.5440725408775337 226
1694357433225 0.5430215340791757 227
1694357433253 0.5419642759621406 228
1694357433280 0.5409484312133823 229
1694357433311 0.5399450810435587 230
1694357433338 0.5388978773925694 231
1694357433369 0.5378752214446197 232
1694357433402 0.5368464347582225 233
1694357433430 0.5358363774700027 234
1694357433456 0.5348310954543346 235
1694357433483 0.5338448050044058 236
1694357433512 0.5328749809546525 237
1694357433540 0.5318891411126723 238
1694357433631 0.5309158896188018 239
1694357433669 0.5299730416461185 240
1694357433720 0.5290154876707407 241
1694357433746 0.5280657052737405 242
1694357433770 0.5271242446292478 243
1694357433796 0.526209341467132 244
1694357433823 0.5252912579067419 245
1694357433852 0.5243119335494877 246
1694357433883 0.5233659502654117 247
1694357433909 0.5224374347403692 248
1694357433935 0.5215346329558953 249
1694357433960 0.5206416913809974 250
1694357433989 0.5197268041508225 251
1694357434014 0.5188044655292543 252
1694357434038 0.5179566206913474 253
1694357434063 0.5170538925076426 254
1694357434091 0.516181551778969 255
1694357434118 0.5153065920033979 256
1694357434143 0.5144453667397744 257
1694357434168 0.5135962769276949 258
1694357434193 0.5127411584738499 259
1694357434219 0.5118920006737281 260
1694357434244 0.5110508109785202 261
1694357434269 0.510226242962677 262
1694357434294 0.5093776801999937 263
1694357434320 0.5085292929570523 264
1694357434348 0.5077442357264352 265
1694357434382 0.5069086527359533 266
1694357434409 0.5060968021303446 267
1694357434435 0.5052743776067317 268
1694357434461 0.5044966232340228 269
1694357434487 0.5036852139139384 270
1694357434513 0.5029056447811531 271
1694357434538 0.5021080634227718 272
1694357434565 0.5013149690266436 273
1694357434591 0.500535967829536 274
1694357434616 0.49976666138071646 275
1694357434642 0.4990162560282151 276
1694357434669 0.49825672760796225 277
1694357434695 0.4974739538780767 278
1694357434721 0.49672619423447817 279
1694357434746 0.49598421880440285 280
1694357434796 0.4952540230303445 281
1694357434820 0.4945053036135884 282
1694357434848 0.49379722430653145 283
1694357434874 0.4930320101972864 284
1694357434908 0.49231488049582606 285
1694357434932 0.4915735263569121 286
1694357434959 0.4908250087334063 287
1694357434985 0.4900876099327857 288
1694357435012 0.48935326852922373 289
1694357435037 0.4886675614268289 290
1694357435062 0.4879700548818664 291
1694357435087 0.48730069102717166 292
1694357435113 0.48662730152288686 293
1694357435138 0.485948771087884 294
1694357435163 0.48524564816498833 295
1694357435188 0.4845665390284573 296
1694357435215 0.48385710500564044 297
1694357435239 0.48320283809260334 298
1694357435265 0.48251069031410515 299
1694357435292 0.4818177386053115 300
1694357435317 0.48114598501975236 301
1694357435344 0.48049462528126125 302
1694357435375 0.4798088442872519 303
1694357435403 0.47913551475367355 304
1694357435429 0.4784723282612774 305
1694357435457 0.47779252524994065 306
1694357435482 0.4771369417141919 307
1694357435508 0.4764668687772827 308
1694357435533 0.4758093869756669 309
1694357435559 0.4751819339148119 310
1694357435585 0.4745442649532046 311
1694357435760 0.47389410737596604 312
1694357435800 0.4732400951997394 313
1694357435824 0.4726604502324014 314
1694357435848 0.4720448201082327 315
1694357435872 0.47142798152588955 316
1694357435902 0.4707946300455179 317
1694357435928 0.47020118400912647 318
1694357435953 0.46959494459059903 319
1694357435992 0.4689903399824297 320
1694357436019 0.46838287416898483 321
1694357436043 0.4677902247559511 322
1694357436067 0.4671889780820366 323
1694357436092 0.4665768756219327 324
1694357436117 0.46599060484379573 325
1694357436142 0.46541071193525074 326
1694357436166 0.46480084201947225 327
1694357436191 0.46420757049965805 328
1694357436216 0.46361513703487683 329
1694357436245 0.46306036376793747 330
1694357436269 0.46249947167700545 331
1694357436298 0.4619088280288172 332
1694357436322 0.4613155885994606 333
1694357436346 0.46072702714156005 334
1694357436377 0.4601574139637262 335
1694357436402 0.45956636043756954 336
1694357436426 0.459019198521247 337
1694357436452 0.4584518402302624 338
1694357436479 0.4578690520653662 339
1694357436504 0.4573041838931306 340
1694357436530 0.45672057807546323 341
1694357436556 0.4561509402910315 342
1694357436581 0.4555909775470623 343
1694357436608 0.4550238912834563 344
1694357436633 0.4544919754230923 345
1694357436658 0.45395597518149144 346
1694357436682 0.4534268451248117 347
1694357436709 0.45284181261245204 348
1694357436734 0.45234339114201544 349
1694357436761 0.4518205495907046 350
1694357436828 0.45130835649126355 351
1694357436851 0.45082464357612373 352
1694357436880 0.45028490688480655 353
1694357436909 0.44977405582642177 354
1694357436933 0.4492265494583623 355
1694357436959 0.4487018017941075 356
1694357436982 0.44820631762474256 357
1694357437010 0.44769666059317226 358
1694357437035 0.4472149994118363 359
1694357437117 0.446705954798056 360
1694357437142 0.4461863270358599 361
1694357437171 0.4456971708244972 362
1694357437196 0.44519280853076837 363
1694357437221 0.4446999296739525 364
1694357437247 0.4441968711945092 365
1694357437281 0.4437005349268974 366
1694357437306 0.4432043726261786 367
1694357437330 0.44269592791868356 368
1694357437356 0.4421775987657076 369
1694357437386 0.4416873786487799 370
1694357437412 0.44117652197302737 371
1694357437438 0.4406974267633393 372
1694357437464 0.4402188428544322 373
1694357437491 0.4396873655605617 374
1694357437515 0.439217894497015 375
1694357437541 0.4387190527585812 376
1694357437569 0.43825038700244384 377
1694357437595 0.4377837960747061 378
1694357437621 0.4373097943774034 379
1694357437647 0.4368052070132083 380
1694357437673 0.4363523051258694 381
1694357437701 0.4358759656672348 382
1694357437728 0.4353855594006611 383
1694357437753 0.434920566536715 384
1694357437833 0.43444869714688583 385
1694357437859 0.4339758431642882 386
1694357437934 0.4335093682921069 387
1694357437958 0.43303336152467425 388
1694357437983 0.4325653436787309 389
1694357438012 0.43211228171949495 390
1694357438043 0.4316593300855764 391
1694357438069 0.4312060851198068 392
1694357438098 0.43074309426117197 393
1694357438123 0.43027056430939054 394
1694357438147 0.4298129760881199 395
1694357438172 0.4293570921025477 396
1694357438198 0.4289147713025534 397
1694357438223 0.4284361051205656 398
1694357438249 0.4279697069728142 399
1694357438274 0.4275250166211077 400
1694357438300 0.4271303301607685 401
1694357438326 0.4267077877877021 402
1694357438351 0.4262494746511488 403
1694357438382 0.4257946603347804 404
1694357438408 0.4253456338496401 405
1694357438434 0.42490953939812737 406
1694357438460 0.42448107584892786 407
1694357438487 0.42403211971504223 408
1694357438517 0.4235913208994852 409
1694357438544 0.4231543969039955 410
1694357438572 0.42271021419229177 411
1694357438599 0.4223008704888909 412
1694357438629 0.4218501528965272 413
1694357438657 0.4214366284552066 414
1694357438684 0.42101375800579144 415
1694357438712 0.4205830391672629 416
1694357438738 0.420143152439817 417
1694357438765 0.41970084454004153 418
1694357438792 0.4192691378582855 419
1694357438817 0.41886552542454925 420
1694357438866 0.41843816328492917 421
1694357438896 0.41803195057651454 422
1694357438921 0.4176119932350987 423
1694357438946 0.41721736247837155 424
1694357438971 0.41681222397132156 425
1694357438996 0.41641001949678214 426
1694357439021 0.4160147986141024 427
1694357439054 0.4156091813395385 428
1694357439079 0.4152191245884875 429
1694357439105 0.41482092604789095 430
1694357439130 0.4144008979197857 431
1694357439157 0.41400965781174714 432
1694357439182 0.413585678106851 433
1694357439208 0.4131961610053349 434
1694357439233 0.41279610241014436 435
1694357439257 0.4124117172424963 436
1694357439282 0.4120266648066129 437
1694357439308 0.4116391149377758 438
1694357439334 0.4112356057577572 439
1694357439359 0.41087411712221245 440
1694357439390 0.4104564655103345 441
1694357439415 0.41007221457954224 442
1694357439441 0.4096909655895976 443
1694357439467 0.4092858270959033 444
1694357439492 0.40889700158314396 445
1694357439517 0.4085159499641506 446
1694357439545 0.40807551051811086 447
1694357439571 0.40766935123542875 448
1694357439596 0.4072806933924751 449
1694357439622 0.4068860918389019 450
1694357439648 0.4065149204918022 451
1694357439677 0.4061174576301878 452
1694357439703 0.4057561673896615 453
1694357439728 0.40536052055977684 454
1694357439764 0.4049434902051334 455
1694357439789 0.404549100951335 456
1694357439838 0.4041836822427049 457
1694357439862 0.4038299667900483 458
1694357439900 0.40344825105188226 459
1694357439933 0.4030746611334819 460
1694357439994 0.4027247684298418 461
1694357440064 0.4023822742979888 462
1694357440092 0.40199076144138585 463
1694357440118 0.4016131015088663 464
1694357440142 0.401256528707417 465
1694357440166 0.40088587815834903 466
1694357440191 0.4005161495629878 467
1694357440218 0.400144891470269 468
1694357440244 0.3997691829213044 469
1694357440268 0.3994450077206174 470
1694357440316 0.39910770399932644 471
1694357440341 0.39875240889287705 472
1694357440365 0.39837807206548986 473
1694357440394 0.39801799340663996 474
1694357440419 0.397667085846517 475
1694357440446 0.39730944976045085 476
1694357440471 0.3969744874392687 477
1694357440497 0.3966040230518701 478
1694357440523 0.3962344156904259 479
1694357440548 0.39588678910115527 480
1694357440575 0.395532789462182 481
1694357440600 0.39519362417950016 482
1694357440639 0.3948567461532134 483
1694357440662 0.39449670739288956 484
1694357440686 0.3941283861272205 485
1694357440710 0.3938050507375172 486
1694357440737 0.39346237022389663 487
1694357440762 0.39310582817024636 488
1694357440786 0.3927681681092773 489
1694357440822 0.3924146008647109 490
1694357440846 0.3920452003459238 491
1694357440896 0.3917277677412158 492
1694357440920 0.3913768908045404 493
1694357440945 0.39101254294577786 494
1694357440969 0.3906692427276579 495
1694357440994 0.390306377126772 496
1694357441019 0.39002277115774586 497
1694357441044 0.38966071355825876 498
1694357441070 0.3893150595775681 499
1694357441185 0.3893150595775681 500
