1694359454436 1.9107536336657314 0
1694359454470 1.874007197290785 1
1694359454497 1.8408203752939953 2
1694359454521 1.8091801994170673 3
1694359454545 1.7793470440929542 4
1694359454569 1.750915989219168 5
1694359454593 1.7240237432876708 6
1694359454618 1.6983915940549559 7
1694359454645 1.6736989044148636 8
1694359454676 1.6499840599004216 9
1694359454702 1.6271171328489162 10
1694359454727 1.605186038704913 11
1694359454755 1.5838690908377284 12
1694359454786 1.5635021007710328 13
1694359454851 1.5439076638879499 14
1694359454875 1.5249148009963251 15
1694359454899 1.506215877821325 16
1694359454925 1.4882465434214533 17
1694359454975 1.4708847644810452 18
1694359454998 1.45398286563052 19
1694359455022 1.4378115350501632 20
1694359455062 1.4216600490221543 21
1694359455088 1.406068990810297 22
1694359455119 1.3909444256121817 23
1694359455143 1.3762139887033449 24
1694359455192 1.3617786839208745 25
1694359455220 1.3475329039185158 26
1694359455245 1.3336225981288763 27
1694359455269 1.3200516090590564 28
1694359455295 1.3067962520083807 29
1694359455321 1.2940704006033523 30
1694359455346 1.2814585031362666 31
1694359455374 1.2691324582732832 32
1694359455508 1.2571036848590362 33
1694359455544 1.2453877221404428 34
1694359455578 1.2338744010566127 35
1694359455613 1.222579593865555 36
1694359455644 1.21163489359911 37
1694359455674 1.2009261004413174 38
1694359455699 1.1903261788314676 39
1694359455725 1.1799756048445917 40
1694359455750 1.169873242359967 41
1694359455776 1.160072550207999 42
1694359455803 1.1502895701639058 43
1694359455827 1.1406266301012438 44
1694359455854 1.1311312955131185 45
1694359455879 1.1218615164521346 46
1694359455905 1.112825051624061 47
1694359455931 1.1037909795544438 48
1694359455958 1.0950896725395456 49
1694359455985 1.0865733064735856 50
1694359456009 1.0781761863275559 51
1694359456036 1.0699312968806842 52
1694359456061 1.061789171388919 53
1694359456088 1.0538399374131517 54
1694359456114 1.0460048727505615 55
1694359456139 1.0382403180704498 56
1694359456164 1.0306451808138093 57
1694359456189 1.0231105139248635 58
1694359456217 1.015775511728369 59
1694359456242 1.0085687776756849 60
1694359456268 1.0014306960755204 61
1694359456293 0.9944743883363788 62
1694359456320 0.9877416285592214 63
1694359456347 0.980989472891976 64
1694359456477 0.9744365652919434 65
1694359456531 0.9679393215711997 66
1694359456561 0.9615516254341605 67
1694359456590 0.9552586485845141 68
1694359456621 0.949016583849881 69
1694359456648 0.9429531248680749 70
1694359456675 0.9369593936441513 71
1694359456702 0.9311283952873635 72
1694359456729 0.9252930113328819 73
1694359456757 0.9195574826154036 74
1694359456784 0.9138148856786245 75
1694359456810 0.9082031678446608 76
1694359456838 0.9027834413994449 77
1694359456868 0.8974099911279381 78
1694359456901 0.892125337480549 79
1694359456941 0.8869419390283034 80
1694359457005 0.8818342660305158 81
1694359457039 0.8768322868814549 82
1694359457075 0.8718589178480334 83
1694359457112 0.866957286473257 84
1694359457146 0.8621287667602908 85
1694359457181 0.8573024863444441 86
1694359457213 0.8526423512841971 87
1694359457242 0.8480076543651018 88
1694359457271 0.8434152444577991 89
1694359457306 0.8388794307536895 90
1694359457344 0.834381646096191 91
1694359457377 0.8300910682455951 92
1694359457414 0.8258957698267267 93
1694359457445 0.8216506428130108 94
1694359457477 0.8174205664206013 95
1694359457510 0.8132702548323032 96
1694359457536 0.8092874265239924 97
1694359457567 0.8052752410256996 98
1694359457599 0.8013510019152635 99
1694359457627 0.7974633112042604 100
1694359457662 0.7936393721331754 101
1694359457695 0.7898856931087278 102
1694359457727 0.7861597917679695 103
1694359457761 0.7825251173312735 104
1694359457794 0.7788463559267012 105
1694359457829 0.7753042234410338 106
1694359457869 0.771743949171939 107
1694359457903 0.7682314910747551 108
1694359457938 0.7647048648688055 109
1694359458090 0.7613026142168918 110
1694359458121 0.7578876865779663 111
1694359458150 0.7545493330928492 112
1694359458187 0.7512931652775209 113
1694359458212 0.7480578430917767 114
1694359458243 0.7448756738038488 115
1694359458326 0.7417046864332875 116
1694359458359 0.7386473708697437 117
1694359458392 0.7356030647272567 118
1694359458612 0.7325496452950637 119
1694359458790 0.7295805663216127 120
1694359458827 0.7265922185786461 121
1694359458856 0.7237001236610102 122
1694359458888 0.7208574760680361 123
1694359458916 0.7180423457010653 124
1694359458944 0.7152008563236603 125
1694359458974 0.7124589147300725 126
1694359459040 0.7096794644543479 127
1694359459075 0.7069576736526485 128
1694359459107 0.7042987143456446 129
1694359459136 0.7016405109529201 130
1694359459165 0.6990319771733577 131
1694359459193 0.6963885112500166 132
1694359459247 0.6938900410997052 133
1694359459276 0.6914255284360454 134
1694359459302 0.6888807693117114 135
1694359459335 0.6864080771429557 136
1694359459364 0.6839650877635816 137
1694359459394 0.6814896970496503 138
1694359459423 0.6790549523288366 139
1694359459453 0.6767246543881998 140
1694359459480 0.6743894432880336 141
1694359459507 0.6720574871644134 142
1694359459534 0.6698047152999942 143
1694359459559 0.6675445892827819 144
1694359459585 0.6652502005271724 145
1694359459640 0.6630536610330858 146
1694359459667 0.6608662112656541 147
1694359459693 0.6587123818874366 148
1694359459730 0.6565749625203334 149
1694359459756 0.6544038390468845 150
1694359459782 0.652295037190664 151
1694359459810 0.650162896923598 152
1694359459839 0.6481542965123281 153
1694359459865 0.6461387043892682 154
1694359459958 0.6441221466311537 155
1694359460025 0.6420854188541204 156
1694359460057 0.6401296378944001 157
1694359460098 0.6382298968544504 158
1694359460132 0.6362681806290253 159
1694359460242 0.6343904620673864 160
1694359460279 0.6324794912335311 161
1694359460316 0.6305975233850214 162
1694359460349 0.6287542122226575 163
1694359460381 0.6269544428996954 164
1694359460416 0.6251394348183507 165
1694359460692 0.6233388396024563 166
1694359461011 0.6215428694618235 167
1694359461109 0.6198031509024514 168
1694359461154 0.6180127999512265 169
1694359461188 0.6163301856388279 170
1694359461224 0.6146483644679864 171
1694359461328 0.6129100964424014 172
1694359461374 0.6112434614760351 173
1694359461414 0.6095998327742863 174
1694359461458 0.6079438342615913 175
1694359461496 0.6062392994834815 176
1694359461542 0.604573325260964 177
1694359461589 0.6029693716740568 178
1694359461635 0.6013861298923368 179
1694359461671 0.5998491954749178 180
1694359461698 0.5982973111972888 181
1694359461729 0.596768775527335 182
1694359461761 0.5951992032632251 183
1694359461874 0.5936721455682693 184
1694359461980 0.5921599270049857 185
1694359462027 0.5906695272618082 186
1694359462056 0.5892047718698928 187
1694359462103 0.5877384676687802 188
1694359462145 0.5863057510278918 189
1694359462179 0.5848439925583934 190
1694359462245 0.5834529974551285 191
1694359462281 0.5820317785458032 192
1694359462321 0.5806175038778444 193
1694359462379 0.5792159443462496 194
1694359462412 0.5778749970681967 195
1694359462469 0.5765307847423465 196
1694359462505 0.5751846719908054 197
1694359462538 0.5738270401425001 198
1694359462620 0.5724586353943992 199
1694359462647 0.5711456921622102 200
1694359462681 0.5698699235067034 201
1694359462762 0.5685552799681646 202
1694359462793 0.567298213399106 203
1694359462927 0.5660382345893761 204
1694359462962 0.5648130319929233 205
1694359463010 0.5635337900553851 206
1694359463056 0.5622492900382943 207
1694359463115 0.5609726450736646 208
1694359463144 0.5598031906286093 209
1694359463183 0.5585994489310725 210
1694359463223 0.5573608732618941 211
1694359463258 0.5561692717184449 212
1694359463292 0.5549783413781879 213
1694359463329 0.5537713041349984 214
1694359463363 0.5526164687448207 215
1694359463394 0.5514675381153255 216
1694359463427 0.5503413070118628 217
1694359463472 0.5492035798992019 218
1694359463512 0.548085088777224 219
1694359463546 0.5469906094762793 220
1694359463580 0.5458733080351083 221
1694359463613 0.5447697943764509 222
1694359463709 0.5436331921300455 223
1694359463760 0.5425396355454208 224
1694359463791 0.5414544987199313 225
1694359463827 0.5403977996578279 226
1694359463863 0.539289772623819 227
1694359463895 0.5382510545938592 228
1694359463928 0.5372423023352192 229
1694359463962 0.5362128009491326 230
1694359463997 0.5351702931279546 231
1694359464029 0.5341935780184556 232
1694359464070 0.5331284814641165 233
1694359464105 0.5321072922488628 234
1694359464139 0.5311222921201308 235
1694359464173 0.5301544794101607 236
1694359464211 0.5291575000220854 237
1694359464245 0.5281985350525351 238
1694359464282 0.5272206372520349 239
1694359464313 0.5262552678861496 240
1694359464345 0.5253140147500778 241
1694359464436 0.5243472213775953 242
1694359464473 0.5234083155390195 243
1694359464514 0.5224413943270261 244
1694359464546 0.5215004938164628 245
1694359464579 0.5206064173542003 246
1694359464611 0.5196513514343891 247
1694359464676 0.5187175315168985 248
1694359464709 0.5177725109131401 249
1694359464763 0.5168952986509143 250
1694359464804 0.5159560373515495 251
1694359464835 0.5150552742397628 252
1694359464869 0.5141571762660334 253
1694359464971 0.5132548088481296 254
1694359465024 0.5124099369560279 255
1694359465057 0.5115268495433483 256
1694359465092 0.5106762718574565 257
1694359465156 0.5097835462073136 258
1694359465189 0.5089421247197337 259
1694359465229 0.5081058746389706 260
1694359465270 0.5072502435222165 261
1694359465302 0.5063870603169354 262
1694359465330 0.5055583782321823 263
1694359465363 0.5047111626258439 264
1694359465394 0.503915472056671 265
1694359465426 0.503112605194529 266
1694359465462 0.5022811310504595 267
1694359465497 0.501465542561816 268
1694359465531 0.5006530390420565 269
1694359465568 0.499811108831632 270
1694359465605 0.49900470164669153 271
1694359465641 0.4981988962921124 272
1694359465677 0.49741726039783074 273
1694359465711 0.4966702775936679 274
1694359465744 0.495884412498373 275
1694359465788 0.495126395877519 276
1694359465820 0.49442836850259786 277
1694359465848 0.4936885797615441 278
1694359465888 0.4929238609311911 279
1694359465922 0.49219310143194833 280
1694359465954 0.49144744705522775 281
1694359465980 0.4907154652065971 282
1694359466015 0.48995732944535103 283
1694359466058 0.4892369572068646 284
1694359466092 0.48849215650159494 285
1694359466127 0.4877587110670933 286
1694359466191 0.48701341760818295 287
1694359466228 0.4862859926237304 288
1694359466271 0.4855586119466716 289
1694359466309 0.4848549239426736 290
1694359466343 0.4841518371891941 291
1694359466377 0.4834645303478593 292
1694359466411 0.48276269687332957 293
1694359466444 0.48207211781893206 294
1694359466486 0.4813780328507633 295
1694359466514 0.48068773280538835 296
1694359466598 0.4800074095354351 297
1694359466629 0.47931323415024774 298
1694359466710 0.47863246700332884 299
1694359466743 0.47793706500069266 300
1694359466780 0.47726198551735993 301
1694359466827 0.47660570440010497 302
1694359466861 0.4759529610916767 303
1694359466893 0.4752891824734196 304
1694359466928 0.4746331098231219 305
1694359466963 0.4739955943215856 306
1694359467097 0.4733438596058682 307
1694359467129 0.47271265578703575 308
1694359467192 0.47202769327442085 309
1694359467224 0.47142088944041083 310
1694359467257 0.47078972208212344 311
1694359467294 0.47016722757913537 312
1694359467327 0.46952730531137055 313
1694359467360 0.4688997239228772 314
1694359467393 0.46828182079560976 315
1694359467426 0.46768129829561145 316
1694359467460 0.46709543443429735 317
1694359467496 0.46648545828048293 318
1694359467527 0.4658800380320747 319
1694359467560 0.46529755467171957 320
1694359467594 0.4646863119843596 321
1694359467629 0.4641029718501447 322
1694359467662 0.4635009645194739 323
1694359467694 0.4629267789944022 324
1694359467726 0.46234177105347857 325
1694359467756 0.46175367321999344 326
1694359467792 0.46115642269194956 327
1694359467828 0.46054120910625956 328
1694359467857 0.4599662415416246 329
1694359467889 0.459371299814299 330
1694359467922 0.4588036018114689 331
1694359467957 0.4582308922577544 332
1694359467989 0.4576910622265248 333
1694359468021 0.45709468934177355 334
1694359468051 0.4565166800272684 335
1694359468091 0.45596782584668955 336
1694359468123 0.45543512947545495 337
1694359468158 0.45487369440592 338
1694359468190 0.45427805892454415 339
1694359468223 0.4536705065123128 340
1694359468255 0.453124994956266 341
1694359468289 0.4525592341760685 342
1694359468330 0.45202397880114964 343
1694359468363 0.451484883304946 344
1694359468395 0.45094091292136695 345
1694359468428 0.4504086390746727 346
1694359468461 0.44992543578645783 347
1694359468492 0.4494005391865896 348
1694359468526 0.448882313170651 349
1694359468559 0.4483279964098362 350
1694359468595 0.4477860681882591 351
1694359468626 0.44724872248106046 352
1694359468658 0.446692074973466 353
1694359468690 0.44618069143230116 354
1694359468756 0.44565992929996456 355
1694359468787 0.4451280399919289 356
1694359468820 0.44460335417768776 357
1694359468860 0.44407936604611686 358
1694359468891 0.4435601828217752 359
1694359468922 0.4430377431375986 360
1694359468957 0.4425028819480461 361
1694359469007 0.4420175681122494 362
1694359469040 0.44148763522109197 363
1694359469092 0.4409971508331416 364
1694359469161 0.44049363487253135 365
1694359469228 0.43999165201138224 366
1694359469258 0.43946181764139003 367
1694359469291 0.43896231857236845 368
1694359469324 0.4384698308446364 369
1694359469359 0.4379743122073891 370
1694359469391 0.4374708301418592 371
1694359469423 0.43696813408394786 372
1694359469455 0.4364720693538344 373
1694359469486 0.43596619144271753 374
1694359469519 0.435472473621026 375
1694359469553 0.4350221539445782 376
1694359469581 0.4345120424584764 377
1694359469614 0.43401149840557357 378
1694359469644 0.4335318509426585 379
1694359469679 0.43303353542691825 380
1694359469711 0.43258054899654086 381
1694359469745 0.4320901893075863 382
1694359469778 0.43160492554751184 383
1694359469809 0.4311529053057795 384
1694359469847 0.43072373718631723 385
1694359469879 0.4302322101565132 386
1694359469920 0.4297741724529394 387
1694359469954 0.4293066820998556 388
1694359469986 0.42883360379609176 389
1694359470013 0.428397006047878 390
1694359470042 0.4279768449194068 391
1694359470085 0.427500173933346 392
1694359470127 0.4270511699935747 393
1694359470158 0.42658721642971914 394
1694359470188 0.4261218018353434 395
1694359470221 0.4256735477853474 396
1694359470253 0.4252070008480929 397
1694359470281 0.4247348465733667 398
1694359470312 0.42428108227548833 399
1694359470354 0.4238334850284634 400
1694359470386 0.4234262493259734 401
1694359470415 0.4229596513161636 402
1694359470446 0.42251427300080086 403
1694359470482 0.42209698065889195 404
1694359470511 0.4216696478709452 405
1694359470544 0.4211742556492681 406
1694359470578 0.4207371893096131 407
1694359470624 0.4202894684391113 408
1694359470663 0.4198689489889177 409
1694359470696 0.41942226915366965 410
1694359470729 0.4190112704438643 411
1694359470798 0.41858423064610706 412
1694359470828 0.4181449452040041 413
1694359470867 0.41772713838135955 414
1694359470905 0.4173082062722675 415
1694359470937 0.4168965574604793 416
1694359470971 0.4164878469547352 417
1694359471003 0.4160634298851905 418
1694359471030 0.41560189690522276 419
1694359471061 0.4151584178526747 420
1694359471093 0.41474036863298547 421
1694359471127 0.4143680455634211 422
1694359471162 0.41394607259342814 423
1694359471208 0.41353623402843454 424
1694359471330 0.4131244112284519 425
1694359471397 0.4127285509089029 426
1694359471425 0.4123494909938905 427
1694359471456 0.41191653117190546 428
1694359471492 0.41151847505099226 429
1694359471522 0.41111424314689493 430
1694359471554 0.4107087968272132 431
1694359471585 0.41030201351822854 432
1694359471621 0.4098951232557579 433
1694359471652 0.40944218840436714 434
1694359471680 0.40903102263799657 435
1694359471713 0.40861796239145737 436
1694359471742 0.408239007809852 437
1694359471774 0.40783588878200594 438
1694359471809 0.4074550340956718 439
1694359471841 0.40707037213597147 440
1694359471879 0.4066669452111051 441
1694359471912 0.4062528657998414 442
1694359471944 0.4058555865797662 443
1694359471980 0.40544263479445103 444
1694359472035 0.40507727700868895 445
1694359472063 0.40468739600765957 446
1694359472094 0.4043045782965463 447
1694359472142 0.4039159884215812 448
1694359472174 0.4034875889486613 449
1694359472206 0.4031095036327804 450
1694359472238 0.4027147094995734 451
1694359472271 0.40232751089840946 452
1694359472305 0.4019602818713306 453
1694359472334 0.4015968667710269 454
1694359472376 0.4012016294225929 455
1694359472411 0.40082909175149284 456
1694359472456 0.4004570177316915 457
1694359472488 0.40007744072749557 458
1694359472518 0.3997231540241348 459
1694359472560 0.39935851685310175 460
1694359472591 0.3989893028780901 461
1694359472622 0.39861921300748515 462
1694359472670 0.3982294335325274 463
1694359472702 0.3978811407418226 464
1694359472730 0.3974953121869582 465
1694359472762 0.3971235598382528 466
1694359472827 0.39675432311576747 467
1694359472857 0.39637496570342085 468
1694359472891 0.3960173424320967 469
1694359472924 0.3956837880626501 470
1694359472957 0.39531350604094123 471
1694359472989 0.39496607553868335 472
1694359473019 0.39462699900950626 473
1694359473048 0.39425722573104216 474
1694359473078 0.39390953383670185 475
1694359473110 0.39358643165469775 476
1694359473146 0.39325767929294503 477
1694359473179 0.39291391400322123 478
1694359473211 0.39254906385001176 479
1694359473242 0.3922029751074783 480
1694359473306 0.3918479701582854 481
1694359473343 0.3915017901161655 482
1694359473442 0.3911724332505447 483
1694359473472 0.39082840751306347 484
1694359473505 0.3904738047880379 485
1694359473537 0.390116380509742 486
1694359473571 0.38976673085755 487
1694359473604 0.38942017440156607 488
1694359473636 0.38908937461573506 489
1694359473672 0.3887467190564229 490
1694359473707 0.3884047021909167 491
1694359473742 0.3880829904914655 492
1694359473774 0.38775357952935996 493
1694359473805 0.38741890174535076 494
1694359473841 0.38707404767418224 495
1694359473874 0.38673806354350243 496
1694359473919 0.38639127849915345 497
1694359473955 0.3861009759123902 498
1694359473987 0.3857855033416802 499
1694359474101 0.3857855033416802 500
