1694360325239 1.9108673829053535 0
1694360325271 1.8743461219500088 1
1694360325305 1.8412938098578737 2
1694360325338 1.809853880155774 3
1694360325365 1.780250990027557 4
1694360325388 1.7520117032338807 5
1694360325414 1.7253580480519053 6
1694360325438 1.699991526217217 7
1694360325460 1.6753022021156192 8
1694360325485 1.6516414608094498 9
1694360325510 1.62895002480878 10
1694360325535 1.6071749950828202 11
1694360325560 1.585953872538229 12
1694360325614 1.5656270345527008 13
1694360325781 1.5460378845377596 14
1694360325804 1.5270762799908317 15
1694360325832 1.5085442196396932 16
1694360325855 1.4905136373654821 17
1694360325881 1.4730411133007366 18
1694360325905 1.4562073925137586 19
1694360325931 1.440084395729123 20
1694360325957 1.423899966112288 21
1694360325982 1.4083508591402003 22
1694360326008 1.393272198367461 23
1694360326033 1.3784996189013319 24
1694360326059 1.3641985837476245 25
1694360326084 1.3500392537891177 26
1694360326196 1.3360051034208085 27
1694360326534 1.3225112737140088 28
1694360326561 1.3093452147405293 29
1694360326600 1.2967199899190303 30
1694360326626 1.2840487694099898 31
1694360326654 1.2717081206813516 32
1694360326753 1.2597378798896184 33
1694360326814 1.2480412976993525 34
1694360326839 1.2366044242413528 35
1694360326868 1.2252208569777534 36
1694360326900 1.2142682119471495 37
1694360326926 1.203589329812585 38
1694360326951 1.192926723170772 39
1694360326976 1.1825800962852426 40
1694360327001 1.1724867654569024 41
1694360327027 1.1626746379380541 42
1694360327052 1.1528376732610897 43
1694360327080 1.143134861366054 44
1694360327104 1.1336175245789533 45
1694360327131 1.1243322482037579 46
1694360327163 1.1153125748215111 47
1694360327189 1.1062885324932152 48
1694360327214 1.097645720653688 49
1694360327241 1.0891799376713756 50
1694360327267 1.080791178528874 51
1694360327293 1.0725332161351468 52
1694360327319 1.0644026516021428 53
1694360327354 1.0564820135156832 54
1694360327379 1.0486540691895627 55
1694360327410 1.0410165587579754 56
1694360327437 1.0334381871002811 57
1694360327465 1.0259783721276607 58
1694360327491 1.0187291564835614 59
1694360327517 1.011612681892941 60
1694360327543 1.0045030712863545 61
1694360327570 0.9975483434119741 62
1694360327601 0.9907396739634716 63
1694360327626 0.9840135683902986 64
1694360327652 0.9774340185912139 65
1694360327759 0.9709941374048506 66
1694360327788 0.9646022795086179 67
1694360327813 0.9583125203269223 68
1694360327849 0.9521799521549573 69
1694360327875 0.9461098810924372 70
1694360327900 0.9401451097173513 71
1694360327937 0.9342926347609688 72
1694360327962 0.928410228798838 73
1694360327993 0.922750638493787 74
1694360328020 0.9170838057768051 75
1694360328049 0.9114610722798461 76
1694360328087 0.9060550063875624 77
1694360328113 0.9006984401006016 78
1694360328138 0.8954366596080302 79
1694360328169 0.8902762108134056 80
1694360328193 0.8852301377085545 81
1694360328218 0.8801647647913503 82
1694360328243 0.875224589818416 83
1694360328269 0.8703263922819847 84
1694360328305 0.8654567790562067 85
1694360328332 0.8606587999862672 86
1694360328358 0.8559855873828235 87
1694360328385 0.8513786548884279 88
1694360328413 0.8467899719075543 89
1694360328439 0.8423529771246165 90
1694360328466 0.8379418454569311 91
1694360328516 0.8336049613234331 92
1694360328540 0.8293217659708296 93
1694360328645 0.825056347189883 94
1694360328678 0.8208608360216574 95
1694360328705 0.816752630488003 96
1694360328730 0.8127733986345936 97
1694360328755 0.8088201435904461 98
1694360328781 0.8048780162362543 99
1694360328827 0.800993321530773 100
1694360328854 0.7971580627078219 101
1694360328915 0.7934299644031884 102
1694360328969 0.7896254598410679 103
1694360328998 0.7859851935596549 104
1694360329025 0.7823412906583321 105
1694360329053 0.7788306961261295 106
1694360329082 0.7752296700696751 107
1694360329110 0.7716884975680217 108
1694360329139 0.7681603341923324 109
1694360329173 0.7647620432525565 110
1694360329201 0.7613479595495605 111
1694360329229 0.7580340201703398 112
1694360329257 0.7548454336504298 113
1694360329284 0.751515777505351 114
1694360329310 0.7483205816875539 115
1694360329338 0.7452470422757451 116
1694360329369 0.7421798659525881 117
1694360329398 0.7390861687595924 118
1694360329427 0.7360173409094768 119
1694360329455 0.7330368232959535 120
1694360329483 0.7300591258640979 121
1694360329511 0.7272114330780834 122
1694360329538 0.7243478684237937 123
1694360329569 0.7215095497418825 124
1694360329611 0.7186759546968128 125
1694360329639 0.7159054190449473 126
1694360329667 0.7131667275711481 127
1694360329697 0.710450796235945 128
1694360329751 0.7078091476275207 129
1694360329776 0.7051467384741937 130
1694360329800 0.7025103847060177 131
1694360329825 0.6998943483359743 132
1694360329854 0.6973923984594093 133
1694360329881 0.6948919868419117 134
1694360329905 0.6922723283432743 135
1694360329931 0.6897885082942816 136
1694360329957 0.6873695830137841 137
1694360329983 0.684921056325058 138
1694360330008 0.6825558712702303 139
1694360330034 0.6801763732180998 140
1694360330059 0.6778448048814433 141
1694360330086 0.6755219632264972 142
1694360330113 0.6732381714124581 143
1694360330139 0.670979351704752 144
1694360330172 0.6687377728876911 145
1694360330198 0.6665351937484515 146
1694360330224 0.6643245970233453 147
1694360330250 0.6621781257994692 148
1694360330275 0.6600450362544614 149
1694360330303 0.657918205905537 150
1694360330332 0.6558696730434022 151
1694360330358 0.6538121947961028 152
1694360330384 0.6518004820201854 153
1694360330414 0.6497437197815391 154
1694360330441 0.6477440035057269 155
1694360330468 0.6457927875200852 156
1694360330495 0.6438091150939516 157
1694360330545 0.6418661942570876 158
1694360330570 0.6399258912406092 159
1694360330594 0.63805134768435 160
1694360330622 0.6361026673702335 161
1694360330716 0.63422460144072 162
1694360330742 0.6323611533226354 163
1694360330771 0.6305334257250387 164
1694360330797 0.6287342830558689 165
1694360330822 0.6269327108116872 166
1694360330849 0.6251580834175638 167
1694360330875 0.6234136589196848 168
1694360330902 0.6216604271675914 169
1694360330927 0.6199611105142054 170
1694360330954 0.6182388508175437 171
1694360330995 0.6165394165476007 172
1694360331023 0.6148589136636294 173
1694360331083 0.613169626240692 174
1694360331138 0.6115239554491071 175
1694360331167 0.6098823330996864 176
1694360331195 0.6082450540121718 177
1694360331221 0.6066297201718157 178
1694360331246 0.60506595518125 179
1694360331271 0.6034768115161602 180
1694360331303 0.6019080828702312 181
1694360331329 0.6003399254398292 182
1694360331358 0.5988074467832656 183
1694360331395 0.5972506019321138 184
1694360331423 0.5957732316823237 185
1694360331449 0.5943019584342663 186
1694360331474 0.5927962744246945 187
1694360331499 0.5913275635925013 188
1694360331527 0.5898473683999454 189
1694360331553 0.5883686749150547 190
1694360331580 0.5869219941869465 191
1694360331605 0.5854935041724548 192
1694360331631 0.5840994816561241 193
1694360331663 0.5827404666574767 194
1694360331690 0.5813717362770215 195
1694360331715 0.5800609755266121 196
1694360331741 0.5787238454773156 197
1694360331797 0.577393088283044 198
1694360331822 0.5760586763063527 199
1694360331849 0.5747382971185637 200
1694360331878 0.5734721346305366 201
1694360331906 0.5721751277697933 202
1694360331930 0.5708816787630386 203
1694360331954 0.569590764214161 204
1694360331981 0.5683327482678024 205
1694360332006 0.5670853927455471 206
1694360332032 0.565827858896149 207
1694360332059 0.5646133490119905 208
1694360332086 0.563422250972699 209
1694360332111 0.5622215221183329 210
1694360332138 0.5610075987742653 211
1694360332171 0.5597671785702392 212
1694360332200 0.5585498848892172 213
1694360332226 0.5573383441717115 214
1694360332254 0.5562081007982279 215
1694360332282 0.5550733175089626 216
1694360332309 0.5539433971030072 217
1694360332335 0.5528064115512289 218
1694360332362 0.551688863435946 219
1694360332392 0.5505689779865353 220
1694360332421 0.5494771736777769 221
1694360332449 0.5483999061070401 222
1694360332473 0.5473004724150362 223
1694360332499 0.5462240595013843 224
1694360332525 0.5451183817701187 225
1694360332577 0.5440725408775338 226
1694360332601 0.5430215340791757 227
1694360332626 0.5419642759621406 228
1694360332652 0.5409484312133824 229
1694360332682 0.5399450810435587 230
1694360332719 0.5388978773925694 231
1694360332808 0.5378752214446199 232
1694360332834 0.5368464347582226 233
1694360332861 0.5358363774700027 234
1694360332886 0.5348310954543346 235
1694360332912 0.5338448050044059 236
1694360332936 0.5328749809546525 237
1694360332961 0.5318891411126723 238
1694360332987 0.5309158896188018 239
1694360333012 0.5299730416461185 240
1694360333038 0.5290154876707407 241
1694360333063 0.5280657052737405 242
1694360333089 0.5271242446292478 243
1694360333116 0.526209341467132 244
1694360333148 0.5252912579067419 245
1694360333186 0.5243119335494876 246
1694360333262 0.5233659502654117 247
1694360333297 0.5224374347403692 248
1694360333326 0.5215346329558954 249
1694360333350 0.5206416913809974 250
1694360333380 0.5197268041508225 251
1694360333405 0.5188044655292542 252
1694360333458 0.5179566206913474 253
1694360333488 0.5170538925076427 254
1694360333512 0.516181551778969 255
1694360333545 0.5153065920033979 256
1694360333571 0.5144453667397744 257
1694360333596 0.5135962769276948 258
1694360333621 0.5127411584738499 259
1694360333649 0.5118920006737281 260
1694360333682 0.5110508109785202 261
1694360333707 0.510226242962677 262
1694360333730 0.5093776801999937 263
1694360333768 0.5085292929570523 264
1694360333792 0.5077442357264353 265
1694360333845 0.5069086527359533 266
1694360333869 0.5060968021303446 267
1694360333894 0.5052743776067317 268
1694360333920 0.5044966232340228 269
1694360333945 0.5036852139139385 270
1694360333970 0.5029056447811532 271
1694360333997 0.5021080634227718 272
1694360334023 0.5013149690266436 273
1694360334048 0.500535967829536 274
1694360334073 0.4997666613807164 275
1694360334097 0.49901625602821503 276
1694360334123 0.4982567276079622 277
1694360334148 0.49747395387807664 278
1694360334179 0.49672619423447817 279
1694360334203 0.4959842188044028 280
1694360334228 0.4952540230303446 281
1694360334253 0.4945053036135884 282
1694360334277 0.4937972243065314 283
1694360334302 0.49303201019728654 284
1694360334327 0.49231488049582606 285
1694360334352 0.4915735263569121 286
1694360334376 0.4908250087334063 287
1694360334401 0.4900876099327856 288
1694360334428 0.48935326852922373 289
1694360334456 0.48866756142682893 290
1694360334480 0.4879700548818664 291
1694360334504 0.4873006910271717 292
1694360334529 0.4866273015228869 293
1694360334555 0.485948771087884 294
1694360334580 0.48524564816498844 295
1694360334629 0.4845665390284573 296
1694360334654 0.4838571050056404 297
1694360334680 0.48320283809260334 298
1694360334707 0.48251069031410515 299
1694360334733 0.4818177386053115 300
1694360334757 0.4811459850197523 301
1694360334782 0.48049462528126125 302
1694360334876 0.4798088442872519 303
1694360334900 0.47913551475367355 304
1694360334930 0.4784723282612773 305
1694360334953 0.4777925252499407 306
1694360334977 0.47713694171419196 307
1694360335003 0.4764668687772827 308
1694360335029 0.4758093869756669 309
1694360335054 0.4751819339148119 310
1694360335081 0.47454426495320456 311
1694360335106 0.47389410737596593 312
1694360335133 0.4732400951997393 313
1694360335159 0.4726604502324013 314
1694360335191 0.4720448201082327 315
1694360335217 0.47142798152588966 316
1694360335244 0.4707946300455179 317
1694360335270 0.47020118400912636 318
1694360335306 0.46959494459059903 319
1694360335332 0.4689903399824297 320
1694360335401 0.46838287416898483 321
1694360335456 0.4677902247559511 322
1694360335653 0.4671889780820366 323
1694360335704 0.4665768756219327 324
1694360335738 0.4659906048437958 325
1694360335787 0.46541071193525074 326
1694360335866 0.4648008420194723 327
1694360335908 0.46420757049965805 328
1694360335950 0.46361513703487683 329
1694360335991 0.46306036376793747 330
1694360336035 0.46249947167700545 331
1694360336078 0.4619088280288172 332
1694360336115 0.46131558859946054 333
1694360336152 0.4607270271415601 334
1694360336199 0.4601574139637262 335
1694360336244 0.45956636043756954 336
1694360336283 0.4590191985212471 337
1694360336328 0.4584518402302624 338
1694360336367 0.4578690520653662 339
1694360336404 0.45730418389313054 340
1694360336452 0.45672057807546323 341
1694360336493 0.4561509402910315 342
1694360336537 0.4555909775470623 343
1694360336576 0.45502389128345644 344
1694360336616 0.45449197542309216 345
1694360336689 0.4539559751814915 346
1694360336729 0.45342684512481174 347
1694360336774 0.45284181261245204 348
1694360336806 0.4523433911420155 349
1694360336849 0.4518205495907046 350
1694360336957 0.45130835649126366 351
1694360336999 0.45082464357612373 352
1694360337032 0.45028490688480655 353
1694360337071 0.44977405582642177 354
1694360337111 0.4492265494583624 355
1694360337151 0.4487018017941075 356
1694360337194 0.44820631762474256 357
1694360337226 0.44769666059317226 358
1694360337258 0.44721499941183623 359
1694360337286 0.446705954798056 360
1694360337316 0.4461863270358599 361
1694360337346 0.4456971708244972 362
1694360337383 0.4451928085307685 363
1694360337412 0.4446999296739525 364
1694360337548 0.4441968711945092 365
1694360337575 0.4437005349268973 366
1694360337604 0.4432043726261786 367
1694360337631 0.44269592791868345 368
1694360337659 0.4421775987657076 369
1694360337696 0.4416873786487799 370
1694360337725 0.44117652197302737 371
1694360337755 0.4406974267633393 372
1694360337792 0.4402188428544322 373
1694360337824 0.4396873655605618 374
1694360337852 0.439217894497015 375
1694360337912 0.4387190527585812 376
1694360337943 0.43825038700244384 377
1694360337976 0.4377837960747061 378
1694360338015 0.4373097943774033 379
1694360338049 0.4368052070132084 380
1694360338079 0.4363523051258694 381
1694360338109 0.4358759656672347 382
1694360338140 0.435385559400661 383
1694360338179 0.434920566536715 384
1694360338211 0.4344486971468859 385
1694360338242 0.4339758431642881 386
1694360338275 0.43350936829210696 387
1694360338308 0.4330333615246742 388
1694360338336 0.4325653436787308 389
1694360338361 0.432112281719495 390
1694360338388 0.4316593300855764 391
1694360338416 0.4312060851198068 392
1694360338442 0.43074309426117185 393
1694360338468 0.43027056430939054 394
1694360338497 0.42981297608811986 395
1694360338525 0.4293570921025478 396
1694360338551 0.4289147713025535 397
1694360338577 0.4284361051205656 398
1694360338603 0.4279697069728142 399
1694360338631 0.4275250166211078 400
1694360338657 0.4271303301607684 401
1694360338706 0.4267077877877021 402
1694360338730 0.4262494746511488 403
1694360338756 0.4257946603347804 404
1694360338781 0.4253456338496401 405
1694360338805 0.42490953939812737 406
1694360338829 0.42448107584892786 407
1694360338856 0.4240321197150421 408
1694360338881 0.42359132089948515 409
1694360338906 0.4231543969039955 410
1694360338934 0.42271021419229177 411
1694360339020 0.42230087048889103 412
1694360339045 0.4218501528965272 413
1694360339069 0.4214366284552066 414
1694360339093 0.42101375800579144 415
1694360339118 0.4205830391672629 416
1694360339142 0.420143152439817 417
1694360339167 0.41970084454004153 418
1694360339199 0.41926913785828546 419
1694360339223 0.41886552542454925 420
1694360339247 0.4184381632849293 421
1694360339271 0.41803195057651443 422
1694360339297 0.4176119932350987 423
1694360339321 0.41721736247837155 424
1694360339347 0.41681222397132167 425
1694360339371 0.41641001949678214 426
1694360339400 0.4160147986141024 427
1694360339439 0.4156091813395385 428
1694360339464 0.4152191245884876 429
1694360339490 0.41482092604789106 430
1694360339518 0.4144008979197857 431
1694360339599 0.4140096578117471 432
1694360339654 0.413585678106851 433
1694360339683 0.4131961610053349 434
1694360339707 0.41279610241014425 435
1694360339734 0.4124117172424963 436
1694360339758 0.4120266648066129 437
1694360339783 0.4116391149377758 438
1694360339808 0.4112356057577572 439
1694360339833 0.41087411712221245 440
1694360339859 0.4104564655103345 441
1694360339884 0.4100722145795423 442
1694360339908 0.4096909655895976 443
1694360339963 0.4092858270959034 444
1694360339990 0.40889700158314396 445
1694360340014 0.40851594996415047 446
1694360340041 0.4080755105181108 447
1694360340067 0.4076693512354288 448
1694360340091 0.4072806933924751 449
1694360340117 0.4068860918389019 450
1694360340165 0.40651492049180227 451
1694360340194 0.4061174576301878 452
1694360340217 0.40575616738966164 453
1694360340241 0.40536052055977684 454
1694360340266 0.4049434902051334 455
1694360340292 0.4045491009513349 456
1694360340316 0.4041836822427049 457
1694360340340 0.4038299667900483 458
1694360340364 0.40344825105188226 459
1694360340389 0.4030746611334819 460
1694360340414 0.4027247684298419 461
1694360340439 0.4023822742979888 462
1694360340466 0.40199076144138574 463
1694360340491 0.4016131015088663 464
1694360340518 0.401256528707417 465
1694360340544 0.40088587815834903 466
1694360340570 0.4005161495629878 467
1694360340596 0.400144891470269 468
1694360340622 0.3997691829213044 469
1694360340647 0.3994450077206174 470
1694360340677 0.3991077039993264 471
1694360340727 0.3987524088928769 472
1694360340751 0.39837807206548975 473
1694360340789 0.39801799340663996 474
1694360340813 0.397667085846517 475
1694360340838 0.39730944976045085 476
1694360340871 0.39697448743926883 477
1694360340896 0.3966040230518701 478
1694360340921 0.3962344156904259 479
1694360340945 0.3958867891011553 480
1694360340971 0.3955327894621819 481
1694360340996 0.3951936241795002 482
1694360341020 0.3948567461532134 483
1694360341044 0.39449670739288967 484
1694360341076 0.3941283861272205 485
1694360341109 0.39380505073751726 486
1694360341139 0.3934623702238966 487
1694360341172 0.3931058281702464 488
1694360341198 0.39276816810927734 489
1694360341224 0.39241460086471097 490
1694360341250 0.3920452003459238 491
1694360341275 0.3917277677412158 492
1694360341302 0.39137689080454047 493
1694360341330 0.39101254294577786 494
1694360341355 0.3906692427276579 495
1694360341381 0.390306377126772 496
1694360341411 0.39002277115774586 497
1694360341438 0.38966071355825865 498
1694360341463 0.3893150595775681 499
1694360341489 0.3889621877413413 500
1694360341516 0.3885813540362581 501
1694360341542 0.3882458459252991 502
1694360341573 0.38790192915992894 503
1694360341600 0.38757431452354446 504
1694360341626 0.38726443632690954 505
1694360341661 0.38692199685231626 506
1694360341692 0.386559779281447 507
1694360341816 0.38621009103738757 508
1694360341844 0.3858408299743933 509
1694360341868 0.38549944557010934 510
1694360341892 0.38515068497900884 511
1694360341915 0.3848424224375188 512
1694360341939 0.38452491973509056 513
1694360341992 0.38419129344130826 514
1694360342018 0.3838472783715734 515
1694360342042 0.383532628809835 516
1694360342066 0.3831967752768457 517
1694360342094 0.38286619116044374 518
1694360342120 0.3824781995177713 519
1694360342144 0.38214102365128777 520
1694360342175 0.38180588052732856 521
1694360342200 0.38146632567921174 522
1694360342226 0.38112562735273264 523
1694360342251 0.3808094363521754 524
1694360342275 0.38049547725234173 525
1694360342299 0.38019180156165683 526
1694360342324 0.37987532894923914 527
1694360342349 0.3795663965203273 528
1694360342374 0.37925389133939125 529
1694360342399 0.37894701488363736 530
1694360342425 0.37862148514820143 531
1694360342450 0.3783015973327526 532
1694360342475 0.37801253017743136 533
1694360342500 0.3776915303412157 534
1694360342524 0.3773406897094332 535
1694360342549 0.3770359229204305 536
1694360342575 0.37672972622279993 537
1694360342603 0.3764400220152473 538
1694360342627 0.376133063929968 539
1694360342653 0.3758246453251797 540
1694360342685 0.3754927543916864 541
1694360342710 0.37516747403503015 542
1694360342737 0.3748363123253762 543
1694360342783 0.3745367029058827 544
1694360342806 0.37421033316744834 545
1694360342832 0.37391532514011233 546
1694360342855 0.37362317874960876 547
1694360342885 0.3733279481659814 548
1694360342911 0.37301504327268525 549
1694360342936 0.37271340764655786 550
1694360342959 0.3724216805404621 551
1694360342983 0.37212986228740674 552
1694360343010 0.3718325722836926 553
1694360343035 0.3715504033154155 554
1694360343061 0.3712816390310228 555
1694360343087 0.37098404236602256 556
1694360343113 0.3707065421693532 557
1694360343138 0.3704211728710989 558
1694360343163 0.370099379016108 559
1694360343193 0.36978059693380433 560
1694360343219 0.36947216471272776 561
1694360343244 0.36918891886293637 562
1694360343267 0.3689174733764937 563
1694360343292 0.36863607879849947 564
1694360343316 0.36836797529365684 565
1694360343344 0.3680662019645111 566
1694360343369 0.36776179461283587 567
1694360343395 0.3674811720374064 568
1694360343432 0.3671858242194153 569
1694360343459 0.366868927339204 570
1694360343487 0.3665972422177837 571
1694360343512 0.3663184776158062 572
1694360343539 0.3660012002874537 573
1694360343567 0.36568257124831477 574
1694360343599 0.36539277878984566 575
1694360343625 0.36509886671680386 576
1694360343651 0.3648289598618568 577
1694360343684 0.3645189253351035 578
1694360343711 0.36423908630479723 579
1694360343778 0.3639267462158407 580
1694360343806 0.3636324362931667 581
1694360343865 0.36334368322650906 582
1694360343912 0.3630671130379167 583
1694360343940 0.3627861408205 584
1694360343964 0.3624974237704265 585
1694360343991 0.3622140466023673 586
1694360344040 0.361959255091393 587
1694360344062 0.36164765525342696 588
1694360344085 0.36136218005068704 589
1694360344109 0.3610822079479423 590
1694360344135 0.3607835233793381 591
1694360344160 0.3605063122590491 592
1694360344190 0.3602377993990972 593
1694360344215 0.35995521032021244 594
1694360344240 0.35966973355286574 595
1694360344265 0.3594103700238307 596
1694360344290 0.35911529822905747 597
1694360344314 0.35882851704774166 598
1694360344338 0.3585605793738113 599
1694360344364 0.358284622890235 600
1694360344388 0.35803404403449607 601
1694360344412 0.35772780616209415 602
1694360344438 0.3574468366101214 603
1694360344468 0.35717136239817326 604
1694360344492 0.3569025287921937 605
1694360344517 0.35661327800172404 606
1694360344542 0.3563302678407594 607
1694360344567 0.3560720217431664 608
1694360344592 0.3557818688483087 609
1694360344617 0.35548741387204263 610
1694360344640 0.3551933071417513 611
1694360344664 0.35491086645468645 612
1694360344693 0.3546155323161618 613
1694360344718 0.3543269601063992 614
1694360344743 0.3540824584428112 615
1694360344794 0.35378265938276493 616
1694360344819 0.3535146584529769 617
1694360344841 0.3532527617252302 618
1694360344865 0.3529761691766835 619
1694360344892 0.35269031099345644 620
1694360344915 0.3523962021579628 621
1694360344940 0.3521191361655197 622
1694360344964 0.35182415947387574 623
1694360344989 0.3515548084892916 624
1694360345012 0.3513024642128947 625
1694360345037 0.3510670779825401 626
1694360345061 0.35078316814107685 627
1694360345085 0.3505083075214654 628
1694360345108 0.3502545901638765 629
1694360345133 0.3499849453082668 630
1694360345181 0.3497146494905615 631
1694360345206 0.34948810362332483 632
1694360345232 0.34917935184251275 633
1694360345258 0.3489211292122139 634
1694360345283 0.34864623372114056 635
1694360345308 0.3484181654216704 636
1694360345334 0.34817799736221533 637
1694360345360 0.3478907159674762 638
1694360345389 0.3476362548632411 639
1694360345419 0.3473742731889516 640
1694360345446 0.34709636591470355 641
1694360345473 0.34684131556170034 642
1694360345502 0.3465568708380218 643
1694360345529 0.34629387203155054 644
1694360345555 0.3460331899933409 645
1694360345583 0.34578467028289117 646
1694360345610 0.34552890495506855 647
1694360345638 0.345262907385694 648
1694360345672 0.34500353692424135 649
1694360345695 0.34473973140723885 650
1694360345720 0.3444724318908679 651
1694360345745 0.3442307207891543 652
1694360345769 0.3439786440057999 653
1694360345793 0.34372176260692944 654
1694360345818 0.3434814295828512 655
1694360345843 0.343229763423563 656
1694360345867 0.34297279012925247 657
1694360345892 0.3427085066084252 658
1694360346007 0.3424543557622064 659
1694360346068 0.3422127573832353 660
1694360346090 0.341967762364911 661
1694360346114 0.3417185243555743 662
1694360346141 0.3414570522780844 663
1694360346170 0.34120736304275445 664
1694360346194 0.3409367299935838 665
1694360346219 0.34068077350860726 666
1694360346242 0.34044217595994397 667
1694360346268 0.3401875631675979 668
1694360346293 0.3399244190288333 669
1694360346317 0.33969900427353555 670
1694360346345 0.3394252421515995 671
1694360346371 0.3391920348575073 672
1694360346396 0.33893144952152154 673
1694360346423 0.33867708255322876 674
1694360346446 0.33846347865932314 675
1694360346471 0.3381995275339043 676
1694360346495 0.3379501272273464 677
1694360346520 0.3376965439313938 678
1694360346544 0.33744222756569137 679
1694360346568 0.3371767524600588 680
1694360346594 0.3369266812485831 681
1694360346618 0.33666044157275626 682
1694360346644 0.3364108320581349 683
1694360346679 0.3361521311052502 684
1694360346705 0.335895287726783 685
1694360346728 0.33564263775007486 686
1694360346754 0.33538495870581086 687
1694360346778 0.3351273252674464 688
1694360346829 0.33485873550216005 689
1694360346852 0.3346095316284305 690
1694360346877 0.33436375825811854 691
1694360346900 0.3341355838400825 692
1694360346933 0.33389021787101236 693
1694360346956 0.3336911306289971 694
1694360346981 0.3334158080258528 695
1694360347004 0.33317735335352827 696
1694360347029 0.3329505145099059 697
1694360347056 0.3326977466553032 698
1694360347079 0.33245337872619185 699
1694360347101 0.3322219594858036 700
1694360347125 0.331966590980727 701
1694360347150 0.3317211530718135 702
1694360347181 0.33149228942844405 703
1694360347204 0.33125864019834267 704
1694360347228 0.3310262041128381 705
1694360347253 0.33078461720194463 706
1694360347277 0.3305674746289461 707
1694360347301 0.330343954274272 708
1694360347325 0.33009781491622037 709
1694360347351 0.32987486433330376 710
1694360347375 0.32965815478671734 711
1694360347400 0.3294505021421058 712
1694360347427 0.3292304519105176 713
1694360347467 0.3290126630540696 714
1694360347491 0.32880079192884004 715
1694360347517 0.32856122036874025 716
1694360347542 0.3283445960284063 717
1694360347566 0.32811769257210455 718
1694360347593 0.32788224260326415 719
1694360347618 0.3276499097901854 720
1694360347643 0.3274273011703446 721
1694360347671 0.3271755831323891 722
1694360347700 0.32694646367648533 723
1694360347724 0.3267242494963395 724
1694360347748 0.3265107884586649 725
1694360347772 0.3262972047099018 726
1694360347797 0.3260882845653303 727
1694360347821 0.32585638037539627 728
1694360347846 0.325623895068714 729
1694360347871 0.3253760879009283 730
1694360347894 0.3251388313366842 731
1694360347921 0.3249023799509675 732
1694360347946 0.32467016526053666 733
1694360347974 0.3244340885230543 734
1694360348115 0.32420772723658325 735
1694360348138 0.32395958873321584 736
1694360348162 0.32374422619786997 737
1694360348192 0.32351817983786485 738
1694360348215 0.32331879403698943 739
1694360348238 0.3230932251203955 740
1694360348262 0.3228422669929666 741
1694360348288 0.32263761409072605 742
1694360348311 0.3223628972083288 743
1694360348337 0.3221483526669736 744
1694360348362 0.3219488701795385 745
1694360348386 0.32174354687428713 746
1694360348412 0.3215145085775224 747
1694360348440 0.32128874883425235 748
1694360348466 0.3210868333164977 749
1694360348492 0.32083945504143474 750
1694360348518 0.3206179420653331 751
1694360348543 0.32038424244832536 752
1694360348568 0.32013709026078074 753
1694360348593 0.3199183542212092 754
1694360348621 0.31970258827293424 755
1694360348648 0.3194776584710834 756
1694360348680 0.3192665039176848 757
1694360348705 0.31904959955354467 758
1694360348729 0.3188247560887184 759
1694360348754 0.31861263426292663 760
1694360348777 0.3183927759912194 761
1694360348803 0.3181578181639171 762
1694360348826 0.3179690768710245 763
1694360348876 0.3177369447543504 764
1694360348899 0.31750465430460234 765
1694360348923 0.3172719296422525 766
1694360348948 0.3170658258338009 767
1694360348972 0.31683178645785914 768
1694360348996 0.3166263305268426 769
1694360349020 0.3164017317980982 770
1694360349044 0.31619721457472044 771
1694360349073 0.3159884048934696 772
1694360349096 0.3157777664968445 773
1694360349120 0.31552500370181163 774
1694360349149 0.3153004378612201 775
1694360349179 0.31510859811554137 776
1694360349203 0.31489650603280867 777
1694360349229 0.3146600833815683 778
1694360349252 0.3144752722049491 779
1694360349277 0.3142537854843625 780
1694360349300 0.31405262316619653 781
1694360349325 0.31384410970703525 782
1694360349351 0.31364781198559094 783
1694360349374 0.3134466759120155 784
1694360349400 0.31323588573586203 785
1694360349428 0.313036831975611 786
1694360349459 0.31281741528100876 787
1694360349483 0.31260844919496245 788
1694360349509 0.31238201640359897 789
1694360349533 0.3121825921433317 790
1694360349557 0.31196321571245295 791
1694360349581 0.3117528000075038 792
1694360349607 0.3115399828614147 793
1694360349631 0.31132434968110373 794
1694360349659 0.31110400830577983 795
1694360349691 0.31089179685588175 796
1694360349715 0.31069620169753004 797
1694360349740 0.31048837070254615 798
1694360349764 0.3103033078893763 799
1694360349789 0.31009755410514617 800
1694360349813 0.30984813177022946 801
1694360349838 0.3096421471842731 802
1694360349863 0.3094279130997656 803
1694360349889 0.3092269974038506 804
1694360349914 0.3090211309051517 805
1694360349938 0.3087952395354181 806
1694360349961 0.30857921367443814 807
1694360349986 0.3083995267115606 808
1694360350011 0.30819330590763594 809
1694360350038 0.307980854318942 810
1694360350081 0.3077617536134959 811
1694360350402 0.3075570851218242 812
1694360350427 0.307359365559828 813
1694360350451 0.3071454628089816 814
1694360350475 0.30692530625675374 815
1694360350499 0.3066928237165182 816
1694360350524 0.30651113975157307 817
1694360350546 0.3063233931241599 818
1694360350571 0.30611824594151343 819
1694360350595 0.3059304610218579 820
1694360350621 0.30570696768891853 821
1694360350646 0.3054806645778077 822
1694360350676 0.30527175754158475 823
1694360350702 0.30506332692511795 824
1694360350727 0.3048593416222823 825
1694360350753 0.3046524473951482 826
1694360350776 0.30446463127842316 827
1694360350800 0.30425697637543814 828
1694360350823 0.30407009586526157 829
1694360350848 0.303880107779136 830
1694360350874 0.30367462421765323 831
1694360350919 0.30350582887074057 832
1694360350943 0.30328648443276546 833
1694360350967 0.3031080964572598 834
1694360350991 0.30288816248088946 835
1694360351015 0.30269657722767723 836
1694360351039 0.30252868047546466 837
1694360351065 0.3023514404052104 838
1694360351092 0.3021669585519693 839
1694360351116 0.3019628873514717 840
1694360351140 0.3017869965109257 841
1694360351167 0.3015712973708368 842
1694360351193 0.3013615472622995 843
1694360351217 0.30115347879422244 844
1694360351241 0.3009379791438553 845
1694360351269 0.3007301666765897 846
1694360351293 0.3005348403738452 847
1694360351319 0.3003317780845556 848
1694360351345 0.30012609513479616 849
1694360351370 0.2999459392245712 850
1694360351395 0.29975761730277084 851
1694360351420 0.2995626535424984 852
1694360351445 0.299331767401334 853
1694360351474 0.29914056463379896 854
1694360351504 0.29893300250074517 855
1694360351530 0.2987313022269742 856
1694360351555 0.29852895598683804 857
1694360351581 0.2983459100342542 858
1694360351605 0.2981667341687875 859
1694360351629 0.2979699460396422 860
1694360351653 0.29780346912207784 861
1694360351683 0.29761383086490484 862
1694360351708 0.29741798389325846 863
1694360351732 0.2972334070889148 864
1694360351758 0.2970572314355863 865
1694360351786 0.29687578142949245 866
1694360351810 0.2966771197713623 867
1694360351836 0.2964780444519307 868
1694360351862 0.29627220962422196 869
1694360351886 0.29609662183110486 870
1694360351910 0.29588489601393125 871
1694360351935 0.29568554347837106 872
1694360351959 0.2954798700119425 873
1694360351985 0.2952809424515972 874
1694360352007 0.29508365298974565 875
1694360352032 0.29486882080364674 876
1694360352058 0.2946616014297473 877
1694360352083 0.29447362123482146 878
1694360352110 0.29428902054217015 879
1694360352134 0.2940889302029868 880
1694360352186 0.29389686747346294 881
1694360352209 0.2937170346101019 882
1694360352249 0.2935085551775069 883
1694360352277 0.29333554561545855 884
1694360352333 0.29314481474723114 885
1694360352357 0.2929739794342308 886
1694360352407 0.2927895490630212 887
1694360352431 0.29259794683373097 888
1694360352455 0.2924347774022763 889
1694360352478 0.2922662347291127 890
1694360352502 0.2920902442694746 891
1694360352525 0.2919302933799647 892
1694360352550 0.29176348103710775 893
1694360352573 0.29157971844309566 894
1694360352597 0.29138845269736113 895
1694360352620 0.2912108495683027 896
1694360352645 0.2910215055679049 897
1694360352676 0.29084932117995305 898
1694360352700 0.2906710431894632 899
1694360352724 0.29048558121846924 900
1694360352750 0.2903041969897536 901
1694360352775 0.2901220231436904 902
1694360352801 0.2899286256249401 903
1694360352824 0.2897472472884126 904
1694360352850 0.28954926472058384 905
1694360352873 0.2893462948626745 906
1694360352898 0.2891499059614387 907
1694360352946 0.28896609679519175 908
1694360352970 0.28878548025481876 909
1694360352994 0.28859612057374395 910
1694360353018 0.28839861708110975 911
1694360353044 0.2881882392474301 912
1694360353069 0.28801329548083726 913
1694360353094 0.28784098744093944 914
1694360353118 0.28765780509347694 915
1694360353142 0.2874601934073954 916
1694360353166 0.28726765151285993 917
1694360353193 0.287089547904443 918
1694360353217 0.286905898404672 919
1694360353243 0.2867083489024251 920
1694360353268 0.2865331545015027 921
1694360353291 0.2863569666544953 922
1694360353316 0.2861513087255788 923
1694360353341 0.2859615880769397 924
1694360353367 0.2857669058126996 925
1694360353391 0.28559929404347206 926
1694360353416 0.28542388205899677 927
1694360353447 0.28522766116635934 928
1694360353474 0.28504196064193427 929
1694360353499 0.28484207377623133 930
1694360353522 0.28463440422841746 931
1694360353546 0.28445602681661925 932
1694360353571 0.28426286237758236 933
1694360353598 0.2840993263063724 934
1694360353623 0.2839227403562002 935
1694360353646 0.283739318378703 936
1694360353675 0.28356531233245263 937
1694360353702 0.28338172046076526 938
1694360353727 0.28318959726443743 939
1694360353766 0.28300238689077334 940
1694360353788 0.2828127733170553 941
1694360353815 0.28261200940608383 942
1694360353838 0.282419018894979 943
1694360353862 0.28224980255358667 944
1694360353887 0.28205857367555315 945
1694360353910 0.2819077661967773 946
1694360353937 0.28171819423736144 947
1694360353961 0.28154605222314677 948
1694360353986 0.2813929805531506 949
1694360354009 0.28121119727288846 950
1694360354035 0.28103234135955807 951
1694360354059 0.2808381643293013 952
1694360354083 0.28067055221644893 953
1694360354107 0.2804826257896273 954
1694360354135 0.28028816797386635 955
1694360354159 0.2801119640660779 956
1694360354217 0.2799622900893389 957
1694360354240 0.27978308597197016 958
1694360354265 0.2795983873576009 959
1694360354292 0.27942942617529276 960
1694360354316 0.27926064184781413 961
1694360354340 0.2790733742343073 962
1694360354366 0.27888928333497215 963
1694360354390 0.27873524177396064 964
1694360354484 0.27854156666854457 965
1694360354518 0.2783396017202926 966
1694360354543 0.2781785515616056 967
1694360354566 0.2780067802634859 968
1694360354591 0.2778191291838668 969
1694360354619 0.27765216321537806 970
1694360354640 0.27749912629853923 971
1694360354670 0.2773425525191248 972
1694360354697 0.27721246516728315 973
1694360354720 0.27704003506969843 974
1694360354743 0.2768721816536111 975
1694360354767 0.2766849953150857 976
1694360354791 0.276521076438411 977
1694360354817 0.27634382733290064 978
1694360354841 0.2761793218654656 979
1694360354864 0.2760341464702994 980
1694360354888 0.2758857599813303 981
1694360354913 0.2757175255805737 982
1694360354937 0.2755359477110418 983
1694360354985 0.2753870859800408 984
1694360355008 0.2752001599832397 985
1694360355032 0.2750342295345484 986
1694360355056 0.2748543301211926 987
1694360355083 0.2746805619335408 988
1694360355106 0.274522533724719 989
1694360355129 0.27435270851542065 990
1694360355155 0.27418214343673963 991
1694360355187 0.2740047269377529 992
1694360355211 0.27382248826614636 993
1694360355235 0.27363484309769454 994
1694360355258 0.2734857670689802 995
1694360355283 0.2733178241237554 996
1694360355305 0.2731555030556498 997
1694360355328 0.27300512291372486 998
1694360355353 0.27282396895889 999
1694360355378 0.27265411512924936 1000
1694360355401 0.2724962795469085 1001
1694360355426 0.27231827968421124 1002
1694360355450 0.2721539389478582 1003
1694360355476 0.27198857259619175 1004
1694360355513 0.2718046908586683 1005
1694360355536 0.2716264529152529 1006
1694360355559 0.27144313894849503 1007
1694360355584 0.27127314580690515 1008
1694360355611 0.27112167208383087 1009
1694360355635 0.2709514123385483 1010
1694360355662 0.2708045301843929 1011
1694360355689 0.2706658198778818 1012
1694360355714 0.27050053850367534 1013
1694360355740 0.27033794528961447 1014
1694360355764 0.2701820466871205 1015
1694360355833 0.27001142735757155 1016
1694360356161 0.26982034174590624 1017
1694360356182 0.26964808063389895 1018
1694360356230 0.2694766685976053 1019
1694360356253 0.26930446514868545 1020
1694360356274 0.26912072970683126 1021
1694360356296 0.2689558630503545 1022
1694360356320 0.26877537713135424 1023
1694360356341 0.2685970729491803 1024
1694360356365 0.2684303205492903 1025
1694360356390 0.2682703631890904 1026
1694360356414 0.2680854738820277 1027
1694360356438 0.2679177578743877 1028
1694360356462 0.2677458627503363 1029
1694360356488 0.26757580352968957 1030
1694360356523 0.26742987546673785 1031
1694360356546 0.2672732644388859 1032
1694360356614 0.2671038927434532 1033
1694360356663 0.2669508518546205 1034
1694360356691 0.2667873630650596 1035
1694360356714 0.26661245573621856 1036
1694360356737 0.26646250641998015 1037
1694360356760 0.2662930351311821 1038
1694360356783 0.26612183630465674 1039
1694360356808 0.26598154623551645 1040
1694360356832 0.2658144469119357 1041
1694360356854 0.26565619067296803 1042
1694360356878 0.26551021667484276 1043
1694360356925 0.26534168443166634 1044
1694360356950 0.265172068024264 1045
1694360356972 0.26501379003268954 1046
1694360356994 0.26485737029982964 1047
1694360357017 0.26469056415155723 1048
1694360357040 0.26454061367027937 1049
1694360357068 0.26437940742356014 1050
1694360357091 0.2642212508771981 1051
1694360357115 0.2640516136144328 1052
1694360357137 0.26389288930743704 1053
1694360357163 0.26374724227326257 1054
1694360357186 0.2635808439333166 1055
1694360357212 0.2634496490796689 1056
1694360357235 0.2632785978049347 1057
1694360357258 0.2631133074041313 1058
1694360357281 0.262962713936306 1059
1694360357306 0.26280150775234057 1060
1694360357331 0.2626427304392405 1061
1694360357354 0.26246625851244965 1062
1694360357376 0.26231933849441463 1063
1694360357401 0.2621700553081859 1064
1694360357423 0.26203836490607607 1065
1694360357447 0.261893800657544 1066
1694360357468 0.2617510652242873 1067
1694360357490 0.26158909127749697 1068
1694360357525 0.26143530177479474 1069
1694360357546 0.2612804446768331 1070
1694360357567 0.26112817249807546 1071
1694360357588 0.2609878757914056 1072
1694360357610 0.2608263701143618 1073
1694360357632 0.260676689960115 1074
1694360357654 0.26053582929890595 1075
1694360357676 0.26036758492447765 1076
1694360357697 0.2602182613477867 1077
1694360357723 0.26007056860413985 1078
1694360357744 0.2599125079323302 1079
1694360357766 0.25975644255711733 1080
1694360357787 0.2596042260833095 1081
1694360357809 0.2594469285625712 1082
1694360357834 0.2592837533572317 1083
1694360357858 0.2591214953351697 1084
1694360357881 0.2589583722562798 1085
1694360357902 0.2587967899404186 1086
1694360357925 0.2586357803173719 1087
1694360357945 0.2584918648279622 1088
1694360357967 0.25834730733465866 1089
1694360357995 0.25819844003080183 1090
1694360358017 0.25803563658463147 1091
1694360358039 0.257894789300107 1092
1694360358089 0.2577456674785975 1093
1694360358109 0.25759095184699604 1094
1694360358132 0.25742307804680586 1095
1694360358154 0.25726139353678773 1096
1694360358177 0.2571156131441386 1097
1694360358198 0.2569697517297691 1098
1694360358220 0.2568402055150613 1099
1694360358246 0.2566986578129508 1100
1694360358267 0.25655340695673684 1101
1694360358289 0.25638778970047643 1102
1694360358310 0.25622784142032673 1103
1694360358333 0.2560675175164536 1104
1694360358356 0.2559188333146144 1105
1694360358379 0.2557586038787552 1106
1694360358400 0.2556110097695444 1107
1694360358424 0.25545546356121024 1108
1694360358452 0.25528891592138114 1109
1694360358475 0.2551490355153605 1110
1694360358497 0.2550086313052903 1111
1694360358520 0.2548684247110811 1112
1694360358545 0.25471497585242975 1113
1694360358570 0.2545560861726187 1114
1694360358592 0.25442069472739864 1115
1694360358615 0.254273341932044 1116
1694360358639 0.25413241312017076 1117
1694360358709 0.2540022975028369 1118
1694360358731 0.25385196924083125 1119
1694360358792 0.2536987546902171 1120
1694360358813 0.2535414825815006 1121
1694360358834 0.25337579886777295 1122
1694360358856 0.2532353629716209 1123
1694360358880 0.25307805957238244 1124
1694360358904 0.2529511385658823 1125
1694360358935 0.25282134950744395 1126
1694360358963 0.25267129702747637 1127
1694360358985 0.25250833720145077 1128
1694360359006 0.25236900173937954 1129
1694360359028 0.2522190710211868 1130
1694360359049 0.25207991542947905 1131
1694360359072 0.25193374363086646 1132
1694360359094 0.2517833075996092 1133
1694360359116 0.2516528550149927 1134
1694360359138 0.25147748573807516 1135
1694360359161 0.2513420851695179 1136
1694360359185 0.25118487360949115 1137
1694360359207 0.25103790577256085 1138
1694360359240 0.2508816027121053 1139
1694360359261 0.2507606465444597 1140
1694360359284 0.2506078588034697 1141
1694360359308 0.2504523229045126 1142
1694360359330 0.2503186259971918 1143
1694360359352 0.2501650914402334 1144
1694360359382 0.2500152081136406 1145
1694360359406 0.2498654788568535 1146
1694360359429 0.2497157934192456 1147
1694360359452 0.24955002617105174 1148
1694360359474 0.24940875993412187 1149
1694360359497 0.249260869461482 1150
1694360359518 0.24914020127999273 1151
1694360359540 0.24899403139962942 1152
1694360359562 0.2488387206459534 1153
1694360359584 0.24869214782877147 1154
1694360359609 0.2485479485914243 1155
1694360359631 0.24841455509614047 1156
1694360359652 0.24827439631119186 1157
1694360359673 0.24811958103903137 1158
1694360359697 0.24795103810280464 1159
1694360359719 0.2477923269005686 1160
1694360359740 0.24764787074841446 1161
1694360359761 0.24750347974287445 1162
1694360359784 0.247367965251705 1163
1694360359806 0.24721301051080125 1164
1694360359832 0.24706483230728202 1165
1694360359856 0.24692546464754653 1166
1694360359880 0.24676097924412155 1167
1694360359921 0.24660087018042107 1168
1694360359967 0.24645282697089477 1169
1694360359989 0.246314824909417 1170
1694360360013 0.2461609465161732 1171
1694360360035 0.24602307513004282 1172
1694360360057 0.24587579333576257 1173
1694360360078 0.24573776773410763 1174
1694360360101 0.24558736666494574 1175
1694360360124 0.24544193914785226 1176
1694360360146 0.2453096836061202 1177
1694360360169 0.24517091633318203 1178
1694360360201 0.24503977046395226 1179
1694360360222 0.24487980232655124 1180
1694360360244 0.24474216533806964 1181
1694360360266 0.24457927411998437 1182
1694360360293 0.24443786474082554 1183
1694360360315 0.24429515044554115 1184
1694360360337 0.24415157640068874 1185
1694360360359 0.2439992429680894 1186
1694360360382 0.2438623994721024 1187
1694360360406 0.24371335141022063 1188
1694360360429 0.24355112692620798 1189
1694360360450 0.24340890466213935 1190
1694360360471 0.24328427047576104 1191
1694360360492 0.24315287044187547 1192
1694360360514 0.24302038420403016 1193
1694360360537 0.24287325727963627 1194
1694360360559 0.24273910584644445 1195
1694360360581 0.242598625176875 1196
1694360360604 0.2424624272700288 1197
1694360360627 0.24233980745638325 1198
1694360360670 0.2422015180762219 1199
1694360360691 0.24205095485147596 1200
1694360360713 0.2419115956887357 1201
1694360360737 0.24176635046815376 1202
1694360360762 0.24163290916563865 1203
1694360360794 0.2414781403222837 1204
1694360360818 0.2413510612449484 1205
1694360360872 0.24120237726509725 1206
1694360360919 0.24106460123756704 1207
1694360360942 0.24092830291408077 1208
1694360360973 0.24080211621608485 1209
1694360361001 0.24066642650280584 1210
1694360361024 0.24051486329831753 1211
1694360361046 0.24038561360734456 1212
1694360361066 0.24026493808591978 1213
1694360361087 0.24012073002177067 1214
1694360361109 0.2399689501078949 1215
1694360361130 0.23983802822682238 1216
1694360361152 0.23970969588250823 1217
1694360361174 0.23956649530818028 1218
1694360361200 0.2394332553649296 1219
1694360361221 0.23930172002593436 1220
1694360361244 0.23916885853788897 1221
1694360361267 0.23902473910766311 1222
1694360361290 0.238870381380494 1223
1694360361312 0.2387372522722019 1224
1694360361335 0.23861383759979246 1225
1694360361357 0.23848020881756687 1226
1694360361380 0.23832430230618543 1227
1694360361402 0.238179385044907 1228
1694360361424 0.23802340022786964 1229
1694360361446 0.23787502365095356 1230
1694360361471 0.23772623029691756 1231
1694360361493 0.23759599165115652 1232
1694360361516 0.23746498351929382 1233
1694360361539 0.23732573041452346 1234
1694360361560 0.23719166961408564 1235
1694360361581 0.23705308562978394 1236
1694360361603 0.23691842735591664 1237
1694360361625 0.2367821527705003 1238
1694360361653 0.23664826531318153 1239
1694360361675 0.23649692930043753 1240
1694360361700 0.2363646672559021 1241
1694360361724 0.2362161299167462 1242
1694360361747 0.23605914173824288 1243
1694360361770 0.23591159861095498 1244
1694360361819 0.2357564876273139 1245
1694360361840 0.23561492506762016 1246
1694360361861 0.23547997617289104 1247
1694360361882 0.23535634677791412 1248
1694360361904 0.23522883004598294 1249
1694360361926 0.2351007333930786 1250
1694360361949 0.2349614340280978 1251
1694360361976 0.234833518973427 1252
1694360361999 0.23469776762685246 1253
1694360362021 0.23456298196848166 1254
1694360362044 0.2344265993674097 1255
1694360362068 0.23431028830518133 1256
1694360362092 0.23418427690906266 1257
1694360362121 0.23403985564723356 1258
1694360362145 0.23389854285648354 1259
1694360362170 0.2337440488546819 1260
1694360362194 0.23361541964473106 1261
1694360362218 0.23347841849869605 1262
1694360362243 0.23335311756070515 1263
1694360362267 0.2332203279510599 1264
1694360362290 0.2330947868749748 1265
1694360362314 0.232959445079212 1266
1694360362338 0.23284300027568663 1267
1694360362362 0.23269779181303368 1268
1694360362385 0.2325645964728927 1269
1694360362409 0.23242771817386726 1270
1694360362431 0.23229146138872858 1271
1694360362471 0.23215531522637003 1272
1694360362491 0.23203658864662036 1273
1694360362534 0.23190686820743697 1274
1694360362554 0.2317862781231729 1275
1694360362580 0.23166263404519435 1276
1694360362601 0.23152919894027021 1277
1694360362624 0.23140287962591086 1278
1694360362646 0.23127543919363477 1279
1694360362667 0.23113747810698332 1280
1694360362688 0.23101030834969832 1281
1694360362709 0.23089130759427084 1282
1694360362731 0.23074850530492938 1283
1694360362754 0.2306078705144658 1284
1694360362778 0.23047861976971987 1285
1694360362802 0.23033924303488057 1286
1694360362825 0.2302055489671786 1287
1694360362850 0.23007180302319097 1288
1694360362873 0.22995370454968617 1289
1694360362918 0.2298150099526641 1290
1694360362970 0.22967433230600554 1291
1694360363017 0.22952512658651672 1292
1694360363041 0.2293878191529289 1293
1694360363064 0.22924610200187617 1294
1694360363088 0.22910769814450044 1295
1694360363122 0.22898099664596885 1296
1694360363145 0.22884571815522797 1297
1694360363171 0.22873129519886085 1298
1694360363194 0.228604323345341 1299
1694360363215 0.2284719749261822 1300
1694360363237 0.22836024817421777 1301
1694360363259 0.22823476641415952 1302
1694360363282 0.2281086984059095 1303
1694360363305 0.22797087536481228 1304
1694360363327 0.22785316609342104 1305
1694360363349 0.22773195266544383 1306
1694360363373 0.22761095115158891 1307
1694360363396 0.2274790617683701 1308
1694360363417 0.22734934927325337 1309
1694360363440 0.22720956782134294 1310
1694360363462 0.22710087836344317 1311
1694360363490 0.22697011962240446 1312
1694360363513 0.22684449710629073 1313
1694360363535 0.2267197812688904 1314
1694360363557 0.22659368672729116 1315
1694360363582 0.22645259650712274 1316
1694360363604 0.2263096862757942 1317
1694360363625 0.22620032274419644 1318
1694360363645 0.22608783716113218 1319
1694360363696 0.2259572608406343 1320
1694360363717 0.22583257642314314 1321
1694360363738 0.22571772700519335 1322
1694360363759 0.2255908455763578 1323
1694360363785 0.225459608984201 1324
1694360363806 0.22534869939483407 1325
1694360363829 0.22522143286177937 1326
1694360363851 0.22508898902877172 1327
1694360363872 0.22496794285225288 1328
1694360363894 0.22484263102698893 1329
1694360363916 0.2247096103518458 1330
1694360363945 0.22459035945648734 1331
1694360363970 0.22447542786383576 1332
1694360363993 0.2243543656945072 1333
1694360364017 0.22423441924556164 1334
1694360364043 0.22410893348059252 1335
1694360364067 0.2239662786344283 1336
1694360364091 0.22385516024568985 1337
1694360364114 0.22372252203160706 1338
1694360364139 0.22358481071390515 1339
1694360364166 0.22345878492296328 1340
1694360364189 0.22333096279103806 1341
1694360364212 0.22321029966224049 1342
1694360364237 0.22308314958306266 1343
1694360364261 0.22296469506080652 1344
1694360364283 0.2228451134394425 1345
1694360364311 0.22272010383616145 1346
1694360364335 0.2226061663963827 1347
1694360364359 0.22248188626855983 1348
1694360364382 0.22236157717482521 1349
1694360364438 0.22224646905773976 1350
1694360364462 0.22212469849059333 1351
1694360364484 0.22200112728051333 1352
1694360364506 0.22187494825670476 1353
1694360364534 0.22175945719029438 1354
1694360364559 0.2216337203282513 1355
1694360364582 0.22151652165233252 1356
1694360364606 0.22138526292366328 1357
1694360364630 0.22126467374274172 1358
1694360364652 0.2211448304548911 1359
1694360364677 0.221028377666401 1360
1694360364702 0.22091096905764082 1361
1694360364728 0.22078291602752662 1362
1694360364751 0.22067938070294432 1363
1694360364777 0.2205550972315133 1364
1694360364802 0.22040692511445745 1365
1694360364826 0.2202814923789423 1366
1694360364850 0.2201470715287628 1367
1694360364874 0.22003410269336457 1368
1694360364948 0.2199385963228357 1369
1694360364971 0.2198170270568524 1370
1694360364994 0.2196928368809913 1371
1694360365026 0.21957043328412318 1372
1694360365057 0.2194688077230145 1373
1694360365113 0.2193494988658562 1374
1694360365137 0.21924477045743088 1375
1694360365179 0.21912469134516135 1376
1694360365207 0.2190149722074409 1377
1694360365232 0.21888946837173626 1378
1694360365255 0.2187681602514242 1379
1694360365277 0.21866261140552445 1380
1694360365303 0.21854098574067088 1381
1694360365326 0.21842650099050195 1382
1694360365352 0.2183026691965177 1383
1694360365376 0.21818553616416309 1384
1694360365400 0.21805543812541447 1385
1694360365421 0.2179510494818999 1386
1694360365455 0.21782196899521325 1387
1694360365478 0.2177105108250985 1388
1694360365501 0.21760345188799657 1389
1694360365526 0.2174972993580501 1390
1694360365548 0.21737531549064235 1391
1694360365572 0.21725685212855345 1392
1694360365594 0.21714844672128586 1393
1694360365618 0.2170327533117809 1394
1694360365641 0.21692541817155897 1395
1694360365694 0.21680590921260373 1396
1694360365720 0.216675439401045 1397
1694360365743 0.21653907891732338 1398
1694360365767 0.21641377051080318 1399
1694360365791 0.21629872380784265 1400
1694360365816 0.21618689162754418 1401
1694360365839 0.21606728574156567 1402
1694360365862 0.21593635987815787 1403
1694360365886 0.21581671761756027 1404
1694360365909 0.21570073902007397 1405
1694360365942 0.21557192570105854 1406
1694360365968 0.21546773373917677 1407
1694360365992 0.21536879212950288 1408
1694360366016 0.21525527326679353 1409
1694360366039 0.21514778573895035 1410
1694360366063 0.21501357133529722 1411
1694360366088 0.21490056944914432 1412
1694360366118 0.21479643805866758 1413
1694360366141 0.21468870298214945 1414
1694360366165 0.21458273045593612 1415
1694360366189 0.21446660228814232 1416
1694360366217 0.2143604621394545 1417
1694360366239 0.21424550258959463 1418
1694360366263 0.21412345647869271 1419
1694360366288 0.21400818036866612 1420
1694360366317 0.21389563380343798 1421
1694360366343 0.21379993995353913 1422
1694360366367 0.21369184667335073 1423
1694360366391 0.21358945262425363 1424
1694360366416 0.21348521730072262 1425
1694360366468 0.21337549941097192 1426
1694360366491 0.21325891648934078 1427
1694360366512 0.21314216372889008 1428
1694360366537 0.21303555019655623 1429
1694360366565 0.21292730855678585 1430
1694360366589 0.21283446670772416 1431
1694360366614 0.2127278480594006 1432
1694360366642 0.2126041494078016 1433
1694360366669 0.21248984146672548 1434
1694360366694 0.21238273075398997 1435
1694360366719 0.21227051845956993 1436
1694360366745 0.2121642293616533 1437
1694360366770 0.21204350064594218 1438
1694360366796 0.21193126635639956 1439
1694360366833 0.21183007873771154 1440
1694360366859 0.2117075684139222 1441
1694360366886 0.21159880556214833 1442
1694360366913 0.211487641540164 1443
1694360366943 0.21136458806089958 1444
1694360366969 0.2112385457491632 1445
1694360366995 0.21113462526135185 1446
1694360367021 0.211017956124579 1447
1694360367046 0.21090598627457313 1448
1694360367073 0.2107893310572635 1449
1694360367099 0.210684901350089 1450
1694360367124 0.21056643034979103 1451
1694360367149 0.21044577826036306 1452
1694360367252 0.21032727332830983 1453
1694360367274 0.2102130467272837 1454
1694360367302 0.2101158706267894 1455
1694360367326 0.21003576491401477 1456
1694360367350 0.20992096156519827 1457
1694360367373 0.20982161244815162 1458
1694360367395 0.20970964377914358 1459
1694360367424 0.20958998796423703 1460
1694360367450 0.20949025716134276 1461
1694360367476 0.20937442112452023 1462
1694360367502 0.2092548085005549 1463
1694360367526 0.20914824572412935 1464
1694360367551 0.2090396624442072 1465
1694360367573 0.20891749156763445 1466
1694360367597 0.20882743540631754 1467
1694360367619 0.20871412047810364 1468
1694360367644 0.2086125874207737 1469
1694360367666 0.2085014303766585 1470
1694360367720 0.2083849940079455 1471
1694360367743 0.20826848022566763 1472
1694360367768 0.20816482915503043 1473
1694360367792 0.20805232929231124 1474
1694360367818 0.20794200219703965 1475
1694360367841 0.20783476339132706 1476
1694360367865 0.20773661720191267 1477
1694360367890 0.20762380208375203 1478
1694360367915 0.20750810387113355 1479
1694360367947 0.20738804319698084 1480
1694360367972 0.20729273146678615 1481
1694360367997 0.2071824322054498 1482
1694360368021 0.2070802247183363 1483
1694360368046 0.2069755315849613 1484
1694360368069 0.20685477913912975 1485
1694360368093 0.2067360998203952 1486
1694360368118 0.2066298052433475 1487
1694360368140 0.2065191657543728 1488
1694360368163 0.20642051453924987 1489
1694360368187 0.20630148052094244 1490
1694360368211 0.2061939342555896 1491
1694360368238 0.20608228660382694 1492
1694360368262 0.20598004125437827 1493
1694360368286 0.20587736759933797 1494
1694360368310 0.2057637843591242 1495
1694360368338 0.20566581976831358 1496
1694360368360 0.205550844016047 1497
1694360368411 0.2054321650931096 1498
1694360368439 0.2053266228914294 1499
1694360368492 0.205213140177285 1500
1694360368515 0.20510048481386353 1501
1694360368538 0.2049862647405939 1502
1694360368564 0.20489326557335769 1503
1694360368591 0.20480463816573802 1504
1694360368614 0.20469070113590376 1505
1694360368636 0.20459628036539518 1506
1694360368659 0.20450014784383064 1507
1694360368684 0.20439842843885117 1508
1694360368707 0.20428432137796118 1509
1694360368734 0.20416490354501554 1510
1694360368758 0.20405333675752244 1511
1694360368784 0.20393109364654627 1512
1694360368808 0.20381995753805415 1513
1694360368832 0.2037036457014034 1514
1694360368855 0.20358817447270527 1515
1694360368878 0.2034854046932269 1516
1694360368903 0.20338399691029643 1517
1694360368932 0.2032783837294299 1518
1694360368955 0.20318014122085312 1519
1694360368978 0.2030761185914278 1520
1694360369003 0.2029781931993672 1521
1694360369028 0.2028844110693693 1522
1694360369052 0.20278647562241292 1523
1694360369077 0.20267830438777634 1524
1694360369104 0.20256580939572894 1525
1694360369128 0.20244784074204222 1526
1694360369153 0.20234055336818835 1527
1694360369176 0.2022301402184046 1528
1694360369201 0.20211154323881067 1529
1694360369224 0.20201285235581012 1530
1694360369312 0.2019100005828534 1531
1694360369351 0.20180138624103386 1532
1694360369377 0.20169135172703015 1533
1694360369400 0.20157818038314587 1534
1694360369428 0.20147329696145708 1535
1694360369453 0.2013709029306793 1536
1694360369478 0.20127667323195433 1537
1694360369504 0.20117387995142388 1538
1694360369530 0.20105770845345933 1539
1694360369555 0.2009559088358844 1540
1694360369579 0.2008523796008887 1541
1694360369602 0.20074333856700832 1542
1694360369626 0.20063446251077768 1543
1694360369648 0.2005337004415804 1544
1694360369671 0.2004437189432732 1545
1694360369696 0.2003469513302852 1546
1694360369725 0.20024237562542138 1547
1694360369769 0.2001396209251818 1548
1694360369792 0.200034510112482 1549
1694360369818 0.19992499720181706 1550
1694360369840 0.19983112520376445 1551
1694360369865 0.19972616264389484 1552
1694360369894 0.19963191963287388 1553
1694360369923 0.19952599563455092 1554
1694360369947 0.1994221327066977 1555
1694360369973 0.1993055396098796 1556
1694360369996 0.19920935263079081 1557
1694360370020 0.19910746975365104 1558
1694360370043 0.19900533680885485 1559
1694360370066 0.19889719342245768 1560
1694360370090 0.19879853701935007 1561
1694360370114 0.1986933382651739 1562
1694360370139 0.19860459584693307 1563
1694360370162 0.1985145571387626 1564
1694360370186 0.1984217765480617 1565
1694360370211 0.19831658131577923 1566
1694360370234 0.19819985854827962 1567
1694360370258 0.19808654083895333 1568
1694360370281 0.19798187751751534 1569
1694360370307 0.19788053315648504 1570
1694360370331 0.19777442536828738 1571
1694360370356 0.19767132836779425 1572
1694360370382 0.19756400844584054 1573
1694360370414 0.19746603609737942 1574
1694360370437 0.19735947184044722 1575
1694360370462 0.19726587696937345 1576
1694360370485 0.1971555751694265 1577
1694360370532 0.1970563060624083 1578
1694360370556 0.19695717884548075 1579
1694360370581 0.19687888778915608 1580
1694360370605 0.19677266118122075 1581
1694360370629 0.19666982058552088 1582
1694360370651 0.1965531108712873 1583
1694360370675 0.1964630024854571 1584
1694360370699 0.19637415484044937 1585
1694360370725 0.1962837134366546 1586
1694360370748 0.19617826074298872 1587
1694360370771 0.1960841057947275 1588
1694360370796 0.1959766025903234 1589
1694360370819 0.19586802634317513 1590
1694360370855 0.1957635357133047 1591
1694360370878 0.1956559703108325 1592
1694360370909 0.19556440018048155 1593
1694360370934 0.19545676297327702 1594
1694360370959 0.19534136801025653 1595
1694360370982 0.19522997911196435 1596
1694360371004 0.19514402333107134 1597
1694360371042 0.19503232943885 1598
1694360371065 0.19493068271915714 1599
1694360371090 0.19483266721296175 1600
1694360371114 0.19471156281660698 1601
1694360371138 0.1946077870984194 1602
1694360371161 0.19449935431965457 1603
1694360371185 0.19440368949923367 1604
1694360371209 0.19429859744504216 1605
1694360371234 0.1941993114253229 1606
1694360371258 0.194094790192503 1607
1694360371282 0.19399907959210064 1608
1694360371307 0.1938917566074629 1609
1694360371339 0.19379848716922762 1610
1694360371445 0.19370667259076166 1611
1694360371469 0.19361729031553068 1612
1694360371492 0.19352091467932775 1613
1694360371515 0.1934055020012592 1614
1694360371538 0.193303857805633 1615
1694360371563 0.19321561555066463 1616
1694360371585 0.1931248234539469 1617
1694360371609 0.1930268391931303 1618
1694360371633 0.19293533636809024 1619
1694360371656 0.19283706972187403 1620
1694360371683 0.19274552254223057 1621
1694360371705 0.19265190016137757 1622
1694360371729 0.19254814689588137 1623
1694360371784 0.192452146658661 1624
1694360371807 0.19235333583280365 1625
1694360371830 0.19224262818768068 1626
1694360371855 0.1921355824373899 1627
1694360371881 0.19203835016044468 1628
1694360371904 0.19192979029386634 1629
1694360371933 0.1918187245392891 1630
1694360371957 0.1917277339796186 1631
1694360371980 0.19162272409649744 1632
1694360372003 0.19153840860831622 1633
1694360372027 0.19142888980755984 1634
1694360372051 0.19133310515489582 1635
1694360372075 0.1912329740637797 1636
1694360372101 0.1911386102877017 1637
1694360372126 0.19104628455781827 1638
1694360372151 0.19095501609234888 1639
1694360372175 0.19085230264493383 1640
1694360372198 0.19074976017705936 1641
1694360372221 0.19065637952979936 1642
1694360372246 0.1905633126536931 1643
1694360372271 0.1904808692097563 1644
1694360372295 0.19039928578848597 1645
1694360372320 0.19030274904297106 1646
1694360372343 0.19021236980952916 1647
1694360372367 0.19012200926257253 1648
1694360372395 0.19003810098694082 1649
1694360372425 0.18994430765918824 1650
1694360372449 0.18986841096999987 1651
1694360372473 0.1897589048855388 1652
1694360372497 0.18965767423966265 1653
1694360372568 0.18956919629984975 1654
1694360372595 0.18948241734556762 1655
1694360372618 0.1893831415876383 1656
1694360372645 0.18928678470171753 1657
1694360372668 0.18918955839464113 1658
1694360372690 0.18910538871797405 1659
1694360372714 0.18899233597274415 1660
1694360372740 0.18888875733566723 1661
1694360372763 0.1887990954409609 1662
1694360372787 0.18868672117952784 1663
1694360372810 0.18858118607146254 1664
1694360372837 0.18848810200872443 1665
1694360372859 0.18838752632123 1666
1694360372884 0.188289434216824 1667
1694360372907 0.18819298429061504 1668
1694360372938 0.18809265572622516 1669
1694360372963 0.18798001422854385 1670
1694360372986 0.18788452874618186 1671
1694360373010 0.18777192495016998 1672
1694360373046 0.1876704091485804 1673
1694360373067 0.18758825104548355 1674
1694360373092 0.18748198100662627 1675
1694360373115 0.1873919093102432 1676
1694360373139 0.18731065167354777 1677
1694360373167 0.1872104754096024 1678
1694360373191 0.18711759723459503 1679
1694360373215 0.18701911162172213 1680
1694360373238 0.18691660228297893 1681
1694360373263 0.1868195588995393 1682
1694360373286 0.186726307229527 1683
1694360373310 0.18663887865623485 1684
1694360373334 0.18654563385173917 1685
1694360373358 0.18644294758479604 1686
1694360373382 0.1863353381665905 1687
1694360373406 0.18624357078287085 1688
1694360373522 0.1861546227466607 1689
1694360373552 0.18606476053264162 1690
1694360373599 0.1859718132445131 1691
1694360373620 0.1858855294849661 1692
1694360373643 0.18579768942490552 1693
1694360373668 0.18568560144829424 1694
1694360373693 0.18559660771668507 1695
1694360373716 0.18550304885592234 1696
1694360373741 0.18540697972198497 1697
1694360373765 0.1853219788722265 1698
1694360373789 0.18522313514829433 1699
1694360373842 0.18511567228654113 1700
1694360373867 0.18501977086734364 1701
1694360373890 0.18491804493324807 1702
1694360373923 0.18482413348655746 1703
1694360373949 0.18471634309779453 1704
1694360373972 0.18462230961818765 1705
1694360373996 0.18453512192062121 1706
1694360374018 0.18444268260675686 1707
1694360374043 0.18434616345406998 1708
1694360374069 0.1842544931838192 1709
1694360374093 0.18415533559111386 1710
1694360374118 0.18404632092904571 1711
1694360374144 0.18394779502925881 1712
1694360374170 0.1838612459169489 1713
1694360374197 0.18376981877687396 1714
1694360374220 0.18367187944810473 1715
1694360374247 0.18358182654166777 1716
1694360374272 0.1834921038049221 1717
1694360374298 0.1834110370490322 1718
1694360374325 0.18331413207251523 1719
1694360374349 0.18321718679390175 1720
1694360374374 0.18311767980651014 1721
1694360374401 0.18302199639480562 1722
1694360374435 0.18293869738846819 1723
1694360374462 0.18284120410243387 1724
1694360374487 0.18274088246977005 1725
1694360374513 0.1826513567430287 1726
1694360374538 0.18255957630928238 1727
1694360374564 0.182463632855604 1728
1694360374612 0.18237662078239944 1729
1694360374636 0.18228980704463635 1730
1694360374659 0.18219147824680476 1731
1694360374683 0.18209944413574378 1732
1694360374707 0.18199503891680796 1733
1694360374730 0.1819059101681227 1734
1694360375112 0.18663887865623485 1735
