1696253058195 1.8792614466838082 0
1696253058225 1.8096541681843747 1
1696253058250 1.7469225787062557 2
1696253058280 1.6949356759474294 3
1696253058301 1.641532305105395 4
1696253058323 1.5979100633979415 5
1696253058343 1.5527837356337206 6
1696253058366 1.5140988476911301 7
1696253058388 1.4759558466024647 8
1696253058409 1.441724943695113 9
1696253058434 1.4030661902766879 10
1696253058456 1.3662842645911841 11
1696253058477 1.3324540409435413 12
1696253058498 1.3002142683873967 13
1696253058520 1.2678913071153441 14
1696253058547 1.236877274035163 15
1696253058576 1.2132118324894974 16
1696253058599 1.1857756352205133 17
1696253058624 1.1621767398433147 18
1696253058649 1.1386879028811765 19
1696253058675 1.1184861011574612 20
1696253058704 1.0939607809577434 21
1696253058728 1.0715368853062495 22
1696253058778 1.0474886612351435 23
1696253058845 1.0252497900823405 24
1696253058976 1.003475848911442 25
1696253059029 0.9823126443061528 26
1696253059056 0.9640078773292877 27
1696253059080 0.9469872740821651 28
1696253060112 0.9272881840767383 29
1696253060174 0.9075541034915033 30
1696253060203 0.8895023206707762 31
1696253060242 0.8747658736056019 32
1696253060266 0.8590993391578673 33
1696253060290 0.842204672078248 34
1696253060312 0.8259439001626236 35
1696253060334 0.8094832710221794 36
1696253060357 0.7959748055077954 37
1696253060379 0.7797483100608138 38
1696253060404 0.7665951666568768 39
1696253060427 0.7517869971185701 40
1696253060449 0.7366577656840831 41
1696253060472 0.7224514266119806 42
1696253060496 0.7111426063168411 43
1696253060519 0.6974698843576085 44
1696253060541 0.6847001925471399 45
1696253060564 0.6721845217077808 46
1696253060588 0.6595796140775487 47
1696253060611 0.6477412861644547 48
1696253060641 0.6375306333656512 49
1696253060663 0.6259755562195153 50
1696253060687 0.6150004109770176 51
1696253060716 0.6037141882792212 52
1696253060746 0.592033264340244 53
1696253060769 0.5820305770533754 54
1696253060791 0.5717878943382534 55
1696253060817 0.5614073888316784 56
1696253060877 0.5507074599340954 57
1696253060904 0.5408732705680134 58
1696253060995 0.5311062816844501 59
1696253061103 0.5224584062723332 60
1696253061134 0.5125586958953551 61
1696253061162 0.5028612615881579 62
1696253061192 0.4939554398220738 63
1696253061866 0.4849481970381691 64
1696253062602 0.47707336658964683 65
1696253063260 0.4681306697636081 66
1696253063833 0.4599835016233658 67
1696253064056 0.452529468680704 68
1696253064077 0.4442612812034767 69
1696253064100 0.4374518051703418 70
1696253064123 0.43026358618688615 71
1696253064171 0.42230541230583046 72
1696253064194 0.41506920152585497 73
1696253064217 0.4082852820965009 74
1696253064240 0.40073539377512307 75
1696253064265 0.39433910079257545 76
1696253064286 0.38706841224011174 77
1696253064310 0.38010438992940054 78
1696253064333 0.3737523209131939 79
1696253064354 0.3675229859014163 80
1696253064431 0.3616041224328818 81
1696253064454 0.3555969225897368 82
1696253064507 0.34982124159331324 83
1696253064527 0.34345232813825494 84
1696253064548 0.3371831771054986 85
1696253064570 0.33152958427809875 86
1696253064595 0.32588837638785173 87
1696253064618 0.320240893126293 88
1696253064641 0.3155213437047325 89
1696253064663 0.3099569097195618 90
1696253064688 0.3057005643205778 91
1696253064711 0.30074059128660285 92
1696253064734 0.29529977956073955 93
1696253064754 0.28995914223298214 94
1696253064774 0.2847302551766467 95
1696253064795 0.2802314851597212 96
1696253064817 0.2754470460970553 97
1696253064842 0.2710860059171267 98
1696253064886 0.26637411221127916 99
1696253064907 0.2615867939866627 100
1696253064962 0.25717053327619227 101
1696253064986 0.2532545822096674 102
1696253065008 0.24939748122803013 103
1696253065030 0.24515120877726548 104
1696253065056 0.2413082187788117 105
1696253065080 0.2372111987901844 106
1696253065108 0.233090093404928 107
1696253065134 0.22935927333092035 108
1696253065161 0.2261521155252562 109
1696253065186 0.2225885606877734 110
1696253065247 0.21879954870014684 111
1696253065281 0.2160139774482931 112
1696253065414 0.2126412581919033 113
1696253066403 0.20906540095277698 114
1696253066426 0.20585055829683202 115
1696253066448 0.20218770254250218 116
1696253066471 0.19882251359866981 117
1696253066580 0.19528746108991113 118
1696253066608 0.19234714572695286 119
1696253066629 0.18908906649285678 120
1696253066651 0.18573600713529403 121
1696253066675 0.18262022631871472 122
1696253066816 0.17994661815070032 123
1696253066836 0.17685915814843314 124
1696253066859 0.1738444875360049 125
1696253066881 0.17115253713738426 126
1696253066904 0.16829484793622787 127
1696253066926 0.1654888610261574 128
1696253066949 0.16310411281587267 129
1696253066998 0.16077085254945583 130
1696253067021 0.1580332201096703 131
1696253067044 0.1556003096500721 132
1696253067067 0.15299568954488924 133
1696253067088 0.15046442262536408 134
1696253067112 0.14808437183878945 135
1696253067134 0.1456076969771852 136
1696253067157 0.14304649216464033 137
1696253067178 0.140624814047531 138
1696253067232 0.13823802514939107 139
1696253067254 0.13581314026857824 140
1696253067275 0.1335639784626555 141
1696253067297 0.13157758636174646 142
1696253067323 0.12938437743608044 143
1696253067347 0.12718363852585698 144
1696253067371 0.12523651301517574 145
1696253067393 0.12304834122977991 146
1696253067415 0.12108729535650563 147
1696253067489 0.11947862841000094 148
1696253067515 0.11766220473860356 149
1696253067555 0.1156031290053793 150
1696253067577 0.11376999103497985 151
1696253067601 0.11191050033318686 152
1696253067623 0.11018061850507917 153
1696253067646 0.10841544640267242 154
1696253067669 0.10687504311026631 155
1696253067692 0.10532132546647106 156
1696253067715 0.10354349827064208 157
1696253067736 0.10180014435157425 158
1696253067785 0.10029923514572343 159
1696253067809 0.09870996331096205 160
1696253067830 0.09704860482107598 161
1696253067852 0.09561055438454383 162
1696253067874 0.09394991082409103 163
1696253067896 0.09253564945350057 164
1696253067920 0.09107647026697333 165
1696253067941 0.08949636150477928 166
1696253067962 0.08799468165685695 167
1696253067984 0.0866033948084644 168
1696253068006 0.08517987456231402 169
1696253068032 0.08396741662378236 170
1696253068053 0.08263918002519058 171
1696253068078 0.08143451444369686 172
1696253068099 0.08002699149567988 173
1696253068123 0.07876715418902092 174
1696253068145 0.07752863462820528 175
1696253068167 0.07618867135045577 176
1696253068190 0.07515397455916514 177
1696253068210 0.07385641473753973 178
1696253068232 0.07274525098233009 179
1696253068254 0.0715339274620074 180
1696253068278 0.07034295304674865 181
1696253068299 0.0691633807855041 182
1696253068322 0.06820976541225532 183
1696253068347 0.06703443905068446 184
1696253068372 0.06592075064686771 185
1696253068396 0.06493384587354692 186
1696253068417 0.06381671955653924 187
1696253068439 0.0627876056205047 188
1696253068461 0.06195836752545079 189
1696253068488 0.061077992050684746 190
1696253068514 0.0602419032186888 191
1696253068536 0.05924527257616917 192
1696253068559 0.058365135269638095 193
1696253068591 0.057452978453926024 194
1696253068624 0.056489754778991146 195
1696253068724 0.055574229239017406 196
1696253068746 0.05474123071885015 197
1696253068770 0.05382654509124063 198
1696253068843 0.05297092501405509 199
1696253068866 0.05214152379679852 200
1696253068888 0.05132462593864678 201
1696253068931 0.05050848193142182 202
1696253068972 0.04975223168688576 203
1696253069022 0.04904073741194684 204
1696253069044 0.04843986077176634 205
1696253069066 0.04767286460386514 206
1696253069088 0.046934251366509895 207
1696253069114 0.04626598187939476 208
1696253069143 0.045522253048335015 209
1696253069171 0.044832837900444865 210
1696253069196 0.044094268539660204 211
1696253069224 0.04341397240905457 212
1696253069250 0.04267215710210803 213
1696253069274 0.04208894613425466 214
1696253069297 0.04139923701832273 215
1696253069342 0.04082216657254887 216
1696253069364 0.04016827717457905 217
1696253069388 0.039485733149932 218
1696253069408 0.0388390529915166 219
1696253069430 0.03821416474667281 220
1696253069452 0.0376132710625133 221
1696253069475 0.03701812362532181 222
1696253069498 0.03642505350612422 223
1696253069523 0.03594064067178316 224
1696253069558 0.035415962399594554 225
1696253069582 0.034851390841184327 226
1696253069663 0.034292830879449836 227
1696253069686 0.033822620119190544 228
1696253069707 0.03327074892351538 229
1696253069733 0.03278382185253507 230
1696253069755 0.032360720793497486 231
1696253069776 0.031815152080113415 232
1696253069837 0.03127703263106333 233
1696253069857 0.030779490456659106 234
1696253069877 0.03032161045217903 235
1696253069899 0.029895484701640187 236
1696253069923 0.02942501478310043 237
1696253069944 0.028968624189487875 238
1696253069970 0.0285936090139683 239
1696253069993 0.028130171888843588 240
1696253070015 0.027691971049641034 241
1696253070035 0.02724040916634887 242
1696253070056 0.026784355969100976 243
1696253070078 0.02634327205533555 244
1696253070099 0.025924577948925217 245
1696253070122 0.02549907495060485 246
1696253070143 0.02510530123112304 247
1696253070167 0.024708937366437592 248
1696253070189 0.024295081741479867 249
1696253070217 0.023935584534520955 250
1696253070240 0.023580785242266967 251
1696253070263 0.02324971168652654 252
1696253070285 0.02287835282019004 253
1696253070313 0.022507981426971253 254
1696253070336 0.022153936571214176 255
1696253070360 0.021894496245991536 256
1696253070380 0.02154161787318982 257
1696253070401 0.021181909863817208 258
1696253070428 0.020890437945304614 259
1696253070449 0.020572833550238565 260
1696253070472 0.020284004430957864 261
1696253070492 0.0199761831732528 262
1696253070515 0.019668796539128803 263
1696253070538 0.019391094082201594 264
1696253070561 0.019146164646195875 265
1696253070583 0.018849893727196507 266
1696253070603 0.018536169669358164 267
1696253070625 0.018247564462085857 268
1696253070649 0.01801065947472459 269
1696253070671 0.017737648913849016 270
1696253070693 0.017459377801769555 271
1696253070714 0.017247893417964677 272
1696253070754 0.01699631807792145 273
1696253070803 0.016751639878516404 274
1696253070826 0.016501779768493253 275
1696253070869 0.016291458646579344 276
1696253070892 0.01603955094916086 277
1696253070915 0.01578263983824347 278
1696253070936 0.015568000792067039 279
1696253071123 0.015336837542993581 280
1696253071146 0.015084636994092323 281
1696253071169 0.014853641343452443 282
1696253071190 0.014624477968922888 283
1696253071214 0.014415178685631552 284
1696253071236 0.014227850735804952 285
1696253071272 0.014031206006160016 286
1696253071292 0.013799851942567196 287
1696253071315 0.013579481125513502 288
1696253071338 0.013372041332925888 289
1696253071358 0.013154133471813621 290
1696253071381 0.012974803856564847 291
1696253071414 0.012783567358994231 292
1696253071449 0.012618055778091669 293
1696253071476 0.012426540429144923 294
1696253071507 0.012242626177980203 295
1696253071534 0.012083235467058908 296
1696253071557 0.01191328800988672 297
1696253071580 0.011760390284307221 298
1696253071610 0.01159924954707512 299
1696253071630 0.01142914384457543 300
1696253071765 0.011254932162135536 301
1696253071845 0.011101093712853519 302
1696253071867 0.010935590439674604 303
1696253071894 0.010785880261840053 304
1696253071917 0.010654924405661782 305
1696253071941 0.0105346862163566 306
1696253072092 0.010365638144887555 307
1696253072118 0.01022038478380999 308
1696253072139 0.010059340506952855 309
1696253072161 0.009906064462110474 310
1696253072182 0.009750690636796995 311
1696253072203 0.009594188630156937 312
1696253072225 0.009452136429179308 313
1696253072246 0.009305689534051089 314
1696253072266 0.009155634590936651 315
1696253072287 0.009016073935532234 316
1696253072309 0.008906401451636707 317
1696253072334 0.008786167262803636 318
1696253072356 0.008658593077586154 319
1696253072382 0.00851937961285368 320
1696253072417 0.008413782514414376 321
1696253072448 0.00828734280453124 322
1696253072477 0.008178873044651244 323
1696253072508 0.008062574821284873 324
1696253072535 0.007942037831885624 325
1696253072563 0.007818066023057275 326
1696253072593 0.0077059961922125225 327
1696253072626 0.0076168817071276375 328
1696253072665 0.007523967234679328 329
1696253072716 0.007414682692385119 330
1696253072749 0.00730421372324421 331
1696253072784 0.0071958234713790535 332
1696253072815 0.007096473254596851 333
1696253072843 0.007005061668856249 334
1696253072868 0.006916016956920437 335
1696253072974 0.006816851287059671 336
1696253073004 0.006711698701904873 337
1696253073030 0.006631342230698167 338
1696253073055 0.006539907639066792 339
1696253073112 0.006443227227081635 340
1696253073136 0.006351333847991843 341
1696253073158 0.0062828287320705846 342
1696253073182 0.006194350720496748 343
1696253073214 0.006126970933862429 344
1696253073257 0.006046386699479036 345
1696253073283 0.005965532901426093 346
1696253073312 0.005875511133293344 347
1696253073342 0.005799137174899013 348
1696253073369 0.00571737448043694 349
1696253073391 0.005644479918027577 350
1696253073413 0.005566671633279269 351
1696253073436 0.005495187883838962 352
1696253073458 0.005411834576496264 353
1696253073480 0.005333134538139761 354
1696253073501 0.005249723780202828 355
1696253073522 0.005173424149758611 356
1696253073542 0.005092976555366248 357
1696253073563 0.005026334928321207 358
1696253073583 0.004948551185359289 359
1696253073605 0.0048769084706391875 360
1696253073628 0.004810543142495136 361
1696253073648 0.0047365206855634525 362
1696253073671 0.004674550297105017 363
1696253073692 0.004615699749387435 364
1696253073717 0.004544111643506713 365
1696253073737 0.004475760482114964 366
1696253073758 0.0044220305984122 367
1696253073785 0.004364613247650413 368
1696253073805 0.004306332912133571 369
1696253073826 0.004246468301520114 370
1696253073846 0.004183898833100727 371
1696253073898 0.004125738881305339 372
1696253073919 0.0040691961956734095 373
1696253073965 0.004013866467581471 374
1696253074072 0.003956322147236518 375
1696253074103 0.003907633534693335 376
1696253074172 0.0038496210851004563 377
1696253074195 0.0038070889016905366 378
1696253074216 0.0037629087334398004 379
1696253074240 0.003713047847580026 380
1696253074263 0.003660053962818001 381
1696253074285 0.003613201790449751 382
1696253074307 0.0035641305645175243 383
1696253074329 0.003513915133743937 384
1696253074350 0.0034640633515456293 385
1696253074375 0.003416607541151792 386
1696253074395 0.003366330919509839 387
1696253074418 0.003330154071301785 388
1696253074438 0.0032801158135252577 389
1696253074458 0.0032307914650872025 390
1696253074482 0.003193080842411613 391
1696253074503 0.0031451946839847113 392
1696253074527 0.003103927196236211 393
1696253074548 0.003059500014238007 394
1696253074570 0.0030214551247509168 395
1696253074591 0.002977435390800961 396
1696253074612 0.0029364349320971012 397
1696253074635 0.002905909320152068 398
1696253074660 0.0028748955829971533 399
1696253074684 0.002843271391317033 400
1696253074722 0.0028075856083301922 401
1696253074794 0.0027701442548078467 402
1696253074821 0.0027339700503323594 403
1696253074842 0.002694439683602455 404
1696253074867 0.0026569168045599604 405
1696253074887 0.0026183039275080337 406
1696253074910 0.0025850972434922227 407
1696253074931 0.002549214733306038 408
1696253074954 0.0025191429217648327 409
1696253074983 0.002482652523025969 410
1696253075017 0.0024478530232072107 411
1696253075078 0.002414389396540141 412
1696253075160 0.002381349787665017 413
1696253075181 0.0023490169211534536 414
1696253075205 0.0023197346920954837 415
1696253075225 0.0022860237056369563 416
1696253075250 0.0022570284289139754 417
1696253075274 0.002229147916194493 418
1696253075309 0.0022022576613623178 419
1696253075337 0.0021763702384423275 420
1696253075363 0.00214847663826424 421
1696253075426 0.0021195972237726592 422
1696253075447 0.0020919679678339355 423
1696253075470 0.0020638353158769114 424
1696253075511 0.002036024230471288 425
1696253075532 0.002008929822556982 426
1696253075553 0.001987074615550593 427
1696253075575 0.001961825776768699 428
1696253075598 0.0019377144552225817 429
1696253075617 0.0019105447023934025 430
1696253075637 0.0018838339475312229 431
1696253075658 0.0018605463004322928 432
1696253075678 0.0018364885236103188 433
1696253075698 0.0018108897747857314 434
1696253075718 0.0017852156329467765 435
1696253075739 0.001762410122900219 436
1696253075761 0.0017399614732192114 437
1696253075783 0.0017177988365220298 438
1696253075803 0.001695142268987568 439
1696253075826 0.0016736674245629677 440
1696253075848 0.0016522013099128394 441
1696253075870 0.0016316206324108184 442
1696253075894 0.001612189483836447 443
1696253075949 0.0015914403842082231 444
1696253075978 0.001573388985903081 445
1696253076029 0.0015547030938870253 446
1696253076066 0.0015352731817395813 447
1696253076165 0.0015191062918895098 448
1696253076216 0.001498061322566521 449
1696253076260 0.0014811315497838208 450
1696253076311 0.001462009373794272 451
1696253076345 0.001442616651191537 452
1696253076366 0.0014247113704467778 453
1696253076392 0.0014095326511379637 454
1696253076411 0.001390223832436293 455
1696253076440 0.001371076730917816 456
1696253076597 0.001357302223112208 457
1696253076621 0.0013445789775226903 458
1696253076639 0.0013264041093805632 459
1696253076662 0.0013104044099216693 460
1696253076682 0.0012948990077086098 461
1696253076706 0.0012809577954639815 462
1696253076726 0.0012642292160790674 463
1696253076748 0.001250332207334385 464
1696253076767 0.001234675937810501 465
1696253076788 0.0012189760069871306 466
1696253076811 0.001205144967414212 467
1696253076843 0.0011893430880372488 468
1696253076864 0.0011743229145228587 469
1696253076885 0.0011601130067947225 470
1696253076920 0.0011466749394242579 471
1696253076944 0.0011344737325665354 472
1696253076987 0.0011205506206307372 473
1696253077009 0.0011063478939738133 474
1696253077031 0.0010938966452440225 475
1696253077055 0.0010821265044017353 476
1696253077125 0.0010690078700231267 477
1696253077176 0.001055618178195887 478
1696253077310 0.00104201934460786 479
1696253077330 0.0010288586398863862 480
1696253077348 0.001015802692942466 481
1696253077374 0.0010034223718021825 482
1696253077396 0.000993226673625668 483
1696253077415 0.0009802340075433316 484
1696253077438 0.000970806442037254 485
1696253077459 0.0009593187858755069 486
1696253077482 0.0009503378488402854 487
1696253077501 0.0009384616602121048 488
1696253077522 0.0009269315439205722 489
1696253077543 0.000916731476754257 490
1696253077562 0.0009055321763825526 491
1696253077582 0.0008944084811896799 492
1696253077603 0.000884207201120885 493
1696253077627 0.000874192182914271 494
1696253077647 0.0008639181279946068 495
1696253077666 0.0008529133359022976 496
1696253077686 0.0008427692633737621 497
1696253077707 0.0008329812032268463 498
1696253077730 0.0008233292573941959 499
1696253077757 0.0008143765188464002 500
1696253077777 0.0008052463028916773 501
1696253077797 0.000796189701207868 502
1696253077820 0.0007864045202738211 503
1696253077841 0.0007769008448320618 504
1696253077861 0.0007685348325469382 505
1696253077880 0.0007594612390579996 506
1696253077900 0.0007504538800503229 507
1696253077919 0.0007410527696128701 508
1696253077991 0.0007317221992546813 509
1696253078012 0.0007231765536358 510
1696253078031 0.0007151604037459081 511
1696253078056 0.0007076905319099848 512
1696253078075 0.0006986945144416286 513
1696253078096 0.0006909158136569472 514
1696253078126 0.0006836079883500561 515
1696253078144 0.0006754957586188143 516
1696253078162 0.0006674320064581616 517
1696253078186 0.000660970682177914 518
1696253078296 0.0006532929409562252 519
1696253078384 0.0006459610899426305 520
1696253078406 0.0006386910008845254 521
1696253078431 0.0006313937546404899 522
1696253078452 0.0006237259551687183 523
1696253078474 0.0006163287481734061 524
1696253078494 0.0006090632713442786 525
1696253078516 0.0006032656816512068 526
1696253078536 0.0005964788410391778 527
1696253078556 0.0005892588559332328 528
1696253078575 0.0005825807329250168 529
1696253078595 0.0005759690357120924 530
1696253078617 0.0005695728574442363 531
1696253078639 0.0005637497272429873 532
1696253078658 0.0005572719284498432 533
1696253078681 0.0005506730539394352 534
1696253078700 0.0005442043530817301 535
1696253078720 0.0005379548345021304 536
1696253078740 0.000531562504886642 537
1696253078759 0.0005262104827525679 538
1696253078781 0.0005200559711916269 539
1696253078801 0.0005141410923031584 540
1696253078820 0.0005078501229913343 541
1696253078840 0.0005021742800459671 542
1696253078861 0.000496538383230658 543
1696253078884 0.0004911878907991761 544
1696253078904 0.0004853070122961959 545
1696253078925 0.0004795877778699148 546
1696253078966 0.0004747807148358931 547
1696253078985 0.00046931444262710237 548
1696253079004 0.00046454345191991543 549
1696253079022 0.00045911996060516786 550
1696253079042 0.0004538769464466087 551
1696253079068 0.00044871950581745377 552
1696253079089 0.0004434530823905701 553
1696253079110 0.00043830012956135804 554
1696253079132 0.0004336597665997466 555
1696253079158 0.0004293675855675951 556
1696253079208 0.0004246308314290312 557
1696253079228 0.0004196007607092744 558
1696253079251 0.00041541368026758277 559
1696253079274 0.0004112642182134975 560
1696253079295 0.00040640758502013505 561
1696253079409 0.00040176338679863145 562
1696253079432 0.0003981204253628759 563
1696253079453 0.00039349508677562564 564
1696253079474 0.0003888602996868341 565
1696253079493 0.0003843541273272265 566
1696253079516 0.00038090752426910734 567
1696253079540 0.00037724969357476546 568
1696253079562 0.0003736963454494172 569
1696253079584 0.0003692756878813727 570
1696253079606 0.00036486241281363286 571
1696253079626 0.00036029446149606374 572
1696253079645 0.00035645583016001646 573
1696253079665 0.00035223846831665103 574
1696253079685 0.00034824468633185376 575
1696253079706 0.00034441974736100825 576
1696253079726 0.0003406746931777404 577
1696253079746 0.00033690847052773474 578
1696253079888 0.0005892588559332328 579
