1694360517869 1.9107536336657316 0
1694360517910 1.874007197290785 1
1694360517944 1.8408203752939958 2
1694360517967 1.809180199417067 3
1694360517992 1.7793470440929542 4
1694360518025 1.750915989219168 5
1694360518053 1.7240237432876708 6
1694360518084 1.6983915940549559 7
1694360518108 1.6736989044148634 8
1694360518132 1.6499840599004219 9
1694360518155 1.6271171328489167 10
1694360518239 1.605186038704913 11
1694360518311 1.5838690908377289 12
1694360518360 1.5635021007710328 13
1694360518387 1.5439076638879499 14
1694360518415 1.5249148009963247 15
1694360518441 1.506215877821325 16
1694360518465 1.4882465434214531 17
1694360518489 1.4708847644810452 18
1694360518514 1.45398286563052 19
1694360518540 1.4378115350501632 20
1694360518566 1.4216600490221543 21
1694360518592 1.406068990810297 22
1694360518618 1.3909444256121817 23
1694360518643 1.3762139887033449 24
1694360518670 1.3617786839208745 25
1694360518695 1.3475329039185158 26
1694360518720 1.3336225981288763 27
1694360518774 1.3200516090590566 28
1694360518799 1.3067962520083807 29
1694360518824 1.2940704006033523 30
1694360518854 1.2814585031362666 31
1694360518881 1.2691324582732832 32
1694360518909 1.2571036848590362 33
1694360518941 1.2453877221404428 34
1694360518969 1.2338744010566127 35
1694360518996 1.2225795938655553 36
1694360519023 1.21163489359911 37
1694360519052 1.2009261004413174 38
1694360519075 1.1903261788314674 39
1694360519101 1.1799756048445917 40
1694360519125 1.169873242359967 41
1694360519150 1.1600725502079987 42
1694360519175 1.1502895701639055 43
1694360519200 1.1406266301012435 44
1694360519226 1.1311312955131185 45
1694360519251 1.1218615164521344 46
1694360519276 1.112825051624061 47
1694360519302 1.1037909795544436 48
1694360519353 1.0950896725395456 49
1694360519381 1.0865733064735856 50
1694360519405 1.078176186327556 51
1694360519441 1.0699312968806844 52
1694360519467 1.061789171388919 53
1694360519492 1.0538399374131517 54
1694360519518 1.0460048727505613 55
1694360519544 1.0382403180704498 56
1694360519570 1.0306451808138093 57
1694360519596 1.0231105139248637 58
1694360519622 1.015775511728369 59
1694360519648 1.0085687776756849 60
1694360519675 1.0014306960755204 61
1694360519713 0.9944743883363788 62
1694360519756 0.9877416285592215 63
1694360519785 0.9809894728919762 64
1694360519812 0.9744365652919433 65
1694360519838 0.9679393215711996 66
1694360519865 0.9615516254341606 67
1694360519893 0.9552586485845143 68
1694360519939 0.9490165838498811 69
1694360519966 0.9429531248680749 70
1694360519991 0.9369593936441513 71
1694360520030 0.9311283952873635 72
1694360520054 0.9252930113328818 73
1694360520080 0.9195574826154036 74
1694360520106 0.9138148856786245 75
1694360520132 0.9082031678446608 76
1694360520167 0.9027834413994449 77
1694360520193 0.8974099911279383 78
1694360520219 0.892125337480549 79
1694360520247 0.8869419390283034 80
1694360520276 0.8818342660305158 81
1694360520301 0.8768322868814549 82
1694360520327 0.8718589178480334 83
1694360520369 0.8669572864732572 84
1694360520402 0.8621287667602909 85
1694360520499 0.857302486344444 86
1694360520523 0.8526423512841971 87
1694360520553 0.8480076543651018 88
1694360520579 0.8434152444577993 89
1694360520606 0.8388794307536898 90
1694360520631 0.834381646096191 91
1694360520657 0.8300910682455952 92
1694360520683 0.8258957698267266 93
1694360520711 0.8216506428130108 94
1694360520738 0.8174205664206012 95
1694360520766 0.8132702548323032 96
1694360520823 0.8092874265239924 97
1694360520848 0.8052752410256996 98
1694360520872 0.8013510019152635 99
1694360520901 0.7974633112042604 100
1694360520934 0.7936393721331754 101
1694360520960 0.7898856931087278 102
1694360520986 0.7861597917679695 103
1694360521011 0.7825251173312737 104
1694360521037 0.7788463559267013 105
1694360521064 0.7753042234410338 106
1694360521089 0.7717439491719389 107
1694360521115 0.768231491074755 108
1694360521141 0.7647048648688053 109
1694360521168 0.7613026142168917 110
1694360521194 0.7578876865779663 111
1694360521220 0.7545493330928492 112
1694360521248 0.7512931652775208 113
1694360521275 0.7480578430917767 114
1694360521300 0.7448756738038488 115
1694360521326 0.7417046864332875 116
1694360521376 0.7386473708697437 117
1694360521401 0.7356030647272567 118
1694360521433 0.7325496452950638 119
1694360521457 0.7295805663216127 120
1694360521484 0.7265922185786461 121
1694360521510 0.7237001236610104 122
1694360521536 0.7208574760680361 123
1694360521561 0.7180423457010653 124
1694360521588 0.7152008563236603 125
1694360521613 0.7124589147300723 126
1694360521639 0.7096794644543479 127
1694360521667 0.7069576736526485 128
1694360521695 0.7042987143456446 129
1694360521722 0.7016405109529201 130
1694360521750 0.6990319771733576 131
1694360521777 0.6963885112500166 132
1694360521807 0.6938900410997052 133
1694360521831 0.6914255284360455 134
1694360521856 0.6888807693117114 135
1694360521882 0.6864080771429556 136
1694360521908 0.6839650877635816 137
1694360521940 0.6814896970496503 138
1694360521970 0.6790549523288367 139
1694360521996 0.6767246543881998 140
1694360522021 0.6743894432880336 141
1694360522049 0.6720574871644134 142
1694360522078 0.6698047152999942 143
1694360522103 0.6675445892827819 144
1694360522130 0.6652502005271727 145
1694360522164 0.6630536610330858 146
1694360522193 0.6608662112656541 147
1694360522239 0.6587123818874366 148
1694360522265 0.6565749625203334 149
1694360522291 0.6544038390468845 150
1694360522317 0.652295037190664 151
1694360522342 0.650162896923598 152
1694360522368 0.6481542965123281 153
1694360522395 0.6461387043892682 154
1694360522425 0.6441221466311536 155
1694360522452 0.6420854188541205 156
1694360522488 0.6401296378944001 157
1694360522518 0.6382298968544504 158
1694360522606 0.6362681806290253 159
1694360522632 0.6343904620673864 160
1694360522664 0.632479491233531 161
1694360522690 0.6305975233850213 162
1694360522716 0.6287542122226574 163
1694360522741 0.6269544428996954 164
1694360522767 0.6251394348183507 165
1694360522792 0.6233388396024562 166
1694360522848 0.6215428694618235 167
1694360522873 0.6198031509024513 168
1694360522898 0.6180127999512265 169
1694360522935 0.6163301856388279 170
1694360522982 0.6146483644679864 171
1694360523008 0.6129100964424015 172
1694360523035 0.6112434614760351 173
1694360523069 0.6095998327742863 174
1694360523095 0.6079438342615914 175
1694360523120 0.6062392994834817 176
1694360523147 0.6045733252609641 177
1694360523172 0.602969371674057 178
1694360523198 0.6013861298923368 179
1694360523223 0.5998491954749178 180
1694360523249 0.5982973111972888 181
1694360523277 0.596768775527335 182
1694360523304 0.5951992032632251 183
1694360523331 0.5936721455682693 184
1694360523356 0.5921599270049858 185
1694360523411 0.5906695272618081 186
1694360523440 0.5892047718698927 187
1694360523465 0.5877384676687802 188
1694360523490 0.586305751027892 189
1694360523516 0.5848439925583934 190
1694360523540 0.5834529974551285 191
1694360523564 0.5820317785458032 192
1694360523591 0.5806175038778444 193
1694360523618 0.5792159443462496 194
1694360523643 0.5778749970681967 195
1694360523669 0.5765307847423466 196
1694360523698 0.5751846719908055 197
1694360523724 0.5738270401425001 198
1694360523749 0.5724586353943993 199
1694360523787 0.5711456921622103 200
1694360523814 0.5698699235067033 201
1694360523840 0.5685552799681646 202
1694360523865 0.5672982133991059 203
1694360523890 0.5660382345893761 204
1694360523915 0.5648130319929233 205
1694360523948 0.5635337900553851 206
1694360523974 0.5622492900382943 207
1694360524003 0.5609726450736646 208
1694360524028 0.5598031906286092 209
1694360524056 0.5585994489310725 210
1694360524083 0.5573608732618941 211
1694360524110 0.5561692717184449 212
1694360524134 0.5549783413781879 213
1694360524160 0.5537713041349984 214
1694360524185 0.5526164687448208 215
1694360524210 0.5514675381153255 216
1694360524236 0.5503413070118627 217
1694360524266 0.5492035798992019 218
1694360524293 0.5480850887772241 219
1694360524320 0.5469906094762793 220
1694360524347 0.5458733080351081 221
1694360524374 0.5447697943764508 222
1694360524402 0.5436331921300456 223
1694360524433 0.5425396355454208 224
1694360524460 0.5414544987199313 225
1694360524488 0.5403977996578279 226
1694360524517 0.539289772623819 227
1694360524543 0.5382510545938594 228
1694360524570 0.5372423023352192 229
1694360524665 0.5362128009491327 230
1694360524711 0.5351702931279547 231
1694360524736 0.5341935780184556 232
1694360524761 0.5331284814641165 233
1694360524799 0.5321072922488628 234
1694360524825 0.5311222921201308 235
1694360524852 0.5301544794101608 236
1694360524901 0.5291575000220854 237
1694360524932 0.5281985350525351 238
1694360524957 0.5272206372520349 239
1694360524982 0.5262552678861497 240
1694360525007 0.5253140147500778 241
1694360525032 0.5243472213775952 242
1694360525058 0.5234083155390195 243
1694360525083 0.522441394327026 244
1694360525110 0.5215004938164627 245
1694360525135 0.5206064173542002 246
1694360525160 0.5196513514343891 247
1694360525184 0.5187175315168984 248
1694360525210 0.5177725109131401 249
1694360525242 0.5168952986509143 250
1694360525271 0.5159560373515494 251
1694360525298 0.5150552742397627 252
1694360525322 0.5141571762660334 253
1694360525346 0.5132548088481296 254
1694360525371 0.512409936956028 255
1694360525398 0.5115268495433483 256
1694360525448 0.5106762718574565 257
1694360525473 0.5097835462073136 258
1694360525499 0.5089421247197335 259
1694360525524 0.5081058746389705 260
1694360525549 0.5072502435222165 261
1694360525574 0.5063870603169354 262
1694360525601 0.5055583782321824 263
1694360525626 0.5047111626258438 264
1694360525651 0.5039154720566709 265
1694360525679 0.503112605194529 266
1694360525705 0.5022811310504595 267
1694360525736 0.501465542561816 268
1694360525763 0.5006530390420565 269
1694360525789 0.499811108831632 270
1694360525820 0.49900470164669153 271
1694360525847 0.4981988962921124 272
1694360525872 0.49741726039783074 273
1694360525899 0.496670277593668 274
1694360525933 0.49588441249837306 275
1694360525959 0.495126395877519 276
1694360525986 0.49442836850259786 277
1694360526012 0.4936885797615441 278
1694360526039 0.49292386093119117 279
1694360526065 0.4921931014319483 280
1694360526091 0.49144744705522775 281
1694360526121 0.49071546520659715 282
1694360526149 0.48995732944535103 283
1694360526175 0.4892369572068647 284
1694360526202 0.4884921565015949 285
1694360526228 0.4877587110670933 286
1694360526258 0.48701341760818306 287
1694360526286 0.48628599262373035 288
1694360526312 0.4855586119466716 289
1694360526338 0.48485492394267365 290
1694360526365 0.4841518371891941 291
1694360526399 0.48346453034785936 292
1694360526431 0.48276269687332957 293
1694360526457 0.48207211781893206 294
1694360526484 0.4813780328507633 295
1694360526511 0.4806877328053883 296
1694360526537 0.480007409535435 297
1694360526563 0.4793132341502477 298
1694360526589 0.47863246700332884 299
1694360526618 0.47793706500069266 300
1694360526644 0.4772619855173598 301
1694360526670 0.47660570440010497 302
1694360526781 0.4759529610916767 303
1694360526809 0.47528918247341956 304
1694360526834 0.4746331098231219 305
1694360526859 0.4739955943215856 306
1694360526885 0.4733438596058683 307
1694360526940 0.47271265578703575 308
1694360526963 0.4720276932744209 309
1694360526988 0.4714208894404109 310
1694360527015 0.47078972208212344 311
1694360527041 0.47016722757913537 312
1694360527068 0.46952730531137055 313
1694360527093 0.4688997239228772 314
1694360527119 0.46828182079560976 315
1694360527147 0.46768129829561156 316
1694360527172 0.4670954344342973 317
1694360527196 0.46648545828048293 318
1694360527222 0.46588003803207456 319
1694360527250 0.4652975546717197 320
1694360527276 0.4646863119843596 321
1694360527302 0.4641029718501448 322
1694360527327 0.4635009645194739 323
1694360527352 0.4629267789944022 324
1694360527377 0.46234177105347857 325
1694360527403 0.46175367321999344 326
1694360527428 0.46115642269194956 327
1694360527482 0.46054120910625956 328
1694360527506 0.4599662415416247 329
1694360527531 0.4593712998142989 330
1694360527555 0.4588036018114689 331
1694360527582 0.4582308922577544 332
1694360527607 0.4576910622265248 333
1694360527633 0.45709468934177355 334
1694360527657 0.4565166800272685 335
1694360527681 0.45596782584668955 336
1694360527705 0.4554351294754549 337
1694360527731 0.45487369440592 338
1694360527756 0.45427805892454415 339
1694360527792 0.45367050651231283 340
1694360527817 0.453124994956266 341
1694360527842 0.4525592341760685 342
1694360527867 0.45202397880114964 343
1694360527892 0.45148488330494607 344
1694360527923 0.45094091292136695 345
1694360527949 0.4504086390746727 346
1694360527976 0.44992543578645783 347
1694360528001 0.4494005391865896 348
1694360528024 0.448882313170651 349
1694360528050 0.4483279964098362 350
1694360528076 0.44778606818825906 351
1694360528104 0.44724872248106046 352
1694360528129 0.44669207497346614 353
1694360528155 0.4461806914323011 354
1694360528180 0.4456599292999645 355
1694360528204 0.4451280399919289 356
1694360528228 0.44460335417768765 357
1694360528252 0.44407936604611686 358
1694360528275 0.4435601828217751 359
1694360528301 0.4430377431375986 360
1694360528326 0.4425028819480461 361
1694360528351 0.4420175681122495 362
1694360528376 0.44148763522109197 363
1694360528402 0.4409971508331416 364
1694360528433 0.4404936348725313 365
1694360528458 0.43999165201138224 366
1694360528483 0.43946181764139003 367
1694360528508 0.43896231857236845 368
1694360528534 0.4384698308446364 369
1694360528558 0.4379743122073891 370
1694360528583 0.4374708301418592 371
1694360528613 0.43696813408394786 372
1694360528638 0.43647206935383437 373
1694360528663 0.43596619144271753 374
1694360528688 0.4354724736210259 375
1694360528713 0.4350221539445782 376
1694360528738 0.4345120424584765 377
1694360528764 0.43401149840557357 378
1694360528796 0.43353185094265845 379
1694360528825 0.43303353542691825 380
1694360528880 0.43258054899654086 381
1694360528905 0.43209018930758636 382
1694360528992 0.43160492554751184 383
1694360529017 0.4311529053057795 384
1694360529044 0.43072373718631723 385
1694360529069 0.4302322101565131 386
1694360529094 0.4297741724529395 387
1694360529119 0.4293066820998556 388
1694360529144 0.4288336037960917 389
1694360529170 0.428397006047878 390
1694360529193 0.4279768449194068 391
1694360529219 0.42750017393334605 392
1694360529249 0.42705116999357456 393
1694360529274 0.42658721642971914 394
1694360529299 0.4261218018353434 395
1694360529325 0.4256735477853474 396
1694360529349 0.4252070008480928 397
1694360529374 0.4247348465733667 398
1694360529398 0.42428108227548833 399
1694360529429 0.4238334850284634 400
1694360529455 0.42342624932597334 401
1694360529481 0.4229596513161635 402
1694360529527 0.42251427300080097 403
1694360529550 0.42209698065889206 404
1694360529579 0.42166964787094524 405
1694360529603 0.4211742556492681 406
1694360529627 0.4207371893096131 407
1694360529652 0.4202894684391113 408
1694360529679 0.4198689489889177 409
1694360529704 0.41942226915366965 410
1694360529727 0.4190112704438643 411
1694360529753 0.41858423064610706 412
1694360529777 0.418144945204004 413
1694360529802 0.41772713838135955 414
1694360529827 0.4173082062722675 415
1694360529851 0.4168965574604793 416
1694360529875 0.4164878469547352 417
1694360529900 0.41606342988519057 418
1694360529932 0.41560189690522276 419
1694360529957 0.4151584178526747 420
1694360529982 0.41474036863298547 421
1694360530006 0.4143680455634211 422
1694360530032 0.41394607259342814 423
1694360530057 0.4135362340284345 424
1694360530085 0.413124411228452 425
1694360530110 0.4127285509089029 426
1694360530135 0.4123494909938905 427
1694360530160 0.41191653117190546 428
1694360530185 0.41151847505099237 429
1694360530208 0.4111142431468949 430
1694360530232 0.4107087968272132 431
1694360530257 0.41030201351822854 432
1694360530282 0.4098951232557579 433
1694360530306 0.40944218840436725 434
1694360530332 0.40903102263799657 435
1694360530358 0.40861796239145737 436
1694360530385 0.408239007809852 437
1694360530411 0.407835888782006 438
1694360530441 0.40745503409567185 439
1694360530468 0.40707037213597147 440
1694360530495 0.4066669452111051 441
1694360530825 0.4062528657998414 442
1694360530849 0.4058555865797662 443
1694360530873 0.4054426347944509 444
1694360530897 0.40507727700868895 445
1694360530943 0.40468739600765957 446
1694360530969 0.4043045782965463 447
1694360531066 0.40391598842158133 448
1694360531090 0.4034875889486613 449
1694360531118 0.4031095036327804 450
1694360531142 0.40271470949957344 451
1694360531166 0.40232751089840946 452
1694360531192 0.40196028187133054 453
1694360531218 0.40159686677102685 454
1694360531248 0.4012016294225929 455
1694360531273 0.4008290917514929 456
1694360531298 0.4004570177316916 457
1694360531322 0.40007744072749557 458
1694360531346 0.3997231540241348 459
1694360531371 0.3993585168531017 460
1694360531395 0.39898930287809 461
1694360531425 0.39861921300748515 462
1694360531450 0.3982294335325273 463
1694360531477 0.3978811407418226 464
1694360531501 0.3974953121869582 465
1694360531551 0.3971235598382528 466
1694360531578 0.3967543231157674 467
1694360531604 0.39637496570342085 468
1694360531627 0.3960173424320967 469
1694360531654 0.3956837880626501 470
1694360531678 0.39531350604094123 471
1694360531702 0.39496607553868335 472
1694360531726 0.3946269990095064 473
1694360531751 0.39425722573104227 474
1694360531775 0.39390953383670185 475
1694360531812 0.39358643165469775 476
1694360531836 0.39325767929294503 477
1694360531860 0.39291391400322123 478
1694360531885 0.39254906385001165 479
1694360531909 0.3922029751074782 480
1694360531940 0.3918479701582854 481
1694360531967 0.3915017901161655 482
1694360531992 0.3911724332505447 483
1694360532017 0.39082840751306347 484
1694360532042 0.39047380478803795 485
1694360532068 0.390116380509742 486
1694360532094 0.38976673085755 487
1694360532118 0.3894201744015661 488
1694360532143 0.38908937461573506 489
1694360532172 0.38874671905642283 490
1694360532199 0.3884047021909167 491
1694360532224 0.38808299049146555 492
1694360532249 0.38775357952935996 493
1694360532273 0.3874189017453508 494
1694360532298 0.38707404767418235 495
1694360532323 0.38673806354350243 496
1694360532347 0.38639127849915345 497
1694360532371 0.3861009759123902 498
1694360532395 0.3857855033416802 499
1694360532427 0.3854394962654535 500
1694360532451 0.3851145935028706 501
1694360532475 0.38477333567877575 502
1694360532500 0.38443213652967506 503
1694360532525 0.38408308128447183 504
1694360532551 0.383706738823443 505
1694360532579 0.383327878228723 506
1694360532604 0.3829836477321001 507
1694360532628 0.382676790711406 508
1694360532653 0.3823261631290263 509
1694360532683 0.38198042867638377 510
1694360532708 0.3816281549750843 511
1694360532733 0.3812820772695055 512
1694360532758 0.38095223229215147 513
1694360532783 0.3806106510212866 514
1694360532808 0.3802819372575142 515
1694360532832 0.37994255962903345 516
1694360532855 0.37963331331927497 517
1694360532881 0.3793279263096508 518
1694360532908 0.3789812386101185 519
1694360532939 0.3786605040539714 520
1694360532966 0.37831547469566595 521
1694360532992 0.3780047061160427 522
1694360533018 0.37767997722945107 523
1694360533167 0.377372707671934 524
1694360533190 0.3770634829047164 525
1694360533222 0.37675115956153893 526
1694360533246 0.37643557601279376 527
1694360533273 0.37610866198280646 528
1694360533299 0.37579354622844113 529
1694360533322 0.3754910018853957 530
1694360533346 0.3751943987209298 531
1694360533369 0.37489932726175423 532
1694360533393 0.3745925940592256 533
1694360533420 0.3742228595137144 534
1694360533446 0.3739409963743325 535
1694360533471 0.3736353471245213 536
1694360533495 0.3733108736498923 537
1694360533518 0.37300241412018265 538
1694360533543 0.37269902439148433 539
1694360533593 0.3723856858454035 540
1694360533617 0.3720842481452872 541
1694360533641 0.3717876407496144 542
1694360533665 0.3714835382970468 543
1694360533693 0.37114964367604175 544
1694360533717 0.370863837161878 545
1694360533740 0.3705614558605808 546
1694360533766 0.3702368334409697 547
1694360533791 0.3699124995866021 548
1694360533816 0.36960678697422206 549
1694360533840 0.36929008175208444 550
1694360533864 0.36899682499336556 551
1694360533889 0.36870932152779046 552
1694360533920 0.3684022535335978 553
1694360533944 0.3680815813263539 554
1694360533969 0.36776760463444225 555
1694360533993 0.36748276894793075 556
1694360534018 0.36718845183725535 557
1694360534043 0.3668964186668319 558
1694360534068 0.36659656771240684 559
1694360534092 0.3662896572540565 560
1694360534118 0.3659762783573668 561
1694360534207 0.36568467724220355 562
1694360534310 0.3653919353437782 563
1694360534507 0.3651073169819047 564
1694360534530 0.3648126282067826 565
1694360534554 0.3645151055163375 566
1694360534580 0.3642170153928154 567
1694360534607 0.3639219574968758 568
1694360534631 0.36362757444781013 569
1694360534656 0.36333399468296806 570
1694360534681 0.36303224259358 571
1694360534707 0.362735902049554 572
1694360534732 0.3624453336921352 573
1694360534756 0.3621884173503036 574
1694360534788 0.3619077209610818 575
1694360534816 0.3615827434201703 576
1694360534838 0.3613472907630437 577
1694360534862 0.36100628190017114 578
1694360534886 0.3607085627708207 579
1694360534916 0.360382459713177 580
1694360534942 0.36007788327755436 581
1694360534969 0.35980613445354026 582
1694360534992 0.35951853647109583 583
1694360535017 0.35924641593425166 584
1694360535042 0.3589339995891306 585
1694360535099 0.3586056139079453 586
1694360535122 0.3583348171925904 587
1694360535212 0.35802673763212844 588
1694360535249 0.35772691488453795 589
1694360535277 0.3574341932115891 590
1694360535301 0.3571560571817712 591
1694360535325 0.35689050526737237 592
1694360535350 0.3566061862298101 593
1694360535378 0.3563038425142251 594
1694360535401 0.35605030884633276 595
1694360535431 0.35576522840511077 596
1694360535456 0.35545572325598696 597
1694360535501 0.3551789332481511 598
1694360535526 0.3549009775088025 599
1694360535551 0.35461571117713436 600
1694360535574 0.35437262390450547 601
1694360535625 0.3541069927408222 602
1694360535648 0.3538097437193309 603
1694360535673 0.353536905211966 604
1694360535698 0.3532516037715918 605
1694360535726 0.35296091357825776 606
1694360535750 0.35266927552023203 607
1694360535775 0.3523917836565599 608
1694360535800 0.3521008957395604 609
1694360535837 0.35181422952850055 610
1694360535862 0.3515097729270704 611
1694360535886 0.3512364204162055 612
1694360535911 0.3509494744984411 613
1694360535942 0.35067069062108264 614
1694360535968 0.35038964908141684 615
1694360535991 0.35010842173843426 616
1694360536017 0.34983813687659493 617
1694360536041 0.3495705361353318 618
1694360536065 0.34929625439024165 619
1694360536088 0.34904391037563126 620
1694360536112 0.3487901112363104 621
1694360536136 0.3485471798308016 622
1694360536161 0.34827836306009535 623
1694360536185 0.3480111676343702 624
1694360536214 0.347761025994677 625
1694360536241 0.3474834032231789 626
1694360536265 0.34725152370204515 627
1694360536289 0.3469993206699681 628
1694360536312 0.34674424187675723 629
1694360536337 0.34650328833951083 630
1694360536362 0.34624151707743295 631
1694360536387 0.3459888484326368 632
1694360536413 0.34570988611111475 633
1694360536442 0.3454451314777907 634
1694360536468 0.3451718574739253 635
1694360536491 0.3449059901274438 636
1694360536515 0.34462158044626773 637
1694360536539 0.3443542416998509 638
1694360536563 0.34409666354682356 639
1694360536588 0.34384338915955565 640
1694360536616 0.3435782935074321 641
1694360536641 0.34329440622108165 642
1694360536668 0.34304262167991895 643
1694360536693 0.3427802020954291 644
1694360536722 0.3425607249746001 645
1694360536749 0.3422876442350876 646
1694360536774 0.3420113394920443 647
1694360536800 0.34171561537970535 648
1694360536827 0.3414624093582135 649
1694360536853 0.34120423841799724 650
1694360536878 0.3409572374396932 651
1694360536904 0.34067445117804984 652
1694360536943 0.3404451855212855 653
1694360536969 0.3401886262625836 654
1694360536998 0.3399099669224313 655
1694360537024 0.3396714292054685 656
1694360537052 0.3394083212451425 657
1694360537078 0.3391403600918334 658
1694360537133 0.33890626705951055 659
1694360537159 0.3386288411639206 660
1694360537184 0.33838677054785987 661
1694360537209 0.3380937051343341 662
1694360537280 0.33784563461399675 663
1694360537306 0.33761155361405165 664
1694360537351 0.3373457024176783 665
1694360537376 0.3371062245483105 666
1694360537399 0.3368770183403029 667
1694360537427 0.3366402892677885 668
1694360537450 0.3364170074921933 669
1694360537475 0.33617522956210316 670
1694360537500 0.33593724877871367 671
1694360537524 0.33570415590139213 672
1694360537548 0.335449907383616 673
1694360537572 0.3352462282228536 674
1694360537599 0.3349936667413738 675
1694360537624 0.3347362507674432 676
1694360537673 0.3344931754478421 677
1694360537697 0.33425213980880136 678
1694360537721 0.33399983357947016 679
1694360537746 0.3337260360700059 680
1694360537770 0.33347685351813283 681
1694360537795 0.3332108581742219 682
1694360537821 0.33295763037372583 683
1694360537845 0.3327074106462578 684
1694360537872 0.3324585072059202 685
1694360537898 0.33219561796530667 686
1694360537929 0.33194834561173236 687
1694360537954 0.3316930582578816 688
1694360537979 0.33144607805404325 689
1694360538002 0.331228820388686 690
1694360538027 0.3309937599922348 691
1694360538052 0.33072991615253927 692
1694360538077 0.3304648099320898 693
1694360538100 0.3302300344474229 694
1694360538125 0.32997646628943883 695
1694360538151 0.329743551110795 696
1694360538176 0.3295015872753132 697
1694360538201 0.32925835143070414 698
1694360538224 0.3290259561720705 699
1694360538256 0.32878351495944386 700
1694360538280 0.32856502445980185 701
1694360538305 0.3283214360401197 702
1694360538328 0.32810626499375173 703
1694360538352 0.3278658636696767 704
1694360538385 0.3276101177351841 705
1694360538411 0.32739353509782537 706
1694360538436 0.3271526903030734 707
1694360538460 0.32693219235507676 708
1694360538484 0.32669427386546807 709
1694360538509 0.3264651580091866 710
1694360538535 0.3262395312520641 711
1694360538560 0.32599228900185456 712
1694360538585 0.32574125109034985 713
1694360538611 0.3255109163855585 714
1694360538636 0.32524996336853496 715
1694360538660 0.3250080138802577 716
1694360538685 0.3247660399125085 717
1694360538728 0.3245103780042413 718
1694360538752 0.3242959672051045 719
1694360538775 0.3240600392569362 720
1694360538799 0.3238258503563921 721
1694360538824 0.3235965607572227 722
1694360538848 0.323366183444732 723
1694360538872 0.32311112863903607 724
1694360538900 0.3228858925609093 725
1694360538928 0.322688936508776 726
1694360538953 0.32243908729960163 727
1694360538976 0.32218775037194614 728
1694360539001 0.3219591022716656 729
1694360539025 0.3217295721765118 730
1694360539050 0.3214965167078531 731
1694360539075 0.3212616689519545 732
1694360539100 0.3210201715802443 733
1694360539125 0.3207700345722382 734
1694360539179 0.32053710408125957 735
1694360539203 0.3202987875768089 736
1694360539227 0.3200751849358748 737
1694360539253 0.3198576073695024 738
1694360539279 0.31963068723673616 739
1694360539302 0.3194494151826087 740
1694360539325 0.31921167600153055 741
1694360539355 0.31897302283117873 742
1694360539383 0.3187451015177402 743
1694360539413 0.31854034571872586 744
1694360539465 0.31831876448694973 745
1694360539508 0.3180738926043079 746
1694360539534 0.31785929093558457 747
1694360539560 0.3176488021669694 748
1694360539586 0.31744822586907073 749
1694360539611 0.31722011683208967 750
1694360539636 0.317007730622284 751
1694360539660 0.31677385781821005 752
1694360539706 0.31652193096005216 753
1694360539729 0.3163314678344381 754
1694360539752 0.31611889451150066 755
1694360539776 0.31593066643397194 756
1694360539800 0.3157111506242473 757
1694360539823 0.31549579363078556 758
1694360539860 0.3152738836134655 759
1694360539884 0.31502805685301283 760
1694360539908 0.3148138487304672 761
1694360539937 0.3145740036548469 762
1694360539962 0.31434915644642564 763
1694360539985 0.3141617767899079 764
1694360540010 0.3139231416612682 765
1694360540034 0.3137103517226992 766
1694360540060 0.3134730082461796 767
1694360540089 0.3132601309816804 768
1694360540115 0.31306262722761113 769
1694360540138 0.312854344374312 770
1694360540162 0.3126507541414311 771
1694360540186 0.3124364318358379 772
1694360540212 0.31220469073809604 773
1694360540237 0.3119975927467483 774
1694360540261 0.3117747352233361 775
1694360540289 0.31158109132735834 776
1694360540313 0.3113789870860897 777
1694360540337 0.3111738161405931 778
1694360540363 0.31094889819233373 779
1694360540389 0.31071158161024176 780
1694360540412 0.3104933530320556 781
1694360540443 0.3102719638310616 782
1694360540468 0.31005161198057507 783
1694360540494 0.30981058615215573 784
1694360540518 0.3095893347754224 785
1694360540542 0.3093899699003347 786
1694360540571 0.309180709316672 787
1694360540599 0.30894972358386813 788
1694360540622 0.30874989679359977 789
1694360540649 0.3085513912702611 790
1694360540675 0.3083337180058453 791
1694360540699 0.3081559517347889 792
1694360540722 0.3079343544727453 793
1694360540748 0.30774106634981185 794
1694360540775 0.3075261383602295 795
1694360540803 0.30733056058835434 796
1694360540830 0.3071263738133343 797
1694360540856 0.30691817839276575 798
1694360540884 0.30670684454589653 799
1694360540915 0.3065039532451483 800
1694360540944 0.3063107596925577 801
1694360540969 0.3060956939219691 802
1694360540996 0.3058859445375143 803
1694360541022 0.30564531444296644 804
1694360541048 0.30543843009983196 805
1694360541073 0.3052295548254665 806
1694360541103 0.3050472071150682 807
1694360541129 0.3048369912053583 808
1694360541155 0.304634583280856 809
1694360541211 0.30445569098392866 810
1694360541234 0.3042226479455535 811
1694360541258 0.30401504473450114 812
1694360541282 0.30380588920562984 813
1694360541310 0.3035984007500669 814
1694360541334 0.3034017143654145 815
1694360541357 0.30319510957951595 816
1694360541380 0.30299104851087744 817
1694360541404 0.30278043501645235 818
1694360541434 0.30259010534017944 819
1694360541460 0.30237366122965287 820
1694360541483 0.3021828127264729 821
1694360541507 0.3019764910015764 822
1694360541616 0.30175109502804526 823
1694360541642 0.30156120493118094 824
1694360541668 0.3013579015750386 825
1694360541691 0.3011457369409698 826
1694360541740 0.30095932681644944 827
1694360541764 0.3007751225444688 828
1694360541788 0.30055297173818 829
1694360541812 0.3003690761169824 830
1694360541835 0.30015774878183044 831
1694360541859 0.2999565428454204 832
1694360541885 0.2997485929004119 833
1694360541909 0.29954083994466346 834
1694360541938 0.29937039804541543 835
1694360541964 0.2991598448094043 836
1694360541988 0.29894111180030886 837
1694360542014 0.298746557203964 838
1694360542039 0.298549422723771 839
1694360542063 0.2983631700454553 840
1694360542088 0.2981760321893378 841
1694360542112 0.2979766759627241 842
1694360542138 0.29777274733915515 843
1694360542166 0.2975801981006111 844
1694360542191 0.2973901152286913 845
1694360542219 0.2972202895557224 846
1694360542255 0.2970240223090722 847
1694360542283 0.29679662042209143 848
1694360542308 0.29661039944397916 849
1694360542331 0.29643590971168016 850
1694360542356 0.29622948044351394 851
1694360542380 0.2960190569069469 852
1694360542405 0.29581335157477917 853
1694360542432 0.29562530856746005 854
1694360542457 0.2954431233226693 855
1694360542480 0.2952656198435962 856
1694360542504 0.2950678128234581 857
1694360542529 0.29486283647010725 858
1694360542552 0.29467382899022915 859
1694360542578 0.29446760356888746 860
1694360542602 0.29427738729837133 861
1694360542627 0.29404648928432625 862
1694360542651 0.29385111804818964 863
1694360542679 0.2936597599696283 864
1694360542703 0.29346134626355364 865
1694360542728 0.2932630727458296 866
1694360542753 0.2930707073514 867
1694360542776 0.29290441845739273 868
1694360542802 0.2927181387670591 869
1694360542826 0.29249776123243965 870
1694360542850 0.29230457170201174 871
1694360542874 0.2920964740387189 872
1694360542901 0.2918910793092422 873
1694360542930 0.2917037660028126 874
1694360542954 0.2915214736773238 875
1694360542980 0.2913308190696149 876
1694360543004 0.2911396293217735 877
1694360543028 0.29097472601867647 878
1694360543052 0.29079008464505157 879
1694360543077 0.29060667383186295 880
1694360543105 0.29040814813745713 881
1694360543129 0.2902099009735313 882
1694360543154 0.2900095175796812 883
1694360543179 0.2898336496058033 884
1694360543207 0.28963216173985523 885
1694360543268 0.2894637415520607 886
1694360543293 0.28927968021510436 887
1694360543320 0.2890887575453523 888
1694360543348 0.2888930830699267 889
1694360543371 0.2887153724464762 890
1694360543394 0.28854282646966406 891
1694360543424 0.2883516199005792 892
1694360543449 0.28816021479483167 893
1694360543474 0.2879617577099779 894
1694360543498 0.28778866127137936 895
1694360543522 0.2876191080503815 896
1694360543709 0.28741522117390544 897
1694360543759 0.2872126190105007 898
1694360543782 0.2870078228772491 899
1694360543805 0.2868400632584779 900
1694360543832 0.2866648624993339 901
1694360543855 0.28651237735782475 902
1694360543890 0.2863099342576732 903
1694360543920 0.2861109728574924 904
1694360543945 0.28594876368932604 905
1694360543968 0.28575304855323375 906
1694360543993 0.285564976044442 907
1694360544016 0.2853801282046768 908
1694360544041 0.2851968101512316 909
1694360544066 0.2850123448121476 910
1694360544088 0.2848435688228639 911
1694360544112 0.2846630175646038 912
1694360544136 0.2844851353257853 913
1694360544162 0.2842897888422118 914
1694360544190 0.2840852765255157 915
1694360544217 0.2839000796513946 916
1694360544243 0.2837101938432931 917
1694360544269 0.2835205258713486 918
1694360544294 0.2833231116795318 919
1694360544323 0.28315314045047746 920
1694360544348 0.2829832801792457 921
1694360544373 0.28279735667251943 922
1694360544399 0.2826199172396012 923
1694360544429 0.28243168861345325 924
1694360544452 0.28224088723539875 925
1694360544477 0.28206682024037144 926
1694360544503 0.281865400439272 927
1694360544526 0.2816781139195095 928
1694360544550 0.28150911587132116 929
1694360544575 0.28133881589298226 930
1694360544599 0.2811638275385171 931
1694360544625 0.28097356578293353 932
1694360544650 0.28079703808274153 933
1694360544675 0.2806054516335847 934
1694360544704 0.28041836969794526 935
1694360544728 0.28025224903297635 936
1694360544753 0.2800796693031714 937
1694360544777 0.2799035641197217 938
1694360544814 0.27973140484202985 939
1694360544836 0.27954360909422216 940
1694360544860 0.2793653129334694 941
1694360544884 0.27918620772176816 942
1694360544908 0.2790051499643775 943
1694360544937 0.2788062504601815 944
1694360544961 0.2786221548376562 945
1694360544986 0.2784461633014854 946
1694360545009 0.27829911406242236 947
1694360545033 0.27813017487643327 948
1694360545056 0.27793257870664306 949
1694360545081 0.2777594916298634 950
1694360545105 0.2775636572926724 951
1694360545130 0.2773749093122913 952
1694360545157 0.27720358247802573 953
1694360545185 0.2770279715002207 954
1694360545212 0.2768350775992794 955
1694360545237 0.2766404130841573 956
1694360545292 0.2764674937496391 957
1694360545319 0.27629158231249745 958
1694360545344 0.2761050410485077 959
1694360545371 0.2759247207264628 960
1694360545394 0.2757549740143171 961
1694360545422 0.2755860237560298 962
1694360545446 0.2753947709735491 963
1694360545469 0.27522351513110654 964
1694360545494 0.27504139192001176 965
1694360545518 0.27487282382416345 966
1694360545541 0.274714956452761 967
1694360545565 0.2745476410293799 968
1694360545591 0.27437281729646057 969
1694360545617 0.27420305569063425 970
1694360545641 0.274038279222973 971
1694360545666 0.27387488790120107 972
1694360545691 0.27370467135369264 973
1694360545721 0.27353629599468854 974
1694360545752 0.2733547208798283 975
1694360545863 0.2731855314518945 976
1694360545890 0.27302412026887185 977
1694360545914 0.27287697143432904 978
1694360545944 0.2727114268305536 979
1694360545970 0.2725478361295418 980
1694360545994 0.2723815862004111 981
1694360546019 0.27222408610747156 982
1694360546043 0.2720798463514661 983
1694360546067 0.27193791396157074 984
1694360546090 0.2717848011848789 985
1694360546122 0.2716039145575053 986
1694360546145 0.271419056379877 987
1694360546169 0.2712464908715303 988
1694360546194 0.27107882231780245 989
1694360546224 0.2708954239260089 990
1694360546247 0.27076282685318304 991
1694360546272 0.270599245605411 992
1694360546296 0.2704005494838475 993
1694360546318 0.27023640350936107 994
1694360546343 0.27007074177737006 995
1694360546368 0.2699124957003214 996
1694360546392 0.26973408368719776 997
1694360546424 0.269568003658913 998
1694360546450 0.26940620453371794 999
1694360546474 0.26922590759808673 1000
1694360546499 0.26906308398202633 1001
1694360546522 0.2688912068372714 1002
1694360546547 0.2687275709216067 1003
1694360546572 0.2685736780515196 1004
1694360546597 0.26837571895561596 1005
1694360546623 0.2682255500048173 1006
1694360546646 0.2680917537084939 1007
1694360546672 0.26793736383314426 1008
1694360546696 0.2677891102102358 1009
1694360546721 0.26761489188958154 1010
1694360546745 0.2674435959951488 1011
1694360546769 0.26726328193257554 1012
1694360546794 0.2671097937299646 1013
1694360546818 0.26694407930051883 1014
1694360546841 0.2667709547231134 1015
1694360546865 0.26663287198942376 1016
1694360546892 0.2664764409958262 1017
1694360546923 0.266302314175499 1018
1694360546950 0.2661399468160032 1019
1694360546974 0.2659830009444553 1020
1694360547005 0.2658430068731862 1021
1694360547040 0.2656799773759099 1022
1694360547064 0.2655125541962044 1023
1694360547088 0.26534314510282275 1024
1694360547115 0.2652017453040235 1025
1694360547139 0.2650393630505873 1026
1694360547164 0.2648692276092909 1027
1694360547188 0.2647263442427752 1028
1694360547214 0.2645519605408578 1029
1694360547237 0.2643905123712499 1030
1694360547259 0.26423519257258266 1031
1694360547283 0.26408592680323867 1032
1694360547338 0.26392132374854294 1033
1694360547362 0.2637578183040325 1034
1694360547386 0.2635684051013049 1035
1694360547408 0.263420818875913 1036
1694360547442 0.26325176601720396 1037
1694360547467 0.2630747733807298 1038
1694360547491 0.26289949167456883 1039
1694360547516 0.26273281541250365 1040
1694360547542 0.2625665500985262 1041
1694360547566 0.2624149754862912 1042
1694360547591 0.2622438911033661 1043
1694360547615 0.2620819945122187 1044
1694360547639 0.2619111587727669 1045
1694360547664 0.26174617205311285 1046
1694360547689 0.2615676046920813 1047
1694360547713 0.26138501692278737 1048
1694360547737 0.26124474718217183 1049
1694360547762 0.2610813508280124 1050
1694360547785 0.2609121412663343 1051
1694360547918 0.26073483391685787 1052
1694360547941 0.2605704780966182 1053
1694360547964 0.2604262302362276 1054
1694360547987 0.26025979418963585 1055
1694360548012 0.26010322285385895 1056
1694360548037 0.2599548930059153 1057
1694360548061 0.2598078803107819 1058
1694360548086 0.25965754453895434 1059
1694360548109 0.25951578869839986 1060
1694360548134 0.2593603003722721 1061
1694360548158 0.2591947493413971 1062
1694360548183 0.2590437939851367 1063
1694360548208 0.2588797945531452 1064
1694360548234 0.2587271622209575 1065
1694360548261 0.25856890056678217 1066
1694360548286 0.25840318936657525 1067
1694360548325 0.2582384996308843 1068
1694360548348 0.25808700343660557 1069
1694360548374 0.25794659590696195 1070
1694360548399 0.2577914436837571 1071
1694360548430 0.25765047590587803 1072
1694360548454 0.25748743127483953 1073
1694360548480 0.25733396497919353 1074
1694360548505 0.25718094789997603 1075
1694360548529 0.257025483579651 1076
1694360548554 0.25687732883063114 1077
1694360548579 0.25671114050904076 1078
1694360548604 0.2565644208445959 1079
1694360548629 0.2564097287354412 1080
1694360548654 0.2562429767214998 1081
1694360548678 0.25607794846805426 1082
1694360548703 0.2559308355659072 1083
1694360548729 0.25576964942190655 1084
1694360548754 0.25562924081951843 1085
1694360548780 0.25546997518021597 1086
1694360548807 0.25530485660449065 1087
1694360548834 0.255164047706959 1088
1694360548860 0.255033143526921 1089
1694360548886 0.2548781078602019 1090
1694360548910 0.2547212791430732 1091
1694360548953 0.25457804776753773 1092
1694360548978 0.25443965635606824 1093
1694360549003 0.25430429619081424 1094
1694360549028 0.2541471390644917 1095
1694360549054 0.2539930750210472 1096
1694360549082 0.25383678130829934 1097
1694360549107 0.2536922806320853 1098
1694360549133 0.2535639912921045 1099
1694360549165 0.2534135145083187 1100
1694360549188 0.2532832372583714 1101
1694360549210 0.2531248768207406 1102
1694360549234 0.25296380858216594 1103
1694360549258 0.2528152740479731 1104
1694360549282 0.2526579516267778 1105
1694360549306 0.25250492617423076 1106
1694360549362 0.25235883925948516 1107
1694360549388 0.25220310232696086 1108
1694360549417 0.2520468259507095 1109
1694360549444 0.25190866241163923 1110
1694360549469 0.2517558994855084 1111
1694360549491 0.25160095860537823 1112
1694360549514 0.25148518405181924 1113
1694360549539 0.25134322132265335 1114
1694360549564 0.2511899225611481 1115
1694360549587 0.25104412830352496 1116
1694360549610 0.25088282173405996 1117
1694360549636 0.25074497162346826 1118
1694360549658 0.2506120602022219 1119
1694360549683 0.25046232233708454 1120
1694360549706 0.2503199354262582 1121
1694360549730 0.25016891688826887 1122
1694360549755 0.2500006013061527 1123
1694360549778 0.249860915211414 1124
1694360549801 0.2497068867451728 1125
1694360549825 0.24954542824787537 1126
1694360549872 0.24942342622478994 1127
1694360549895 0.24928753028109416 1128
1694360550003 0.24911789324934525 1129
1694360550027 0.24896433922467795 1130
1694360550993 0.24881800514648209 1131
1694360551636 0.2486641443700181 1132
1694360552631 0.24852875988205425 1133
1694360553363 0.24837754126319772 1134
1694360554820 0.24821378765543453 1135
1694360555991 0.2480696949562148 1136
1694360556802 0.24792670714156873 1137
1694360557703 0.24778804876235933 1138
1694360558218 0.247643758717473 1139
1694360559174 0.24749845816745114 1140
1694360560110 0.24734237958349076 1141
1694360560969 0.2472031968966736 1142
1694360561775 0.2470768795132765 1143
1694360562599 0.24693413931293454 1144
1694360563719 0.24679620472447925 1145
1694360564875 0.24665810903919147 1146
1694360565877 0.2465343489049212 1147
1694360566692 0.24638149261282982 1148
1694360567258 0.24626299089272702 1149
1694360568046 0.24611386116207895 1150
1694360569098 0.2459691296195978 1151
1694360570114 0.24581716050828945 1152
1694360570727 0.24567590996046584 1153
1694360571460 0.24553514144844296 1154
1694360572168 0.2454025978792505 1155
1694360573060 0.24525267037992118 1156
1694360573599 0.24512078036239274 1157
1694360574295 0.24497999359695596 1158
1694360575058 0.244855187177211 1159
1694360575509 0.24471205635637902 1160
1694360576642 0.24456911097393302 1161
1694360577469 0.24441314486714064 1162
1694360578050 0.24426916591808537 1163
1694360578520 0.2441342207612117 1164
1694360579294 0.2439935487341996 1165
1694360580116 0.2438568408614933 1166
1694360580783 0.2437342508767928 1167
1694360582388 0.2435710502275186 1168
1694360583950 0.24341882236104415 1169
1694360584904 0.24329394614680352 1170
1694360586312 0.2431576659678287 1171
1694360587451 0.24300986059250707 1172
1694360588583 0.2428783069517038 1173
1694360589499 0.24273419930824705 1174
1694360590578 0.24259756119043696 1175
1694360592251 0.242451424852406 1176
1694360593030 0.24230562483921803 1177
1694360593742 0.2421680982366141 1178
1694360594939 0.24201034022489176 1179
1694360595596 0.2418658265415988 1180
1694360596789 0.24171200323458564 1181
1694360597745 0.2415642514424681 1182
1694360598942 0.24142622425836935 1183
1694360599772 0.24127597270782258 1184
1694360601477 0.24113511343664318 1185
1694360602048 0.24099315462751159 1186
1694360603051 0.24084202257110923 1187
1694360603778 0.24071582385707002 1188
1694360604697 0.24058723870875812 1189
1694360605665 0.24043532222435512 1190
1694360606524 0.24029819580244835 1191
1694360607093 0.24017850096916818 1192
1694360607123 0.24004709667600807 1193
1694360607147 0.2398941041681353 1194
1694360607174 0.2397674967704106 1195
1694360607254 0.23963530931940988 1196
1694360607314 0.23951035692366093 1197
1694360607337 0.23937179291559313 1198
1694360607362 0.23922640132895623 1199
1694360607389 0.23909227143654968 1200
1694360607419 0.23895537359148297 1201
1694360607442 0.23883636432789657 1202
1694360607465 0.23871247515755487 1203
1694360607491 0.23856453660715324 1204
1694360607515 0.2384209887834426 1205
1694360607540 0.23827635313803935 1206
1694360607564 0.23814813754439287 1207
1694360607589 0.2380146411474299 1208
1694360607612 0.23790362342815297 1209
1694360607637 0.23776218116384262 1210
1694360607662 0.237613396768782 1211
1694360607686 0.23747477005082146 1212
1694360607712 0.23733924569253298 1213
1694360607734 0.23720535543021762 1214
1694360607758 0.23706353491325108 1215
1694360607783 0.236941561169322 1216
1694360607808 0.23682048513141044 1217
1694360607831 0.23667366612384727 1218
1694360607855 0.23653996610550382 1219
1694360607880 0.2364053101082317 1220
1694360607909 0.23626650006110061 1221
1694360607939 0.23613418279052623 1222
1694360607962 0.2360118693204272 1223
1694360607984 0.23586310296546684 1224
1694360608009 0.2357209275501975 1225
1694360608037 0.23558929999349748 1226
1694360608064 0.235454106904043 1227
1694360608088 0.23531490679433972 1228
1694360608112 0.2351811894187093 1229
1694360608136 0.23504101899004579 1230
1694360608160 0.23492912605129074 1231
1694360608184 0.23479250976522448 1232
1694360608220 0.23464589407392858 1233
1694360608246 0.23452547825335482 1234
1694360608268 0.23438095087469332 1235
1694360608292 0.23424107934805044 1236
1694360608316 0.2341027003722661 1237
1694360608340 0.23395992225198076 1238
1694360608365 0.23382863042166507 1239
1694360608388 0.23369541961995116 1240
1694360608423 0.23356253738185007 1241
1694360608476 0.23343750222225892 1242
1694360608501 0.23328699314007784 1243
1694360608524 0.2331573342106958 1244
1694360608548 0.23302425579397792 1245
1694360608575 0.23287680889335302 1246
1694360608602 0.23274749980463233 1247
1694360608626 0.23261791391531825 1248
1694360608651 0.23249474274763116 1249
1694360608676 0.23235031727932923 1250
1694360608703 0.2322188779656623 1251
1694360608728 0.23209194800360422 1252
1694360608752 0.23196689923384198 1253
1694360608776 0.23184019418102372 1254
1694360608803 0.23171261998273984 1255
1694360608828 0.23158192467271832 1256
1694360608877 0.23145617955427872 1257
1694360608899 0.23134427318717773 1258
1694360608928 0.23120837535536906 1259
1694360608954 0.23109520789428778 1260
1694360608978 0.23096040306472318 1261
1694360609002 0.23083064814738063 1262
1694360609025 0.2307105783549299 1263
1694360609048 0.23059166264694186 1264
1694360609077 0.23047554086274805 1265
1694360609101 0.23035953461205674 1266
1694360609124 0.2302374745871366 1267
1694360609150 0.2301007420882304 1268
1694360609175 0.22996959234335917 1269
1694360609198 0.22984080474604004 1270
1694360609221 0.22969682957735835 1271
1694360609246 0.2295728657869598 1272
1694360609269 0.22943461763794262 1273
1694360609374 0.2293085874224238 1274
1694360609400 0.2291834545553362 1275
1694360609429 0.22905849949704513 1276
1694360609452 0.22894068113802793 1277
1694360609477 0.22879686568040603 1278
1694360609502 0.22868295933200078 1279
1694360609524 0.22856077539272096 1280
1694360609549 0.2284350799629984 1281
1694360609572 0.22831626830369908 1282
1694360609598 0.22817775863129952 1283
1694360609623 0.22804791331338686 1284
1694360609647 0.22792858917487918 1285
1694360609672 0.22778568118797024 1286
1694360609698 0.22767073181241604 1287
1694360609722 0.2275396299267366 1288
1694360609747 0.22741247016710997 1289
1694360609770 0.2272887692514327 1290
1694360609793 0.22714659008075871 1291
1694360609817 0.22702585074871398 1292
1694360609843 0.226914661429192 1293
1694360609866 0.2267992430895697 1294
1694360609891 0.22667444759127625 1295
1694360609917 0.22653985405156338 1296
1694360609954 0.22640556227801206 1297
1694360609978 0.22627320729360545 1298
1694360610002 0.22615052338737365 1299
1694360610026 0.22601497923140884 1300
1694360610052 0.22590432386216283 1301
1694360610079 0.22577061819150177 1302
1694360610102 0.225639305037187 1303
1694360610140 0.22550532809444498 1304
1694360610171 0.22537106709480417 1305
1694360610196 0.22523350683026527 1306
1694360610222 0.22511083083416858 1307
1694360610248 0.22498487702589945 1308
1694360610272 0.22484941033015543 1309
1694360610299 0.22471217744280353 1310
1694360610326 0.2245681886454589 1311
1694360610350 0.22444186548708003 1312
1694360610374 0.2243178398340273 1313
1694360610401 0.22420298101318606 1314
1694360610435 0.22407279584396056 1315
1694360610457 0.2239509274347547 1316
1694360610512 0.22382709263738695 1317
1694360610534 0.223707715283983 1318
1694360610557 0.22359286938946726 1319
1694360610579 0.2234619725090115 1320
1694360610605 0.22334285587040814 1321
1694360610631 0.22321105629420207 1322
1694360610664 0.22309960480699084 1323
1694360610689 0.2229892621266398 1324
1694360610714 0.22286019470985857 1325
1694360610738 0.2227380729975919 1326
1694360610764 0.22263046002805748 1327
1694360610787 0.22248458947864053 1328
1694360610813 0.22235658758290774 1329
1694360610836 0.22222951344537917 1330
1694360610862 0.22210486142073346 1331
1694360610912 0.22197827769595882 1332
1694360610943 0.22185056182586993 1333
1694360610968 0.2217283938989921 1334
1694360610990 0.22161234903552704 1335
1694360611013 0.22149004988895857 1336
1694360611037 0.22136713613600806 1337
1694360611062 0.22124301198215857 1338
1694360611086 0.22112145918925874 1339
1694360611115 0.22098745140499068 1340
1694360611144 0.2208870273072811 1341
1694360611175 0.22076390361661288 1342
1694360611201 0.22064380256949517 1343
1694360611227 0.22052258616592155 1344
1694360611255 0.2204134889540405 1345
1694360611279 0.22030555677198776 1346
1694360611304 0.2201873134262059 1347
1694360611330 0.22005234557224795 1348
1694360611360 0.21991192297602255 1349
1694360611389 0.21978274017947874 1350
1694360611468 0.21966080302208746 1351
1694360611497 0.219527195318597 1352
1694360611526 0.2194176567536182 1353
1694360611552 0.21929187329211927 1354
1694360611577 0.21917724415596465 1355
1694360611602 0.21907833706433377 1356
1694360611627 0.21896387396855077 1357
1694360611653 0.21884600308620358 1358
1694360611679 0.21872905524319042 1359
1694360611705 0.21860661675458432 1360
1694360611729 0.21847342416082594 1361
1694360611755 0.21834524523555857 1362
1694360611780 0.2182163050097615 1363
1694360611805 0.21809523788332655 1364
1694360611829 0.2179740902827448 1365
1694360611854 0.21785267751957813 1366
1694360611879 0.21773727912741006 1367
1694360611906 0.21761503639458438 1368
1694360611937 0.21750977039818706 1369
1694360611962 0.21739239160499202 1370
1694360611987 0.21726860256412056 1371
1694360612013 0.21715876403885134 1372
1694360612039 0.2170337432981807 1373
1694360612067 0.21690782432008732 1374
1694360612091 0.21679429135474704 1375
1694360612116 0.21667186692126228 1376
1694360612144 0.21655179452953838 1377
1694360612169 0.21642405301990972 1378
1694360612197 0.21629608035184314 1379
1694360612238 0.2161729189793983 1380
1694360612264 0.21605486896206622 1381
1694360612288 0.21593998365825734 1382
1694360612313 0.21582314777532727 1383
1694360612336 0.21570686821591628 1384
1694360612361 0.21558779414704352 1385
1694360612384 0.21546353658162215 1386
1694360612415 0.21533254025100795 1387
1694360612437 0.21521280769186493 1388
1694360612461 0.21510058802812768 1389
1694360612489 0.21497845598789966 1390
1694360612514 0.21486939600347485 1391
1694360612569 0.21475570801029825 1392
1694360612593 0.21464284113803686 1393
1694360612616 0.21453199633173872 1394
1694360612639 0.2144176217100464 1395
1694360612667 0.2143022539591962 1396
1694360612692 0.2141777536348134 1397
1694360612716 0.21407060532959604 1398
1694360612739 0.21395853958763927 1399
1694360612764 0.21385719497733682 1400
1694360612789 0.2137408049015125 1401
1694360612813 0.21364479221131774 1402
1694360612837 0.21352913653907898 1403
1694360612863 0.21341355478583401 1404
1694360612887 0.2133065839646164 1405
1694360612938 0.21320869424775468 1406
1694360612961 0.21309692946550376 1407
1694360612986 0.21298012649682063 1408
1694360613010 0.21285482471250458 1409
1694360613038 0.21275195103185077 1410
1694360613062 0.2126540247719378 1411
1694360613228 0.2125359399038787 1412
1694360613264 0.2124160593327601 1413
1694360613288 0.21229946952285306 1414
1694360613312 0.21218504127274765 1415
1694360613337 0.21207997042190263 1416
1694360613361 0.21194742857016513 1417
1694360613386 0.2118291852679569 1418
1694360613409 0.2117160263303248 1419
1694360613438 0.21159349918125306 1420
1694360613463 0.211483152315854 1421
1694360613504 0.21137963086207123 1422
1694360613530 0.21125803216810346 1423
1694360613617 0.21113902129681555 1424
1694360613641 0.21101015352689095 1425
1694360613669 0.2109043705017736 1426
1694360613693 0.21078822966794958 1427
1694360613717 0.21065557023427808 1428
1694360613741 0.2105361397265792 1429
1694360613766 0.210425269262655 1430
1694360613792 0.21030877493796218 1431
1694360613816 0.2101887080948673 1432
1694360613840 0.21006096004544317 1433
1694360613864 0.20993957188832976 1434
1694360613890 0.20983128177863228 1435
1694360613921 0.2096973573172389 1436
1694360613946 0.2095885652980854 1437
1694360613969 0.209478350055988 1438
1694360613996 0.20937906362014738 1439
1694360614021 0.2092760795835829 1440
1694360614045 0.2091534661891186 1441
1694360614070 0.20905523296406545 1442
1694360614094 0.20894177046120405 1443
1694360614118 0.2088330062634352 1444
1694360614143 0.2087304742033572 1445
1694360614167 0.20862125969323886 1446
1694360614195 0.20848438373962278 1447
1694360614219 0.2083746145003438 1448
1694360614243 0.2082599722524924 1449
1694360614267 0.2081595611551345 1450
1694360614294 0.20804087025564172 1451
1694360614319 0.20791410260092869 1452
1694360614343 0.2078127685130207 1453
1694360614386 0.20769827854861692 1454
1694360614416 0.2075814949279082 1455
1694360614441 0.20747243673653462 1456
1694360614465 0.2073588728727846 1457
1694360614491 0.20725451610594764 1458
1694360614516 0.20714213629346148 1459
1694360614543 0.20703426485818271 1460
1694360614573 0.2069293058213717 1461
1694360614619 0.20682492208785377 1462
1694360614643 0.20670248347453146 1463
1694360614667 0.20659881602467375 1464
1694360614692 0.20648878316890085 1465
1694360614723 0.2063704357435512 1466
1694360614746 0.20626720982730903 1467
1694360614769 0.20615804121114173 1468
1694360614792 0.20604091879213443 1469
1694360614816 0.20593581036320124 1470
1694360614844 0.20582624652919707 1471
1694360614874 0.20572252923502896 1472
1694360614906 0.2056156188755487 1473
1694360614930 0.20549854506648238 1474
1694360614981 0.2053833901340973 1475
1694360615007 0.20528147869350785 1476
1694360615037 0.20518281313093473 1477
1694360615063 0.2050633763340814 1478
1694360615088 0.2049523169142141 1479
1694360615112 0.20485288309570485 1480
1694360615138 0.20473819037950886 1481
1694360615161 0.20465069319458234 1482
1694360615185 0.20453932490661275 1483
1694360615377 0.204432421791478 1484
1694360615410 0.20432304711384328 1485
1694360615433 0.20423287178562835 1486
1694360615457 0.2041318061590108 1487
1694360615483 0.2040220211504779 1488
1694360615507 0.2039043446553794 1489
1694360615530 0.2037869324873235 1490
1694360615554 0.20369670358669445 1491
1694360615580 0.20358071029455738 1492
1694360615791 0.2034691161727187 1493
1694360615817 0.2033623249178497 1494
1694360615840 0.20324527481324922 1495
1694360615863 0.20314573107269468 1496
1694360615889 0.2030432023660363 1497
1694360615915 0.20293350294395074 1498
1694360615944 0.2028270574849383 1499
1694360615968 0.2027177989671436 1500
1694360615993 0.2026056506049738 1501
1694360616019 0.20249555705099795 1502
1694360616044 0.20238025398914694 1503
1694360616068 0.2022826617499852 1504
1694360616094 0.20216978218829765 1505
1694360616121 0.2020706144988531 1506
1694360616147 0.2019732550021201 1507
1694360616191 0.2018663606973767 1508
1694360616212 0.20176267738667486 1509
1694360616252 0.20165603082752862 1510
1694360616279 0.20155338516658683 1511
1694360616303 0.2014337127015714 1512
1694360616326 0.20133448387318015 1513
1694360616350 0.20122832097776566 1514
1694360616380 0.20113484464961487 1515
1694360616423 0.20101412622130338 1516
1694360616446 0.20091497211240975 1517
1694360616469 0.20080477344857262 1518
1694360616492 0.20068274180071946 1519
1694360616516 0.20057954725672286 1520
1694360616541 0.20047507147424254 1521
1694360616566 0.20038080675915684 1522
1694360616591 0.2002644635592029 1523
1694360616645 0.2001658618078557 1524
1694360616668 0.20005702118424723 1525
1694360616692 0.19994474884659316 1526
1694360616716 0.19983029020943632 1527
1694360616742 0.19971801888082294 1528
1694360616765 0.19962602249351138 1529
1694360616789 0.19952066238578142 1530
1694360616812 0.19941632755231484 1531
1694360616836 0.1993114156096836 1532
1694360616859 0.19920141020354637 1533
1694360616884 0.19910364821331145 1534
1694360616906 0.1990199907478898 1535
1694360616937 0.19891782115566284 1536
1694360616963 0.19881402830335493 1537
1694360616986 0.19871621687300323 1538
1694360617036 0.19860807573067463 1539
1694360617058 0.19850669472524943 1540
1694360617080 0.1983899054419578 1541
1694360617102 0.19829232465441834 1542
1694360617128 0.19819099546510469 1543
1694360617153 0.19808132965964578 1544
1694360617177 0.19797244236334807 1545
1694360617201 0.19787400356617807 1546
1694360617227 0.1977677624034742 1547
1694360617253 0.19766793125032658 1548
1694360617281 0.1975609930033769 1549
1694360617306 0.19744458977238263 1550
1694360617332 0.19733805949769923 1551
1694360617357 0.19723130435574107 1552
1694360617385 0.19712699717633417 1553
1694360617412 0.1970185181040369 1554
1694360617442 0.19692231146024433 1555
1694360617467 0.19682851583158845 1556
1694360617494 0.1967076863894527 1557
1694360617523 0.19660606576557513 1558
1694360617548 0.19648858294759614 1559
1694360617572 0.19639829757207797 1560
1694360617599 0.1963041103345932 1561
1694360617625 0.19620552092846485 1562
1694360617653 0.19612339591968553 1563
1694360617684 0.19601388898308583 1564
1694360617713 0.1959076512651453 1565
1694360617739 0.19581495110691943 1566
1694360617772 0.1957028270879482 1567
1694360617799 0.19559959911724373 1568
1694360617828 0.1954844294529264 1569
1694360617921 0.1953865719802689 1570
1694360617945 0.1952814914079316 1571
1694360617972 0.19518009129441927 1572
1694360617996 0.19507979868403238 1573
1694360618021 0.19498740908976922 1574
1694360618046 0.19489132061089787 1575
1694360618069 0.19478189262532478 1576
1694360618094 0.19468853303143474 1577
1694360618116 0.1946150690857667 1578
1694360618140 0.19451860660264203 1579
1694360618164 0.19441488703562768 1580
1694360618188 0.19430966324727672 1581
1694360618212 0.19420625415070678 1582
1694360618235 0.194113281862736 1583
1694360618261 0.19400391012865595 1584
1694360618284 0.19390447138928435 1585
1694360618309 0.1937948546503767 1586
1694360618333 0.19369217608112857 1587
1694360618357 0.19359189728333384 1588
1694360618383 0.1934921059042101 1589
1694360618408 0.1934048326867567 1590
1694360618441 0.19330770219463497 1591
1694360618469 0.19319095792651841 1592
1694360618495 0.193094508925814 1593
1694360618520 0.19298680478724428 1594
1694360618545 0.19290946287586863 1595
1694360618571 0.19280179303636033 1596
1694360618600 0.19270105460448228 1597
1694360618625 0.19259565824774805 1598
1694360618681 0.19249263624833263 1599
1694360618705 0.19240438968646728 1600
1694360618729 0.19230613071807498 1601
1694360618756 0.19219710851607819 1602
1694360618780 0.19210358951717932 1603
1694360618802 0.19200412971881806 1604
1694360618826 0.19190356215426324 1605
1694360618849 0.19181099739090135 1606
1694360618875 0.19172059100311223 1607
1694360618898 0.19161143215604767 1608
1694360618929 0.19150378428015047 1609
1694360618953 0.19140386501594223 1610
1694360618976 0.19129618036758145 1611
1694360619002 0.19119154589811774 1612
1694360619054 0.1911019172205141 1613
1694360619079 0.19099801829796328 1614
1694360619103 0.190897314795138 1615
1694360619127 0.19080226427272662 1616
1694360619155 0.19070717246281768 1617
1694360619177 0.19061245894989362 1618
1694360619203 0.1905099371991863 1619
1694360619227 0.1904029998573725 1620
1694360619250 0.1902962991920873 1621
1694360619273 0.19020683874765115 1622
1694360619302 0.1901057040590169 1623
1694360619327 0.19000353466051023 1624
1694360619351 0.18989999233414484 1625
1694360619377 0.1898067419192848 1626
1694360619402 0.18971807546547925 1627
1694360619433 0.1896241102583072 1628
1694360619458 0.18952667677991075 1629
1694360619484 0.1894287937127742 1630
1694360619508 0.18934163765493625 1631
1694360619535 0.18923958751505993 1632
1694360619561 0.18915124803411829 1633
1694360619587 0.18905333715605546 1634
1694360619612 0.18894899595417433 1635
1694360619638 0.18885122952692138 1636
1694360619667 0.1887371565416957 1637
1694360619692 0.18864472152015757 1638
1694360619720 0.1885397852028736 1639
1694360619746 0.18844873287108657 1640
1694360619771 0.18836055181321293 1641
1694360619797 0.1882605433811438 1642
1694360619822 0.1881618792675935 1643
1694360619850 0.18806875192615038 1644
1694360619876 0.18797248398255476 1645
1694360619920 0.18787471766611605 1646
1694360620045 0.1877663762636869 1647
1694360620074 0.18766843375222267 1648
1694360620097 0.18757728657296585 1649
1694360620121 0.1874792973657829 1650
1694360620143 0.1873924374673069 1651
1694360620168 0.18729502209023427 1652
1694360620193 0.18719764615383477 1653
1694360620216 0.1871052713388771 1654
1694360620239 0.18701540661587335 1655
1694360620276 0.1869130140882082 1656
1694360620301 0.1868154535688201 1657
1694360620325 0.18671682259669675 1658
1694360620348 0.1866193935308465 1659
1694360620371 0.18651192235371336 1660
1694360620395 0.18643137323219824 1661
1694360620427 0.1863262899443368 1662
1694360620450 0.18623136039736998 1663
1694360620472 0.18615048822306718 1664
1694360620496 0.18605395712759273 1665
1694360620520 0.18595730557514073 1666
1694360620544 0.18585842510999667 1667
1694360620571 0.1857696498347651 1668
1694360620595 0.18567443138063192 1669
1694360620619 0.18556789594204515 1670
1694360620642 0.18547187794415046 1671
1694360620667 0.18536432712694512 1672
1694360620721 0.18525047962711755 1673
1694360620742 0.1851552498335897 1674
1694360620766 0.18505398563148476 1675
1694360620798 0.18496504066200647 1676
1694360620834 0.18487616169562607 1677
1694360620861 0.18477878545478146 1678
1694360620885 0.18468722549341943 1679
1694360620915 0.18458939747813077 1680
1694360620941 0.18449969241979797 1681
1694360620966 0.1844046434230319 1682
1694360620991 0.18430403441949395 1683
1694360621017 0.18420407232920252 1684
1694360621041 0.1840986846083753 1685
1694360621092 0.18400988179478717 1686
1694360621119 0.18391403451430013 1687
1694360621141 0.18382209774532576 1688
1694360621168 0.18373382245855358 1689
1694360621219 0.18364269541231643 1690
1694360621242 0.18354550259785565 1691
1694360621265 0.18346332605149718 1692
1694360621287 0.1833676470867577 1693
1694360621315 0.1832843535533517 1694
1694360621339 0.18318253293778583 1695
1694360621363 0.1830953498289262 1696
1694360621388 0.1829984234633416 1697
1694360621420 0.18290941550390294 1698
1694360621447 0.1828090227718093 1699
1694360621470 0.1827241985457248 1700
1694360621494 0.18263596515015604 1701
1694360621523 0.18254688909676564 1702
1694360621547 0.1824616041801509 1703
1694360621573 0.18238559749141225 1704
1694360621597 0.1823033926415781 1705
1694360621622 0.1822170452022011 1706
1694360621646 0.18213451500701663 1707
1694360621672 0.182028126269912 1708
1694360621699 0.18192886090729385 1709
1694360621724 0.18183787438701562 1710
1694360621750 0.1817398100695198 1711
1694360621777 0.18165918195886757 1712
1694360621802 0.18156115553250504 1713
1694360621831 0.18146148633939857 1714
1694360621856 0.18138212210314636 1715
1694360621882 0.18129241771839014 1716
1694360621907 0.1811995075498715 1717
1694360621940 0.18110791300609616 1718
1694360621965 0.18101018998751633 1719
1694360621996 0.1809088072314397 1720
1694360622072 0.18081202758489318 1721
1694360622140 0.18071647629944387 1722
1694360622162 0.1806293869938096 1723
1694360622185 0.18052900613035514 1724
1694360622213 0.18044008291516275 1725
1694360622239 0.18033999219031602 1726
1694360622264 0.18026484856860417 1727
1694360622290 0.1801625618083406 1728
1694360622315 0.18006480200017896 1729
1694360622338 0.17996683808081776 1730
1694360622361 0.17987379457827377 1731
1694360622384 0.17977645325450037 1732
1694360622413 0.17967301135031913 1733
1694360622438 0.17957487705516062 1734
1694360622462 0.17949033902844938 1735
1694360622832 0.1840986846083753 1736
