1694357456919 1.9112559708306016 0
1694357456960 1.874921114145196 1
1694357457001 1.8420563924212046 2
1694357457040 1.8104302335875366 3
1694357457075 1.7807909723099327 4
1694357457101 1.7523693454119451 5
1694357457131 1.7256789309932483 6
1694357457250 1.7002696761228009 7
1694357457284 1.675533048762924 8
1694357457316 1.652075670673125 9
1694357457454 1.6292915710513898 10
1694357457481 1.6075080341345855 11
1694357457516 1.5863146803010502 12
1694357457594 1.565990996771489 13
1694357457624 1.5463117985547978 14
1694357457680 1.5274009805526911 15
1694357457711 1.5087165595684287 16
1694357457739 1.4908607470585264 17
1694357457771 1.4735261253239045 18
1694357457799 1.4565848639000682 19
1694357457829 1.4405003527272324 20
1694357457864 1.4244690709162704 21
1694357457910 1.4089654058178318 22
1694357457942 1.3938859672965624 23
1694357457975 1.3790751474994862 24
1694357458003 1.364702393145773 25
1694357458035 1.3505486792144346 26
1694357458066 1.33662319411213 27
1694357458097 1.3230397452074951 28
1694357458147 1.3099312423843747 29
1694357458201 1.2972204328005554 30
1694357458237 1.2846402468952056 31
1694357458267 1.272290509675846 32
1694357458296 1.2603801393942367 33
1694357458326 1.2486699404780877 34
1694357458354 1.237214589884323 35
1694357458392 1.2259230816822837 36
1694357458421 1.2149289440079016 37
1694357458451 1.204289835563015 38
1694357458480 1.1937752305110656 39
1694357458510 1.1833800736601565 40
1694357458541 1.1731959330819481 41
1694357458569 1.1634330402767594 42
1694357458599 1.153603549990022 43
1694357458649 1.144027150281406 44
1694357458679 1.1346302145200973 45
1694357458709 1.1253626972579254 46
1694357458744 1.1163356366020276 47
1694357458783 1.1073460967606459 48
1694357458816 1.0986956845800642 49
1694357458847 1.0901929249927578 50
1694357458877 1.0818996138058432 51
1694357458913 1.0736837106364574 52
1694357458944 1.0656240754984876 53
1694357458974 1.057760149151578 54
1694357459003 1.0500078982901229 55
1694357459037 1.042295372382858 56
1694357459065 1.034798394896923 57
1694357459096 1.0273136257954323 58
1694357459126 1.0199992935902624 59
1694357459161 1.0128580827274436 60
1694357459188 1.0057898373571295 61
1694357459329 0.9988779247605227 62
1694357459360 0.9921373822529641 63
1694357459399 0.9853346129458661 64
1694357459429 0.9788019473556858 65
1694357459459 0.9723358387153778 66
1694357459487 0.9659981039660446 67
1694357459520 0.9598126508969407 68
1694357459549 0.9537381903550085 69
1694357459580 0.947699675746616 70
1694357459610 0.9417380870511188 71
1694357459646 0.9357912876929959 72
1694357459678 0.9300171780927167 73
1694357459705 0.9242615469747087 74
1694357459741 0.9186106838544417 75
1694357459769 0.9129957036630951 76
1694357459802 0.9076192738170239 77
1694357459843 0.9022719175852616 78
1694357459873 0.8969984070210647 79
1694357459905 0.8918329949820568 80
1694357459935 0.886750807241524 81
1694357459964 0.8817336850953323 82
1694357459996 0.8767487157345408 83
1694357460049 0.8719152013705104 84
1694357460080 0.8670866270438045 85
1694357460118 0.8622621853665897 86
1694357460150 0.8576276090928978 87
1694357460181 0.8530637179395252 88
1694357460247 0.8485400404949353 89
1694357460278 0.8440285496655682 90
1694357460305 0.8396225898511278 91
1694357460339 0.8353314226732471 92
1694357460374 0.8311089869650063 93
1694357460411 0.8268689724434504 94
1694357460437 0.8226805539300933 95
1694357460469 0.8185501604076555 96
1694357460497 0.8146285795827594 97
1694357460527 0.8107224423052755 98
1694357460563 0.8067542038378359 99
1694357460759 0.8028752058239 100
1694357460786 0.799022545529773 101
1694357460817 0.7952939324620671 102
1694357460847 0.7915306130605368 103
1694357460879 0.7878732231737853 104
1694357460910 0.7842382921348013 105
1694357460952 0.7807343658304232 106
1694357460988 0.777233779571029 107
1694357461030 0.7736581249297599 108
1694357461066 0.7701606009516033 109
1694357461099 0.7667609167130938 110
1694357461132 0.7633508932172709 111
1694357461166 0.7600510589339327 112
1694357461200 0.7568531233444965 113
1694357461240 0.7536200176824698 114
1694357461307 0.7504124382718063 115
1694357461454 0.7473337738634885 116
1694357461485 0.7442834496019184 117
1694357461515 0.7411767466462388 118
1694357461546 0.7381648847647838 119
1694357461577 0.7352009644431339 120
1694357461618 0.7322262399404029 121
1694357461650 0.7293624113497013 122
1694357461681 0.7264583545316339 123
1694357461719 0.7235956755330187 124
1694357461750 0.7207688382904403 125
1694357461780 0.717961342586622 126
1694357461818 0.7152436811533368 127
1694357461855 0.7125007816796027 128
1694357461895 0.7098449726279864 129
1694357461932 0.707123982946933 130
1694357461965 0.7044975852274138 131
1694357462003 0.7019220222101109 132
1694357462033 0.6994692036142655 133
1694357462065 0.6969150422911224 134
1694357462096 0.6944422178426597 135
1694357462129 0.6919668200599238 136
1694357462160 0.6895271801784569 137
1694357462190 0.6870524320862773 138
1694357462219 0.6846650012560628 139
1694357462271 0.6822757523167892 140
1694357462304 0.6799266362424145 141
1694357462334 0.6776454370330645 142
1694357462368 0.6753625713326081 143
1694357462417 0.6731398303975977 144
1694357462516 0.6709290886391946 145
1694357462551 0.6688034194643651 146
1694357462583 0.6665719575528996 147
1694357462614 0.6643957307316107 148
1694357462645 0.662287099782642 149
1694357462675 0.6601633569159744 150
1694357462704 0.6580937736518694 151
1694357462736 0.6560681738653613 152
1694357462766 0.6540939409467352 153
1694357462798 0.6520526942572249 154
1694357462830 0.6500386087402854 155
1694357462863 0.6480602383838056 156
1694357462898 0.646106449590132 157
1694357462931 0.6442097554193374 158
1694357462986 0.6422849679085009 159
1694357463019 0.6403848467772943 160
1694357463051 0.6384494477247253 161
1694357463085 0.6365760892744141 162
1694357463115 0.6347001687465283 163
1694357463153 0.6328998491099482 164
1694357463182 0.6311201140873586 165
1694357463218 0.6293398032137478 166
1694357463248 0.6275971798696552 167
1694357463278 0.6258514099339292 168
1694357463333 0.6240755896748768 169
1694357463363 0.6224013801893986 170
1694357463397 0.6207222727749102 171
1694357463593 0.6190475751630486 172
1694357463642 0.617387877917698 173
1694357463672 0.615710443057812 174
1694357463705 0.6140498341843573 175
1694357463735 0.612420627255488 176
1694357463766 0.610755476447719 177
1694357463800 0.6091308009445936 178
1694357463831 0.6075354866770442 179
1694357463862 0.6059750384545838 180
1694357463905 0.6044278559475651 181
1694357463936 0.602886229295652 182
1694357463969 0.6013594708408717 183
1694357464000 0.5998471013510985 184
1694357464031 0.5983763356889926 185
1694357464073 0.5968529243943451 186
1694357464102 0.5953725929270506 187
1694357464134 0.5939286974172128 188
1694357464165 0.5924354874478625 189
1694357464199 0.5910149026005123 190
1694357464237 0.5895384854500432 191
1694357464301 0.5881343713812031 192
1694357464332 0.5867425213673622 193
1694357464363 0.5853260347320792 194
1694357464401 0.5839251054327644 195
1694357464434 0.5825971516403678 196
1694357464465 0.5812611622936026 197
1694357464496 0.5799365182128259 198
1694357464526 0.5786244752519232 199
1694357464554 0.5773046464878712 200
1694357464586 0.576008397774052 201
1694357464621 0.5746532741883099 202
1694357464650 0.5733723143404678 203
1694357464681 0.5720661789172962 204
1694357464718 0.5708094829103983 205
1694357464749 0.5695910890743053 206
1694357464790 0.5683539314143063 207
1694357464818 0.5671148670416746 208
1694357464858 0.5659068780209169 209
1694357464898 0.5647055629206402 210
1694357464928 0.5635100725348278 211
1694357464974 0.562311496491755 212
1694357465009 0.5611528872481564 213
1694357465037 0.559969931301887 214
1694357465067 0.5588173328710199 215
1694357465098 0.5576865712604022 216
1694357465132 0.5565532071516802 217
1694357465163 0.5554003748159918 218
1694357465194 0.5542775267746636 219
1694357465224 0.5531751655341871 220
1694357465253 0.5520983434743889 221
1694357465284 0.5509551570222407 222
1694357465315 0.5498688900596286 223
1694357465376 0.5487982125466155 224
1694357465409 0.547746339094922 225
1694357465436 0.5466571994033567 226
1694357465467 0.5455365280211433 227
1694357465496 0.5445206470995766 228
1694357465526 0.5434705882951936 229
1694357465553 0.5424239241166302 230
1694357465730 0.5414236188363393 231
1694357465759 0.5404580974053402 232
1694357465787 0.5394422537975575 233
1694357465820 0.5384672039145212 234
1694357465849 0.5374693699427041 235
1694357465881 0.536498727759355 236
1694357465912 0.5355019797969491 237
1694357465948 0.5345267312155079 238
1694357465977 0.533527161833211 239
1694357466004 0.5325912114986733 240
1694357466034 0.5316279658276716 241
1694357466065 0.5307056508966685 242
1694357466094 0.529774763037218 243
1694357466121 0.5288412700927514 244
1694357466151 0.5278960383942332 245
1694357466241 0.5269403661725783 246
1694357466273 0.5260484848436728 247
1694357466331 0.5251237854541525 248
1694357466363 0.5242335255507296 249
1694357466401 0.5233121360327385 250
1694357466432 0.5224021622854949 251
1694357466463 0.521496658746834 252
1694357466498 0.5206498740529405 253
1694357466532 0.519756101587746 254
1694357466563 0.5188908285197478 255
1694357466596 0.5180071379046508 256
1694357466629 0.5171494577630789 257
1694357466662 0.516301382339621 258
1694357466693 0.5154612495299777 259
1694357466732 0.5146201758503737 260
1694357466769 0.5137865509050284 261
1694357466804 0.5129745322844227 262
1694357466838 0.5121576494776309 263
1694357466870 0.5113389790733098 264
1694357466903 0.5105183682209089 265
1694357466936 0.5097174134875715 266
1694357466967 0.5089138259146291 267
1694357466999 0.5080949532830713 268
1694357467029 0.5072738640833651 269
1694357467062 0.5065009796665694 270
1694357467092 0.5056973597853707 271
1694357467121 0.5049185668444083 272
1694357467150 0.5041479903359491 273
1694357467183 0.5033866657123641 274
1694357467215 0.5025859053636744 275
1694357467247 0.5018512388943899 276
1694357467278 0.5010933343878247 277
1694357467310 0.5003048132493696 278
1694357467341 0.49955959375146647 279
1694357467401 0.4988138999340486 280
1694357467433 0.49809465551145343 281
1694357467464 0.4973525345785103 282
1694357467493 0.49659460295651475 283
1694357467519 0.4958949741936955 284
1694357467548 0.49517277013666094 285
1694357467579 0.49444243373140373 286
1694357467608 0.49369876749317404 287
1694357467694 0.49293010902609835 288
1694357467761 0.49220080033401403 289
1694357467796 0.4914879953527305 290
1694357467836 0.4907845943247642 291
1694357467868 0.4900830027180312 292
1694357467902 0.48940816538599285 293
1694357467931 0.4887150990908479 294
1694357467964 0.48802952288549006 295
1694357467993 0.487371603979221 296
1694357468021 0.4866990371953818 297
1694357468050 0.48602064538981915 298
1694357468082 0.48534881568701743 299
1694357468113 0.48466873449964193 300
1694357468142 0.48401363724637514 301
1694357468169 0.48336600133219465 302
1694357468200 0.482700707217532 303
1694357468230 0.48204112805642496 304
1694357468260 0.48138529120227275 305
1694357468297 0.48072096280588716 306
1694357468325 0.48007806715992424 307
1694357468413 0.4794533958322319 308
1694357468444 0.47880397916867207 309
1694357468477 0.47815873504154793 310
1694357468508 0.477539152395799 311
1694357468538 0.4769220757021474 312
1694357468568 0.47626820134926057 313
1694357468598 0.4756472005039645 314
1694357468633 0.47500331005290486 315
1694357468662 0.4743738501085424 316
1694357468694 0.47375621568022225 317
1694357468721 0.4731482998275567 318
1694357468751 0.4725237333895116 319
1694357468781 0.4719288336966661 320
1694357468810 0.47134314778822933 321
1694357468844 0.47076367321342044 322
1694357468876 0.47016654288730514 323
1694357468911 0.4695464845481406 324
1694357468940 0.4689570208315613 325
1694357468983 0.46834831843137226 326
1694357469012 0.4677798570255472 327
1694357469041 0.46721606112492853 328
1694357469077 0.4666108397042451 329
1694357469112 0.46605372328338435 330
1694357469148 0.4654546509918578 331
1694357469184 0.4648570227428851 332
1694357469214 0.4642678622109257 333
1694357469301 0.46366159967709786 334
1694357469332 0.4630980110489205 335
1694357469375 0.46250575497142854 336
1694357469429 0.4619779894053383 337
1694357469463 0.4614162720378001 338
1694357469497 0.46081479280413074 339
1694357469537 0.46023795262102385 340
1694357469566 0.45966483936050473 341
1694357469600 0.45913806130457063 342
1694357469633 0.45861132981024555 343
1694357469663 0.45809770792031085 344
1694357469698 0.4575589825344083 345
1694357469734 0.456997631745123 346
1694357469814 0.45645067054868127 347
1694357469853 0.45590591884102666 348
1694357469914 0.4553374043790956 349
1694357469953 0.45480036630737297 350
1694357469993 0.4542920406514395 351
1694357470024 0.45380420971126517 352
1694357470054 0.45328492217194455 353
1694357470086 0.4527499526610832 354
1694357470116 0.45224897073455517 355
1694357470147 0.45172323479923876 356
1694357470178 0.4512119161901448 357
1694357470209 0.45068540747114527 358
1694357470242 0.4501793922595735 359
1694357470268 0.44965857555192534 360
1694357470304 0.44913197309391345 361
1694357470347 0.44859958580951426 362
1694357470416 0.44812569014380715 363
1694357470452 0.4475876042496517 364
1694357470487 0.447115732628956 365
1694357470520 0.446556301008997 366
1694357470550 0.44606320672304794 367
1694357470582 0.44559016412679636 368
1694357470616 0.44509158596788057 369
1694357470646 0.4446077454373779 370
1694357470687 0.4441076254114167 371
1694357470715 0.44361453717549765 372
1694357470745 0.4431393816940736 373
1694357470771 0.44268758467093805 374
1694357470799 0.4422220898668919 375
1694357470827 0.44172488751367495 376
1694357470859 0.4412838803803402 377
1694357470893 0.44079983407797413 378
1694357470921 0.4403178609474727 379
1694357470952 0.4398283346461863 380
1694357470981 0.43932419446500537 381
1694357471015 0.43881153163248543 382
1694357471045 0.43834559538836765 383
1694357471070 0.43788330236953193 384
1694357471098 0.4374376008694342 385
1694357471129 0.4369909666869237 386
1694357471158 0.4365277980453177 387
1694357471185 0.43606539335807165 388
1694357471220 0.43563359577512756 389
1694357471249 0.4351835922970179 390
1694357471279 0.43475841116214387 391
1694357471310 0.4343128160168002 392
1694357471336 0.4338778927986217 393
1694357471383 0.43342876412736253 394
1694357471414 0.43298423231455274 395
1694357471512 0.4325270877952861 396
1694357471537 0.43205280364952287 397
1694357471569 0.4315951932255153 398
1694357471602 0.43115379771296947 399
1694357471632 0.4306764263728828 400
1694357471663 0.43021173211097374 401
1694357471699 0.4297340074494945 402
1694357471729 0.4292546204407214 403
1694357471757 0.4288137249501151 404
1694357471789 0.4284069446351257 405
1694357471817 0.42798632414857823 406
1694357471969 0.4275698720390778 407
1694357472040 0.4271106459283935 408
1694357472070 0.42667380542807415 409
1694357472103 0.42625281421758926 410
1694357472143 0.42576826209322743 411
1694357472173 0.4253778670889294 412
1694357472209 0.4249679662532864 413
1694357472252 0.42452765210489435 414
1694357472285 0.4240702541275322 415
1694357472316 0.423663118776266 416
1694357472349 0.4232447517940672 417
1694357472386 0.4228063265159064 418
1694357472471 0.42238316923605784 419
1694357472502 0.4219629646018557 420
1694357472541 0.4215377177084133 421
1694357472570 0.42107989531418916 422
1694357472601 0.42065341212433893 423
1694357472631 0.4202300056511062 424
1694357472660 0.41982619023029916 425
1694357472688 0.4193827463760805 426
1694357472715 0.41898932333001415 427
1694357472749 0.41856537177478054 428
1694357472778 0.4181542546672857 429
1694357472814 0.4177082485274509 430
1694357472849 0.4173234588733592 431
1694357472892 0.4169053739438096 432
1694357472920 0.4164855138522907 433
1694357472955 0.4160907011769826 434
1694357473002 0.41567552425636295 435
1694357473042 0.41527940516431655 436
1694357473071 0.41489055812955444 437
1694357473103 0.4144814667985799 438
1694357473136 0.4140996458356546 439
1694357473173 0.41371363884650175 440
1694357473207 0.4133199553439188 441
1694357473235 0.4129172015428257 442
1694357473266 0.412516066314751 443
1694357473301 0.41209184574176305 444
1694357473334 0.41168550301554646 445
1694357473368 0.4113045427332372 446
1694357473410 0.4109187549250506 447
1694357473443 0.4105309668659058 448
1694357473499 0.4101653901978716 449
1694357473528 0.40977501000528355 450
1694357473559 0.409396824176833 451
1694357473593 0.40902500141713294 452
1694357473620 0.40863957655022765 453
1694357473649 0.4082482412105136 454
1694357473679 0.40789065296797505 455
1694357473706 0.40752641438733794 456
1694357473735 0.4071720578220363 457
1694357473764 0.4068421562562126 458
1694357473795 0.40647394863540776 459
1694357473822 0.4061008321991046 460
1694357473851 0.405735969682569 461
1694357473885 0.40534616629535763 462
1694357473916 0.4049795637384928 463
1694357473946 0.40460282131238695 464
1694357473977 0.4042309387167745 465
1694357474209 0.4038612901410459 466
1694357474498 0.4035008792774365 467
1694357474526 0.40312789453191106 468
1694357474551 0.4028060420376472 469
1694357474591 0.4024470653092047 470
1694357474619 0.40208666334105436 471
1694357474658 0.40171435199053546 472
1694357474685 0.4013538760595598 473
1694357474714 0.4009626628535546 474
1694357474744 0.40062043578103684 475
1694357474779 0.4002622115820015 476
1694357474804 0.3999021431479781 477
1694357474831 0.3995608402477469 478
1694357474862 0.39921438037040596 479
1694357474948 0.39885075574917545 480
1694357474977 0.39848587961474435 481
1694357475008 0.39815271674350694 482
1694357475042 0.3978273093033187 483
1694357475071 0.39744450505568324 484
1694357475109 0.3971008683985879 485
1694357475147 0.3967470365437988 486
1694357475182 0.396423184663112 487
1694357475218 0.39604379106830884 488
1694357475252 0.3957123966824104 489
1694357475286 0.3953347852911988 490
1694357475319 0.39498566625612314 491
1694357475351 0.39465419888481784 492
1694357475388 0.39430409347172507 493
1694357475425 0.39397183518410434 494
1694357475460 0.39362807327035626 495
1694357475517 0.3932832684067351 496
1694357475549 0.39296515354678174 497
1694357475580 0.39262956327340404 498
1694357475612 0.3923265593792768 499
1694357475727 0.3923265593792768 500
