1694356096263 1.911073775051164 0
1694356096981 1.8744299169026646 1
1694356098117 1.841571881589343 2
1694356099215 1.8099558342036937 3
1694356099962 1.7803085926992104 4
1694356101078 1.7522617847351725 5
1694356102438 1.7254122122273439 6
1694356103321 1.699941514831035 7
1694356103778 1.6753393382247215 8
1694356104088 1.6516251761332181 9
1694356104509 1.6288789110515 10
1694356105509 1.6070422368481192 11
1694356106777 1.5857869743157906 12
1694356107603 1.5653826456693027 13
1694356108624 1.5457332935638408 14
1694356109338 1.5267389870915227 15
1694356109807 1.5080347296819185 16
1694356110571 1.4901156306292003 17
1694356110712 1.4727385910414323 18
1694356110736 1.4557310099367011 19
1694356110760 1.4395554408650757 20
1694356110786 1.4233418051685431 21
1694356110813 1.4077319231667227 22
1694356110845 1.392720506925152 23
1694356110871 1.3778810268977963 24
1694356110897 1.3634646245426283 25
1694356110923 1.3493235150227207 26
1694356110948 1.3353564253672223 27
1694356110974 1.3217511881053345 28
1694356111032 1.308551880137504 29
1694356111058 1.2958677377130816 30
1694356111083 1.283311015861361 31
1694356111136 1.2709762235074749 32
1694356111160 1.2589524445390983 33
1694356111204 1.2472622066011698 34
1694356111233 1.2358027899143587 35
1694356111262 1.2243951550580163 36
1694356111317 1.213455495382681 37
1694356111372 1.2026996720329552 38
1694356111405 1.1921420723628149 39
1694356111430 1.1818871322658058 40
1694356111455 1.1716894029480385 41
1694356111480 1.1619335442975298 42
1694356111506 1.1521772361295612 43
1694356111532 1.1425638718989106 44
1694356111558 1.1331711420571853 45
1694356111585 1.1238516978112691 46
1694356111617 1.114903759085883 47
1694356111647 1.1058724478256556 48
1694356111675 1.097238797208409 49
1694356111703 1.0887385479569798 50
1694356111730 1.0803615638730868 51
1694356111758 1.0721154450132409 52
1694356111785 1.0639776332716415 53
1694356111812 1.0561128800194646 54
1694356111840 1.0482993667044376 55
1694356111867 1.0406183269893365 56
1694356111894 1.033068657377852 57
1694356111921 1.0255668727052345 58
1694356111948 1.0183064574037377 59
1694356111975 1.0112056608844495 60
1694356112003 1.004097638693622 61
1694356112027 0.9971787192288819 62
1694356112052 0.9904118878701443 63
1694356112079 0.9835838499861751 64
1694356112105 0.9770603182279118 65
1694356112130 0.9706450496955892 66
1694356112155 0.9643001177286 67
1694356112182 0.9580591615175467 68
1694356112206 0.9518460631493559 69
1694356112231 0.9458070392211619 70
1694356112256 0.9398874736814012 71
1694356112282 0.9340185962488573 72
1694356112309 0.9282613723172871 73
1694356112334 0.9225072479184371 74
1694356112363 0.9168140144040205 75
1694356112388 0.9112155846774049 76
1694356112415 0.9058474938312516 77
1694356112441 0.9004996639216953 78
1694356112466 0.8951956485546013 79
1694356112492 0.8900272653363183 80
1694356112520 0.8849437691191679 81
1694356112546 0.8799453062001744 82
1694356112572 0.87493590936525 83
1694356112598 0.8700605467571021 84
1694356112625 0.8652682682537376 85
1694356112652 0.8604604253929683 86
1694356112677 0.8558118065820984 87
1694356112703 0.8512178640810778 88
1694356112729 0.8466945219880281 89
1694356112758 0.8422413233784191 90
1694356112785 0.8378488807732722 91
1694356112812 0.8335792239434069 92
1694356112839 0.829332910094679 93
1694356112866 0.825152673920485 94
1694356112894 0.8209534495424943 95
1694356112922 0.8168426077077845 96
1694356112948 0.8128792198176493 97
1694356112978 0.8089543829650915 98
1694356113010 0.8050386383220363 99
1694356113061 0.8012003226208658 100
1694356113086 0.7973748246313236 101
1694356113110 0.7936435579675368 102
1694356113134 0.789899359053554 103
1694356113188 0.7862241246594326 104
1694356113216 0.7825911664248764 105
1694356113242 0.779067348678767 106
1694356113269 0.7755533502795956 107
1694356113295 0.771988171739234 108
1694356113321 0.7685120734276727 109
1694356113346 0.7651131451001544 110
1694356113383 0.7616656998052478 111
1694356113411 0.7583607137531477 112
1694356113478 0.7551895130740699 113
1694356113523 0.7519624117291398 114
1694356113551 0.7487964597206801 115
1694356113594 0.7456740931486536 116
1694356113698 0.7426343217006104 117
1694356113724 0.7395110791140143 118
1694356113750 0.7365027838578581 119
1694356113774 0.7335258283538536 120
1694356113800 0.7305139041581362 121
1694356113824 0.7276032012820889 122
1694356113849 0.7247172237926857 123
1694356113872 0.721866490931217 124
1694356113896 0.7190220890738251 125
1694356113919 0.7162449133220543 126
1694356113944 0.7134574662704715 127
1694356113966 0.7107814867104987 128
1694356113991 0.7081414009575715 129
1694356114015 0.7055096462722509 130
1694356114042 0.7028831562753876 131
1694356114066 0.700237123628649 132
1694356114090 0.6977471265804646 133
1694356114113 0.6952093629537656 134
1694356114136 0.692636078150345 135
1694356114161 0.6901744317961231 136
1694356114189 0.6877290241163193 137
1694356114267 0.6852319806438159 138
1694356114289 0.6828453867530927 139
1694356114315 0.6804986889327024 140
1694356114344 0.6781571047410389 141
1694356114367 0.6758483491454766 142
1694356114390 0.6735825524668413 143
1694356114414 0.6713511016310048 144
1694356114438 0.6691204755486685 145
1694356114463 0.6669479448206364 146
1694356114486 0.6647400277491243 147
1694356114510 0.6625733845018434 148
1694356114536 0.6604215817115393 149
1694356114560 0.6583347282698743 150
1694356114585 0.6562487356171154 151
1694356114609 0.6541811934007251 152
1694356114633 0.6522026802109785 153
1694356114657 0.6501418666583879 154
1694356114681 0.648091725002268 155
1694356114705 0.6461094692947945 156
1694356114729 0.6441615719604852 157
1694356114753 0.6422393988195637 158
1694356114778 0.6403070219072958 159
1694356114802 0.6384154396885351 160
1694356114826 0.6364743779707248 161
1694356114853 0.6346438436615377 162
1694356114879 0.632815981652296 163
1694356114902 0.6309805854197008 164
1694356114925 0.6291613820769961 165
1694356114972 0.6273471339041021 166
1694356114997 0.6255871073332481 167
1694356115020 0.6238011287218636 168
1694356115043 0.6220761304346362 169
1694356115090 0.6204075920522182 170
1694356115112 0.6186859263147236 171
1694356115135 0.6170255054787104 172
1694356115161 0.6153540322444054 173
1694356115184 0.6137172746525554 174
1694356115208 0.61210756316772 175
1694356115231 0.6105028561388468 176
1694356115258 0.6088529814016015 177
1694356115281 0.6072825374452024 178
1694356115306 0.6056778313394051 179
1694356115328 0.6041532812077359 180
1694356115354 0.6026385361332963 181
1694356115378 0.6010959187990677 182
1694356115400 0.5995693654936051 183
1694356115424 0.5980556549133385 184
1694356115448 0.5965584381107455 185
1694356115472 0.5950670077882907 186
1694356115496 0.5936100178193978 187
1694356115577 0.5921387825730325 188
1694356115636 0.5906775692466365 189
1694356115658 0.5892613760262684 190
1694356115683 0.5877771256691258 191
1694356115709 0.5863659574315775 192
1694356115735 0.5849840962095639 193
1694356115759 0.583572476439407 194
1694356115784 0.5822302926872053 195
1694356115808 0.5809060214636692 196
1694356115831 0.579548756751584 197
1694356115854 0.5781766350779479 198
1694356115878 0.576870935352462 199
1694356115900 0.5755640804478724 200
1694356115922 0.5742658976842081 201
1694356115945 0.572990179907253 202
1694356115969 0.5716684932209892 203
1694356115994 0.5704038509613664 204
1694356116017 0.5691460840369209 205
1694356116040 0.5678861988194175 206
1694356116063 0.5666120009974334 207
1694356116086 0.5654015555513742 208
1694356116110 0.5642591808130378 209
1694356116134 0.5630446236862922 210
1694356116159 0.5618481525870154 211
1694356116185 0.560658196880483 212
1694356116208 0.5595030370591482 213
1694356116234 0.5583383167744502 214
1694356116257 0.5571344203600129 215
1694356116280 0.555985053974609 216
1694356116305 0.5548306081316499 217
1694356116342 0.5536980524762241 218
1694356116365 0.5525733793674555 219
1694356116387 0.5514849825255426 220
1694356116411 0.5503860715022627 221
1694356116434 0.5492833884358622 222
1694356116457 0.548222456023 223
1694356116481 0.547148071696747 224
1694356116505 0.5460755624287089 225
1694356116528 0.5450030289859628 226
1694356116550 0.5439785622697839 227
1694356116573 0.5429003852198144 228
1694356116596 0.5418155296986127 229
1694356116619 0.5407721123088557 230
1694356116642 0.5397636830406113 231
1694356116665 0.5387409424759726 232
1694356116689 0.5377337094365937 233
1694356116712 0.5367204123112448 234
1694356116738 0.5357169307967451 235
1694356116761 0.5347124221799137 236
1694356116784 0.5337101334913561 237
1694356116830 0.5327121150486139 238
1694356116852 0.5317678337629709 239
1694356116874 0.5308242685303892 240
1694356116897 0.5298613539859937 241
1694356116920 0.5288971599242279 242
1694356116963 0.5279946331501068 243
1694356116985 0.5270390807303572 244
1694356117008 0.5261035686744359 245
1694356117032 0.5251593070042899 246
1694356117054 0.5242360697994068 247
1694356117078 0.5233164915945903 248
1694356117101 0.5224077457297828 249
1694356117128 0.5215021038873718 250
1694356117151 0.5206015724638126 251
1694356117173 0.5197046490835865 252
1694356117196 0.5188313541368448 253
1694356117219 0.517910099011449 254
1694356117247 0.5170131851980958 255
1694356117271 0.5161491229288058 256
1694356117295 0.515263104400568 257
1694356117318 0.5143989150765044 258
1694356117343 0.5135453289171362 259
1694356117367 0.5127060069455626 260
1694356117391 0.5118763151660469 261
1694356117415 0.5110530359308387 262
1694356117440 0.5102012046357609 263
1694356117463 0.5093691149193145 264
1694356117488 0.5085721293247027 265
1694356117511 0.5077811903175714 266
1694356117537 0.5069715740536828 267
1694356117561 0.5061747679362355 268
1694356117585 0.5053645368841657 269
1694356117609 0.5045519463302612 270
1694356117647 0.5037739724370786 271
1694356117732 0.5029777179398316 272
1694356117754 0.5022111933182359 273
1694356117776 0.5014800579616142 274
1694356117799 0.5007437907747775 275
1694356117823 0.4999765602375458 276
1694356117846 0.49925159987732237 277
1694356117868 0.4985123702661206 278
1694356117891 0.4977858369843182 279
1694356117914 0.49703030847569013 280
1694356117938 0.49629529790506666 281
1694356117960 0.49556995032020024 282
1694356117983 0.4948270045218093 283
1694356118008 0.4940934643689778 284
1694356118031 0.4933817227190538 285
1694356118055 0.4926683510461943 286
1694356118078 0.49195390648740556 287
1694356118101 0.49126591368852096 288
1694356118125 0.49052702925577757 289
1694356118148 0.4897956657097586 290
1694356118171 0.4891292238177522 291
1694356118194 0.48843567673510047 292
1694356118218 0.48772083590746135 293
1694356118242 0.4870247140217648 294
1694356118265 0.4863043754203834 295
1694356118288 0.48559436096368813 296
1694356118314 0.48491152458555836 297
1694356118337 0.48423024805463744 298
1694356118360 0.4835651491924146 299
1694356118383 0.48291322491866334 300
1694356118405 0.48226321030041075 301
1694356118428 0.4816347692111908 302
1694356118458 0.48095833737319454 303
1694356118482 0.48028643475352495 304
1694356118505 0.47963975086312344 305
1694356118527 0.4790413863844639 306
1694356118549 0.4783958298537448 307
1694356118577 0.47774668700109335 308
1694356118599 0.477112908405114 309
1694356118621 0.4764873923098228 310
1694356118812 0.4758566619702867 311
1694356118834 0.4751930735444906 312
1694356118857 0.47454632603798874 313
1694356118880 0.4739111903596992 314
1694356118903 0.4733161442967193 315
1694356118925 0.472695996414502 316
1694356118948 0.4720431545316508 317
1694356118973 0.47141124766481396 318
1694356119000 0.4707852824984941 319
1694356119024 0.4701922352435271 320
1694356119051 0.469581472224959 321
1694356119075 0.4689758727449852 322
1694356119099 0.4683810589200446 323
1694356119122 0.46778633246197876 324
1694356119144 0.46718653268766136 325
1694356119191 0.4666023594358534 326
1694356119212 0.46601859141805213 327
1694356119234 0.4654386016227001 328
1694356119255 0.46487183862067943 329
1694356119299 0.46428945870939 330
1694356119322 0.4637008544543789 331
1694356119344 0.46311870211056033 332
1694356119369 0.46253057789601354 333
1694356119392 0.4619404318868408 334
1694356119416 0.4613394359848104 335
1694356119440 0.46080158120725523 336
1694356119462 0.46022984384861104 337
1694356119486 0.45968675107942497 338
1694356119510 0.45910822382813843 339
1694356119535 0.45855361294985836 340
1694356119559 0.4579678177296121 341
1694356119587 0.4574214295054508 342
1694356119610 0.45687867143244665 343
1694356119634 0.45633664467510515 344
1694356119658 0.4558014586684563 345
1694356119681 0.45524505241259183 346
1694356119705 0.454689931772304 347
1694356119736 0.4541543234568889 348
1694356119787 0.45360419441887795 349
1694356119810 0.4530557392068483 350
1694356119875 0.4525215984416913 351
1694356119899 0.4520185329813402 352
1694356119921 0.4514961258796242 353
1694356119947 0.4509580869014772 354
1694356119970 0.45045956404700443 355
1694356119993 0.44996509734040163 356
1694356120015 0.4494432560019989 357
1694356120039 0.4489161776695073 358
1694356120062 0.44839836274297945 359
1694356120086 0.44789597376012624 360
1694356120108 0.4473952205637477 361
1694356120131 0.44690219255946756 362
1694356120154 0.44635201945513536 363
1694356120178 0.44585417463527316 364
1694356120201 0.44532768441083026 365
1694356120223 0.44482776398062146 366
1694356120247 0.4442915276476045 367
1694356120270 0.44378207099135264 368
1694356120292 0.443276205159967 369
1694356120314 0.4427918410596465 370
1694356120338 0.4422983529524621 371
1694356120361 0.44180206295884467 372
1694356120385 0.4412888092622095 373
1694356120407 0.44080191373263183 374
1694356120430 0.44030380357084287 375
1694356120457 0.4398461826496816 376
1694356120479 0.43940573455436843 377
1694356120503 0.43889801786244387 378
1694356120526 0.43842366634060764 379
1694356120550 0.43796173934228616 380
1694356120574 0.4374859766337385 381
1694356120597 0.4369968398747161 382
1694356120620 0.43649625753153953 383
1694356120647 0.4360198945138711 384
1694356120692 0.4355201276761722 385
1694356120713 0.43506145757061543 386
1694356120736 0.4346277123500197 387
1694356120759 0.43415353878154656 388
1694356120781 0.4336695115136292 389
1694356120804 0.4331989839002569 390
1694356120826 0.4327590907408166 391
1694356120848 0.4322958656383368 392
1694356120871 0.43183720063286 393
1694356120894 0.43135624509666876 394
1694356120917 0.43090090974865974 395
1694356120940 0.43042731308303545 396
1694356120966 0.4299753537283052 397
1694356120989 0.4295209781841566 398
1694356121012 0.4290878826633395 399
1694356121058 0.4286302724030425 400
1694356121080 0.4281768521008859 401
1694356121102 0.42769920090540486 402
1694356121124 0.4272478031101544 403
1694356121146 0.4267957171318612 404
1694356121169 0.4263763975430087 405
1694356121192 0.4259254680271605 406
1694356121214 0.42551019756182734 407
1694356121235 0.42510947386384 408
1694356121257 0.4246925596561747 409
1694356121281 0.42426976172750525 410
1694356121304 0.42382705471241805 411
1694356121327 0.42341821723651435 412
1694356121348 0.4229749932300445 413
1694356121370 0.42255722758574854 414
1694356121394 0.42211915805675154 415
1694356121417 0.42172980962497725 416
1694356121447 0.42129373790083585 417
1694356121471 0.42089227880114355 418
1694356121498 0.4204966530153545 419
1694356121523 0.42007408549782715 420
1694356121546 0.419662463157333 421
1694356121569 0.41925332875419463 422
1694356121593 0.4188525838530321 423
1694356121617 0.4184483398163244 424
1694356121640 0.4180227581977339 425
1694356121664 0.41761518982879875 426
1694356121689 0.41720646821035734 427
1694356121712 0.4167935503127556 428
1694356121736 0.41636639001026615 429
1694356121760 0.4159521633488728 430
1694356121783 0.41553686251775745 431
1694356121806 0.4151026632733426 432
1694356121831 0.41469053881256784 433
1694356121866 0.4142746877417139 434
1694356121941 0.4138853094329979 435
1694356121969 0.41347154251898877 436
1694356121996 0.4130714087476865 437
1694356122023 0.41266990525819053 438
1694356122047 0.4122413405862717 439
1694356122071 0.4118309067798376 440
1694356122094 0.41142949494598235 441
1694356122121 0.41099312846493485 442
1694356122147 0.4106017004039988 443
1694356122173 0.41017422398831177 444
1694356122198 0.40977731793073396 445
1694356122223 0.40939291496080027 446
1694356122249 0.4090337559909145 447
1694356122274 0.4086388487335058 448
1694356122297 0.40826364404265736 449
1694356122322 0.40786745168802474 450
1694356122347 0.40746403749005294 451
1694356122372 0.4070878122598804 452
1694356122396 0.40670632178505406 453
1694356122421 0.40633620627638717 454
1694356122445 0.40595090147321533 455
1694356122473 0.4055461668842983 456
1694356122510 0.40516350048207983 457
1694356122534 0.404790882803694 458
1694356122559 0.4044070103063504 459
1694356122583 0.4040318371229559 460
1694356122632 0.4036565796426117 461
1694356122665 0.4032756875860113 462
1694356122689 0.40287885477116603 463
1694356122715 0.4024975461819412 464
1694356122741 0.40212764307589627 465
1694356122777 0.4017925629728434 466
1694356122801 0.40143558859706113 467
1694356122825 0.40107415946606156 468
1694356122849 0.40070865239373515 469
1694356122874 0.4003425253642525 470
1694356122898 0.40001626309279265 471
1694356122924 0.3996398847878889 472
1694356122949 0.39927354490808714 473
1694356122973 0.39891276407876336 474
1694356123034 0.3985623457792155 475
1694356123057 0.3981922634436928 476
1694356123081 0.39782059489859833 477
1694356123107 0.39745525534983595 478
1694356123131 0.39709268614967813 479
1694356123157 0.3967323563712272 480
1694356123180 0.39635821287670786 481
1694356123206 0.39598888172755503 482
1694356123230 0.3956171537942193 483
1694356123256 0.3952896089971544 484
1694356123279 0.39496046131356577 485
1694356123303 0.3946021132326677 486
1694356123328 0.39425898748987054 487
1694356123353 0.39389839925083747 488
1694356123380 0.39353258402926955 489
1694356123404 0.3931775944389468 490
1694356123429 0.39282724254327306 491
1694356123454 0.39249690089583594 492
1694356123479 0.3921248180704799 493
1694356123503 0.3918004673541727 494
1694356123528 0.39148077112183416 495
1694356123553 0.39116150239139885 496
1694356123577 0.39080471667862243 497
1694356123603 0.3904370306919765 498
1694356123631 0.3900832201235722 499
1694356123656 0.3897869240067099 500
1694356123680 0.38944833594018036 501
1694356123705 0.38911044807941036 502
1694356123729 0.38876936872728257 503
1694356123757 0.3884507107689061 504
1694356123781 0.38812997626404994 505
1694356123808 0.38777411917347565 506
1694356123832 0.38744367879931796 507
1694356123857 0.38711748438900656 508
1694356123883 0.3867889838454672 509
1694356123907 0.3864654527336345 510
1694356123932 0.3861263268155868 511
1694356123956 0.3857923121599762 512
1694356124062 0.38548582424314154 513
1694356124089 0.38514938113539193 514
1694356124113 0.3848057536627452 515
1694356124138 0.3844778559757466 516
1694356124164 0.3841677548239056 517
1694356124190 0.3838329843502998 518
1694356124214 0.3835004907513219 519
1694356124239 0.3831497066845418 520
1694356124264 0.38282782251668224 521
1694356124288 0.3825119414143816 522
1694356124313 0.38215620208745377 523
1694356124338 0.38182351181225116 524
1694356124362 0.38151337525943363 525
1694356124386 0.3811930555129263 526
1694356124410 0.3808580288454949 527
1694356124435 0.38051562880214496 528
1694356124459 0.38017793860517984 529
1694356124485 0.3798469585328404 530
1694356124512 0.3795104000105232 531
1694356124537 0.37921184708144545 532
1694356124561 0.3788965139686825 533
1694356124585 0.3785945717207585 534
1694356124614 0.37830085737033137 535
1694356124662 0.37802444638699007 536
1694356124684 0.3777392535884804 537
1694356124711 0.37741890129279326 538
1694356124734 0.3771146809785553 539
1694356124760 0.37678200966964015 540
1694356124785 0.3764808920348962 541
1694356124809 0.37618741639845577 542
1694356124833 0.37588148745384287 543
1694356124859 0.37559566003583916 544
1694356124883 0.3753007254657589 545
1694356124907 0.37500842583420246 546
1694356124933 0.374696043226167 547
1694356124959 0.3743732615038247 548
1694356124983 0.37406930823261025 549
1694356125008 0.3737677509171579 550
1694356125033 0.3734672375254726 551
1694356125296 0.3731809967039416 552
1694356125409 0.3729018514929339 553
1694356125436 0.37255828355626713 554
1694356125459 0.37225215192451305 555
1694356125483 0.3719282558638965 556
1694356125507 0.37162104344700786 557
1694356125531 0.3713223549930126 558
1694356125555 0.37100651081943126 559
1694356125578 0.37074097754401353 560
1694356125603 0.37041495630301285 561
1694356125628 0.370139971022725 562
1694356125652 0.3698444368097017 563
1694356125677 0.3695480820046122 564
1694356125701 0.369264567586664 565
1694356125726 0.3689765321177277 566
1694356125751 0.36866268951022146 567
1694356125778 0.36839812192243176 568
1694356125802 0.36811739242849634 569
1694356125827 0.3678355808872945 570
1694356125853 0.3675400540018713 571
1694356125878 0.367237140798463 572
1694356125902 0.3669442776486486 573
1694356125927 0.36664237149607193 574
1694356125954 0.3663597643337349 575
1694356125980 0.366082052982857 576
1694356126005 0.3657944493290063 577
1694356126030 0.3654932256165156 578
1694356126140 0.3651992968400888 579
1694356126168 0.36490347175451743 580
1694356126194 0.36460674163131507 581
1694356126219 0.3643217826847917 582
1694356126243 0.3640188358444553 583
1694356126267 0.3637409104320699 584
1694356126291 0.36346845881763035 585
1694356126318 0.3631718651803437 586
1694356126342 0.3628852586771175 587
1694356126367 0.3626140692313733 588
1694356126393 0.36232789049604 589
1694356126419 0.36203371750711943 590
1694356126444 0.3617474094877236 591
1694356126470 0.3614719730463281 592
1694356126495 0.36119794679499534 593
1694356126530 0.36092851240333235 594
1694356126555 0.36064867032784537 595
1694356126580 0.3603719940384092 596
1694356126607 0.3600719956522165 597
1694356126633 0.3598027750845276 598
1694356126686 0.359459353074327 599
1694356126710 0.3591730498003141 600
1694356126733 0.3588919831453767 601
1694356126758 0.3586289361957031 602
1694356126785 0.3583535080800809 603
1694356126812 0.3580427823627356 604
1694356126835 0.3577339985310513 605
1694356126860 0.3574464951256019 606
1694356126885 0.35717031228748103 607
1694356126907 0.3569361350242228 608
1694356126933 0.35664706284332365 609
1694356126957 0.3563839337805719 610
1694356126984 0.3560917650468282 611
1694356127008 0.35582083157293887 612
1694356127033 0.3555818904526462 613
1694356127059 0.35531157391910856 614
1694356127108 0.35501305637913105 615
1694356127131 0.35473420607421374 616
1694356127155 0.3544723820555671 617
1694356127180 0.35420178162798893 618
1694356127203 0.35394571598624225 619
1694356127228 0.353679021561422 620
1694356127251 0.35345037028750154 621
1694356127277 0.3532063396903124 622
1694356127304 0.35296246513021273 623
1694356127328 0.35271955797292365 624
1694356127353 0.3524383030960983 625
1694356127376 0.35218241534784184 626
1694356127401 0.3519201841182686 627
1694356127425 0.3516463580117289 628
1694356127450 0.35138275222846466 629
1694356127476 0.3511323016582969 630
1694356127499 0.35087504418358634 631
1694356127525 0.3505841729312447 632
1694356127549 0.3503266432830611 633
1694356127574 0.3500527957820653 634
1694356127599 0.34980308574444835 635
1694356127625 0.34952207470815627 636
1694356127652 0.3492713670625302 637
1694356127678 0.3489972893240451 638
1694356127704 0.3487267771462641 639
1694356127730 0.34845584288852277 640
1694356127755 0.34819365788679724 641
1694356127784 0.3479192606700046 642
1694356127811 0.347642505216104 643
1694356127834 0.3473523623058975 644
1694356127858 0.34710684328023467 645
1694356127883 0.34684388948946826 646
1694356127908 0.34656980688103733 647
1694356127931 0.34633152192882555 648
1694356127955 0.3460843272098701 649
1694356127980 0.3458222950095984 650
1694356128007 0.3455324715292273 651
1694356128032 0.34528876034777667 652
1694356128057 0.34504132393002834 653
1694356128081 0.34479103017239526 654
1694356128105 0.3445471328935698 655
1694356128210 0.344279029054931 656
1694356128236 0.3440395307649893 657
1694356128259 0.34377029872075826 658
1694356128282 0.3435288641476501 659
1694356128305 0.3432737972611526 660
1694356128331 0.3430164641439059 661
1694356128361 0.34276734438256434 662
1694356128386 0.3425121064353184 663
1694356128411 0.3422328903644331 664
1694356128437 0.3419469178257108 665
1694356128464 0.3416670545493881 666
1694356128490 0.34138750791700206 667
1694356128519 0.34112408085987667 668
1694356128544 0.34086651620632913 669
1694356128570 0.34060280224914535 670
1694356128597 0.3403573900864012 671
1694356128623 0.34010136482743203 672
1694356128648 0.33986988012601443 673
1694356128674 0.3396387083314955 674
1694356128725 0.3394147546446604 675
1694356128748 0.33917070419012807 676
1694356128774 0.3389248810348047 677
1694356128798 0.3386829256580457 678
1694356128823 0.33843255801476047 679
1694356128846 0.33819119579660817 680
1694356128870 0.3379228259432409 681
1694356128893 0.33767400103074685 682
1694356128917 0.33744355609953325 683
1694356128940 0.3371670462530919 684
1694356128963 0.33693938402387547 685
1694356128986 0.33672018580348717 686
1694356129014 0.3364742376321946 687
1694356129038 0.3362383305429145 688
1694356129062 0.33601570326467833 689
1694356129087 0.33576631502892385 690
1694356129139 0.3355231452624817 691
1694356129165 0.3352934590698166 692
1694356129188 0.33503406306537814 693
1694356129212 0.3348043890070714 694
1694356129239 0.3345585572043495 695
1694356129263 0.33434255868509133 696
1694356129287 0.3340917862898862 697
1694356129310 0.33388022650510557 698
1694356129334 0.3336304523427273 699
1694356129363 0.3333838316995061 700
1694356129387 0.3331682084815727 701
1694356129410 0.33294906531874735 702
1694356129434 0.3327261536062571 703
1694356129462 0.3325047681079833 704
1694356129486 0.3322502822147517 705
1694356129510 0.33201012200302576 706
1694356129534 0.33179195335855016 707
1694356129561 0.3315476951460805 708
1694356129586 0.331309096758069 709
1694356129612 0.3310790967906846 710
1694356129638 0.33080585270134505 711
1694356129664 0.330567840528774 712
1694356129690 0.33032892620986104 713
1694356129720 0.33010118980880365 714
1694356129745 0.3298737119538848 715
1694356129770 0.3296406923796463 716
1694356129796 0.3294137507797959 717
1694356129824 0.3292023498716845 718
1694356129847 0.3289686356672526 719
1694356129871 0.3287313240780857 720
1694356129894 0.32854412327086185 721
1694356129921 0.3282829913838069 722
1694356129946 0.328034663030522 723
1694356129970 0.32780690074888685 724
1694356129995 0.32759756066171536 725
1694356130020 0.32737316091858226 726
1694356130045 0.3271654989002408 727
1694356130069 0.3269306483958552 728
1694356130094 0.32671399346754554 729
1694356130121 0.3264761088148775 730
1694356130148 0.3262185500157289 731
1694356130176 0.3259714881375767 732
1694356130211 0.3257182887944469 733
1694356130240 0.32549526795339506 734
1694356130319 0.3252704635584802 735
1694356130343 0.32503194586344103 736
1694356130367 0.3248398379507651 737
1694356130396 0.3245983371698842 738
1694356130422 0.32438902814766163 739
1694356130448 0.32416654482100005 740
1694356130474 0.3239435463040629 741
1694356130500 0.3237168546039363 742
1694356130526 0.32350625376679015 743
1694356130563 0.32325309306148475 744
1694356130588 0.3230237173479488 745
1694356130613 0.32279481339629895 746
1694356130641 0.32257315685753424 747
1694356130667 0.32231968622872864 748
1694356130693 0.3221083060851997 749
1694356130718 0.3218857436853645 750
1694356130746 0.32166668958597955 751
1694356130796 0.32144410319785033 752
1694356130821 0.3212115481474054 753
1694356130847 0.3209856855119053 754
1694356130871 0.3207562470218755 755
1694356130898 0.32054994435034034 756
1694356130921 0.32036150276510666 757
1694356130947 0.3201182381037137 758
1694356130973 0.319887702687986 759
1694356130997 0.31962783462605987 760
1694356131023 0.31938914789925615 761
1694356131047 0.3191820573212703 762
1694356131071 0.3189606784118325 763
1694356131096 0.3187133306294849 764
1694356131120 0.3185042212522443 765
1694356131145 0.3182759117533997 766
1694356131195 0.31804673710662795 767
1694356131219 0.31783749720098026 768
1694356131244 0.31761179452839755 769
1694356131268 0.31740108127218475 770
1694356131293 0.31719694582769165 771
1694356131320 0.3169928284139446 772
1694356131344 0.31677433697319063 773
1694356131368 0.3165324130371003 774
1694356131393 0.3163193916506483 775
1694356131422 0.31609423125303704 776
1694356131446 0.31586946860672493 777
1694356131470 0.31564438946717854 778
1694356131495 0.3154188342702967 779
1694356131518 0.31521665055288484 780
1694356131545 0.3150406040077359 781
1694356131569 0.31479095193684276 782
1694356131594 0.31455864393091054 783
1694356131618 0.314337714127881 784
1694356131646 0.314131338644569 785
1694356131672 0.31391926966278966 786
1694356131697 0.3137019725555769 787
1694356131722 0.31352117209682184 788
1694356131748 0.31331135251664666 789
1694356131775 0.31308808621855855 790
1694356131799 0.31288538315033526 791
1694356131825 0.3126615920006122 792
1694356131850 0.31245336169886295 793
1694356131879 0.31225931046896105 794
1694356131909 0.312071350539068 795
1694356131934 0.3118628903257727 796
1694356131958 0.31165079915363314 797
1694356131985 0.3114471551490232 798
1694356132011 0.31121866561277833 799
1694356132035 0.3110468850874044 800
1694356132061 0.3108895112383862 801
1694356132088 0.3106948546884249 802
1694356132114 0.31049453324948595 803
1694356132140 0.3102899419897085 804
1694356132166 0.31009074104249273 805
1694356132192 0.30987435504708527 806
1694356132218 0.30966065383654867 807
1694356132244 0.30944647538576037 808
1694356132269 0.30923283471155094 809
1694356132308 0.3089846327577981 810
1694356132373 0.30878741579185 811
1694356132433 0.30856785096218997 812
1694356132460 0.3083472920505534 813
1694356132485 0.3081312316628146 814
1694356132511 0.3079259504376483 815
1694356132535 0.30772189737993155 816
1694356132562 0.3075260532702663 817
1694356132586 0.307343311335688 818
1694356132628 0.30712651237493693 819
1694356132653 0.30690680023957706 820
1694356132678 0.306710409059 821
1694356132702 0.3064908933208114 822
1694356132726 0.3062667772397163 823
1694356132752 0.30605258261579554 824
1694356132814 0.3058290519460741 825
1694356132837 0.305634717392413 826
1694356132861 0.3054201039714478 827
1694356132891 0.30522917707665737 828
1694356132914 0.3050172362161731 829
1694356132939 0.30481971103351857 830
1694356132965 0.3046278325571793 831
1694356132989 0.3044396744083681 832
1694356133014 0.30423441278738617 833
1694356133037 0.30404945791396076 834
1694356133061 0.303854909753978 835
1694356133086 0.3036417283295835 836
1694356133110 0.3034691276247054 837
1694356133134 0.3033041121845363 838
1694356133159 0.3030925765812214 839
1694356133184 0.302896977952068 840
1694356133236 0.3027006272888927 841
1694356133258 0.3025153758057548 842
1694356133284 0.3022824211023546 843
1694356133308 0.3021015009355324 844
1694356133336 0.30189415654246976 845
1694356133360 0.30169407470446785 846
1694356133384 0.30148763711669285 847
1694356133409 0.30129323872446045 848
1694356133433 0.3011000372696896 849
1694356133456 0.30092240039393436 850
1694356133480 0.3007425799342296 851
1694356133504 0.30054889059481904 852
1694356133531 0.3003330065267109 853
1694356133555 0.30014557585348245 854
1694356133580 0.29996018667650026 855
1694356133604 0.29974893608458064 856
1694356133629 0.29954770363821076 857
1694356133654 0.299343495102447 858
1694356133679 0.2991306760596412 859
1694356133702 0.2989449401085301 860
1694356133725 0.2987608355700796 861
1694356133749 0.29858046811006 862
1694356133772 0.2983859428690615 863
1694356133798 0.2981552925523179 864
1694356133822 0.29794029180221554 865
1694356133849 0.29775145396178776 866
1694356133875 0.29752727518457245 867
1694356133901 0.29735813236618014 868
1694356133925 0.29713953384368497 869
1694356133948 0.2969635663368695 870
1694356133971 0.29675714454640867 871
1694356133997 0.2965831116493295 872
1694356134022 0.29639170490073946 873
1694356134046 0.29620100064998733 874
1694356134069 0.2960118707455673 875
1694356134093 0.29582789241406937 876
1694356134118 0.2956527535014374 877
1694356134142 0.29546269367099787 878
1694356134167 0.29526424073857405 879
1694356134192 0.2950673794525615 880
1694356134217 0.29486734293746436 881
1694356134241 0.29468579366382375 882
1694356134265 0.29450442523704146 883
1694356134289 0.29432540992542156 884
1694356134315 0.2941304902243362 885
1694356134340 0.29394041360201884 886
1694356134367 0.29377011959842103 887
1694356134392 0.29358017690887617 888
1694356134426 0.2934054196199333 889
1694356134512 0.29321654928876023 890
1694356134534 0.293013545646547 891
1694356134562 0.2928163315904229 892
1694356134596 0.29262251231481134 893
1694356134620 0.29243080429708623 894
1694356134644 0.29224525466653345 895
1694356134670 0.29205422119416563 896
1694356134695 0.2918709377101599 897
1694356134720 0.29167157925753384 898
1694356134744 0.29144540119436924 899
1694356134768 0.29125259954185934 900
1694356134793 0.29108706107661014 901
1694356134829 0.2908795323522734 902
1694356134865 0.29070533620942823 903
1694356134888 0.29052838323080904 904
1694356134913 0.2903660164184152 905
1694356134936 0.2901906482706254 906
1694356134985 0.29000342087060776 907
1694356135010 0.28980817626315175 908
1694356135034 0.2896299939805881 909
1694356135061 0.2894601896606631 910
1694356135088 0.28925707146361895 911
1694356135111 0.2890574067874979 912
1694356135136 0.28886251794931617 913
1694356135162 0.28868163218991094 914
1694356135186 0.288474023543773 915
1694356135210 0.2882772701343792 916
1694356135233 0.28808068820303695 917
1694356135283 0.2879065477762403 918
1694356135306 0.2877328333135878 919
1694356135333 0.28754395954423695 920
1694356135358 0.28735364395509866 921
1694356135381 0.28716917341748016 922
1694356135406 0.2869876086955984 923
1694356135430 0.28679632096469027 924
1694356135454 0.28661491365626834 925
1694356135478 0.2864569508202368 926
1694356135502 0.28626230390316737 927
1694356135526 0.2860813688092352 928
1694356135550 0.2858911596033073 929
1694356135573 0.2857213028020134 930
1694356135600 0.2855264721546166 931
1694356135624 0.2853507616844728 932
1694356135649 0.2851715248176954 933
1694356135674 0.2849857305876415 934
1694356135698 0.2848078354322562 935
1694356135721 0.28463922108939105 936
1694356135746 0.28444175475131656 937
1694356135773 0.2842628160116449 938
1694356135797 0.28408055096131174 939
1694356135824 0.2838782256818345 940
1694356135850 0.2836920106731387 941
1694356135876 0.2835128274463098 942
1694356135903 0.2833522867447554 943
1694356135929 0.28318143637935445 944
1694356135955 0.2830188267582306 945
1694356135981 0.2828425328778111 946
1694356136007 0.2826731742134835 947
1694356136033 0.2825132943606541 948
1694356136057 0.2823455774239927 949
1694356136081 0.2821908472250568 950
1694356136110 0.282032479354724 951
1694356136134 0.2818544041097063 952
1694356136159 0.2816720144197892 953
1694356136186 0.2814900183792144 954
1694356136213 0.2813028536970197 955
1694356136238 0.2811283341451488 956
1694356136267 0.2809642161400648 957
1694356136302 0.28078787899866653 958
1694356136330 0.28061615455400934 959
1694356136357 0.2804454058505138 960
1694356136381 0.2802760986337501 961
1694356136407 0.2800981502840706 962
1694356136432 0.2799331629319772 963
1694356136458 0.2797671020819426 964
1694356136484 0.2796084557078178 965
1694356136600 0.2794218565622912 966
1694356136626 0.2792482326292922 967
1694356136649 0.27905421906036115 968
1694356136672 0.27889262455447633 969
1694356136699 0.2787050577768822 970
1694356136722 0.2785390221668676 971
1694356136745 0.27838440276811843 972
1694356136769 0.27820865313091353 973
1694356136792 0.27805293598508557 974
1694356136815 0.2778879895235935 975
1694356136841 0.27768421490938183 976
1694356136890 0.27751636277436154 977
1694356136914 0.27734961442898065 978
1694356136939 0.2772100001649137 979
1694356136962 0.27705094559705457 980
1694356136984 0.2768963401611961 981
1694356137008 0.2767102968224699 982
1694356137033 0.2765310333697068 983
1694356137057 0.2763603787009474 984
1694356137081 0.2761868566948508 985
1694356137104 0.2760563201971629 986
1694356137128 0.27587561877599526 987
1694356137156 0.275723958328439 988
1694356137181 0.27554359096914344 989
1694356137204 0.27538060502462136 990
1694356137227 0.27521161663052934 991
1694356137251 0.2750240718611375 992
1694356137301 0.2748940335687366 993
1694356137328 0.2747201578177149 994
1694356137377 0.274537930988476 995
1694356137405 0.27436582045039937 996
1694356137428 0.2741995810368008 997
1694356137452 0.2740387989538614 998
1694356137475 0.27386570436366603 999
1694356137502 0.2737120100874048 1000
1694356137525 0.27355043609314555 1001
1694356137551 0.2733643974550375 1002
1694356137574 0.27317851181986097 1003
1694356137598 0.273021761905983 1004
1694356137623 0.2728737571372221 1005
1694356137648 0.27271232428228415 1006
1694356137673 0.2725215665444839 1007
1694356137697 0.2723607360458308 1008
1694356137720 0.2721770246757581 1009
1694356137746 0.27202456118480606 1010
1694356137770 0.2718770926651131 1011
1694356137795 0.2717111401345313 1012
1694356137819 0.27154400812381163 1013
1694356137843 0.2713591340990182 1014
1694356137868 0.2711811779886726 1015
1694356137893 0.2710046820713706 1016
1694356137922 0.2708281927800821 1017
1694356137948 0.2706538040669334 1018
1694356137970 0.2704870220707882 1019
1694356137992 0.2703232119550563 1020
1694356138015 0.27016226126940984 1021
1694356138038 0.2700090477512219 1022
1694356138062 0.269832100112538 1023
1694356138085 0.269676459552774 1024
1694356138109 0.26952535893325236 1025
1694356138133 0.26936870902488763 1026
1694356138155 0.26920554441761085 1027
1694356138179 0.2690422276377042 1028
1694356138202 0.26890776183656884 1029
1694356138226 0.26876360306865194 1030
1694356138249 0.2686500363394234 1031
1694356138272 0.2684906572656518 1032
1694356138297 0.26833685476540026 1033
1694356138323 0.26816534285293636 1034
1694356138347 0.2680062417150966 1035
1694356138373 0.2678337126433012 1036
1694356138399 0.2676889405988297 1037
1694356138427 0.26751345813477034 1038
1694356138450 0.26733763297882196 1039
1694356138474 0.2671906592811262 1040
1694356138497 0.26704019007986934 1041
1694356138520 0.2669008460274802 1042
1694356138546 0.26673548542180237 1043
1694356138569 0.26657491297090824 1044
1694356138609 0.26642506023648715 1045
1694356138640 0.26627208136861424 1046
1694356138715 0.2661156721128682 1047
1694356138742 0.26594991700352605 1048
1694356138766 0.26580569223682987 1049
1694356138792 0.26563052235782436 1050
1694356138817 0.26546606958003677 1051
1694356138840 0.26527821404242563 1052
1694356138865 0.26512961508816835 1053
1694356138889 0.26495687002238544 1054
1694356138939 0.26479730927577866 1055
1694356138964 0.26464511644800714 1056
1694356138989 0.26447277932003593 1057
1694356139014 0.2643169106567942 1058
1694356139037 0.2641528843902817 1059
1694356139061 0.2640085867633464 1060
1694356139085 0.26383664095331283 1061
1694356139110 0.2636706633917593 1062
1694356139133 0.26351626288363894 1063
1694356139158 0.26333037881632365 1064
1694356139182 0.2631769089607667 1065
1694356139207 0.26302692962531926 1066
1694356139231 0.26285787829609003 1067
1694356139254 0.2627013079918801 1068
1694356139278 0.26252289255965183 1069
1694356139339 0.26237032694456275 1070
1694356139361 0.26221523933198015 1071
1694356139383 0.2620584470629638 1072
1694356139408 0.2618980772951584 1073
1694356139433 0.261726399556214 1074
1694356139457 0.261554374874851 1075
1694356139481 0.2613887708318218 1076
1694356139504 0.26124893757012757 1077
1694356139529 0.26108487123728036 1078
1694356139553 0.26094339099978864 1079
1694356139576 0.26080568268086424 1080
1694356139599 0.26064500154504244 1081
1694356139623 0.2604813894914556 1082
1694356139647 0.2603243092310028 1083
1694356139673 0.26015302064195117 1084
1694356139696 0.26001180815718294 1085
1694356139722 0.25984300271413063 1086
1694356139746 0.2596885896210205 1087
1694356139769 0.25955506038578835 1088
1694356139792 0.2594071761946119 1089
1694356139817 0.25925334035416925 1090
1694356139841 0.2590988179502019 1091
1694356139865 0.25893110673702074 1092
1694356139890 0.25877609186893274 1093
1694356139916 0.258622809472511 1094
1694356139943 0.25847972654174245 1095
1694356139968 0.2583477044441082 1096
1694356139992 0.2581795943912969 1097
1694356140032 0.2580362461041294 1098
1694356140055 0.257884910355115 1099
1694356140078 0.2577336913824589 1100
1694356140101 0.25758341760178066 1101
1694356140125 0.25744231472312545 1102
1694356140150 0.25728581036814213 1103
1694356140172 0.2571473849373504 1104
1694356140196 0.2569956680723481 1105
1694356140220 0.25685425034853226 1106
1694356140252 0.25668132011497435 1107
1694356140280 0.25652610729879444 1108
1694356140304 0.2563794826745518 1109
1694356140329 0.2562302364034697 1110
1694356140354 0.256076868800522 1111
1694356140378 0.2559442202709973 1112
1694356140403 0.2558064690480131 1113
1694356140425 0.25565397244360216 1114
1694356140452 0.2555073384796315 1115
1694356140475 0.25534909802423467 1116
1694356140499 0.2552030538798481 1117
1694356140521 0.25504408822097324 1118
1694356140554 0.2548928175125802 1119
1694356140581 0.2547515523617721 1120
1694356140606 0.2546011344853085 1121
1694356140630 0.2544487156111266 1122
1694356140653 0.2542717101200898 1123
1694356140677 0.2541143136959828 1124
1694356140701 0.2539448061947227 1125
1694356140726 0.25379057829823676 1126
1694356140756 0.25363433135403324 1127
1694356140784 0.25348709527312663 1128
1694356140879 0.25335684994789615 1129
1694356140901 0.2532219745807447 1130
1694356140952 0.2530904352727744 1131
1694356140977 0.25293250194897493 1132
1694356140999 0.25279377877322373 1133
1694356141023 0.25263644465621715 1134
1694356141052 0.2524919220016147 1135
1694356141078 0.2523240144428119 1136
1694356141100 0.2521641840755584 1137
1694356141124 0.25200016544865944 1138
1694356141147 0.25185658976281344 1139
1694356141172 0.2517123856377894 1140
1694356141197 0.25157210170518546 1141
1694356141221 0.25142161476021213 1142
1694356141246 0.25128562778581787 1143
1694356141268 0.25113708793548456 1144
1694356141293 0.250995068884876 1145
1694356141317 0.2508399309566989 1146
1694356141366 0.25069197830675355 1147
1694356141390 0.2505510016852877 1148
1694356141412 0.2504193363059847 1149
1694356141435 0.25027637310834966 1150
1694356141458 0.25012547032827276 1151
1694356141484 0.24997545576314636 1152
1694356141508 0.24981991302791698 1153
1694356141532 0.24968480797585166 1154
1694356141558 0.24954614541777986 1155
1694356141583 0.24939611899196085 1156
1694356141608 0.24924291949843486 1157
1694356141631 0.24909576605940298 1158
1694356141655 0.24894737766244976 1159
1694356141677 0.24880337983527806 1160
1694356141700 0.24866437027077332 1161
1694356141722 0.24852192784686897 1162
1694356141747 0.24837283329835574 1163
1694356141769 0.24821849811876062 1164
1694356141794 0.24805224683621097 1165
1694356141817 0.24791156408047607 1166
1694356141840 0.24775501262159919 1167
1694356141865 0.24759737468900817 1168
1694356141888 0.2474440670002553 1169
1694356141912 0.24730287499787806 1170
1694356141936 0.24715552252019604 1171
1694356141961 0.24702227309382327 1172
1694356141987 0.24688026017260306 1173
1694356142008 0.24674536343963963 1174
1694356142032 0.2466120465577282 1175
1694356142059 0.24645891980814233 1176
1694356142082 0.24632402152513058 1177
1694356142106 0.246183615492962 1178
1694356142131 0.24603471197544377 1179
1694356142156 0.24589501672338304 1180
1694356142181 0.2457673477951267 1181
1694356142206 0.24560965248386504 1182
1694356142231 0.24545621188045336 1183
1694356142256 0.24530337201652555 1184
1694356142284 0.24516095048768474 1185
1694356142312 0.24501893621790807 1186
1694356142337 0.24487547786931407 1187
1694356142369 0.24473384376524898 1188
1694356142394 0.2445862194650345 1189
1694356142420 0.24443749678075044 1190
1694356142445 0.2442941763631255 1191
1694356142469 0.2441406132070456 1192
1694356142494 0.24400544950834188 1193
1694356142522 0.2438773673630382 1194
1694356142566 0.2437461558536885 1195
1694356142589 0.2436230754935199 1196
1694356142622 0.24349307490577085 1197
1694356142647 0.2433683384685878 1198
1694356142672 0.24324917941491994 1199
1694356142697 0.24311605013661816 1200
1694356142721 0.24298709406964997 1201
1694356142746 0.24285933407684485 1202
1694356142782 0.24271710094921053 1203
1694356142806 0.24256138648246695 1204
1694356142831 0.24242317171916855 1205
1694356142856 0.24225821261077213 1206
1694356142996 0.24211998354710323 1207
1694356143019 0.2419802372255442 1208
1694356143040 0.2418558602557588 1209
1694356143063 0.2417206623672055 1210
1694356143086 0.24159199497626446 1211
1694356143108 0.2414468718000062 1212
1694356143132 0.24130282553586777 1213
1694356143155 0.2411675613301099 1214
1694356143182 0.24102758546329717 1215
1694356143205 0.24089658318127066 1216
1694356143228 0.2407617261510252 1217
1694356143252 0.24061602375605043 1218
1694356143276 0.24047735770273304 1219
1694356143300 0.24034168340740933 1220
1694356143326 0.24017947393099903 1221
1694356143349 0.24004831087098819 1222
1694356143398 0.23992852991490357 1223
1694356143423 0.23980423286304292 1224
1694356143448 0.23967262950478596 1225
1694356143472 0.2395288177340661 1226
1694356143495 0.23937845514565603 1227
1694356143522 0.239232773787227 1228
1694356143547 0.2391039089187136 1229
1694356143572 0.23896290687356347 1230
1694356143597 0.23882417686048418 1231
1694356143621 0.2386951543207712 1232
1694356143648 0.2385580275686105 1233
1694356143674 0.23842848903533734 1234
1694356143701 0.23829131728830094 1235
1694356143727 0.23813955306064982 1236
1694356143752 0.23799802976796672 1237
1694356143779 0.2378663834575598 1238
1694356143804 0.2377349852981927 1239
1694356143829 0.23759918723744242 1240
1694356143853 0.23746200975870163 1241
1694356143880 0.2373471790591176 1242
1694356143906 0.23721732137044413 1243
1694356143932 0.23708695073529198 1244
1694356143957 0.23696597471043038 1245
1694356143983 0.23682281114748235 1246
1694356144009 0.23672236506455452 1247
1694356144033 0.23659081466374157 1248
1694356144056 0.23647197450858543 1249
1694356144079 0.23636379251376993 1250
1694356144103 0.2362171794822974 1251
1694356144128 0.23608263320834064 1252
1694356144151 0.23593830555039563 1253
1694356144175 0.23580232068473472 1254
1694356144199 0.23567781057292697 1255
1694356144223 0.23554161775247134 1256
1694356144249 0.23541281457462088 1257
1694356144274 0.23530643456073227 1258
1694356144298 0.2351741383944025 1259
1694356144323 0.2350338386665027 1260
1694356144348 0.23487501081344797 1261
1694356144371 0.23473984436057108 1262
1694356144393 0.23459904784814092 1263
1694356144417 0.2344787830343938 1264
1694356144441 0.23432831770003987 1265
1694356144466 0.23419681787717153 1266
1694356144490 0.2340649259463075 1267
1694356144514 0.23389793795689753 1268
1694356144542 0.23375954760793227 1269
1694356144566 0.23361770428307346 1270
1694356144593 0.23347970508523996 1271
1694356144616 0.23335290328908131 1272
1694356144640 0.23323315730614477 1273
1694356144665 0.23310293922975056 1274
1694356144689 0.2329958740410184 1275
1694356144716 0.2328459229939657 1276
1694356144741 0.232715973438869 1277
1694356144767 0.23257508842093563 1278
1694356144793 0.23244811270786406 1279
1694356144818 0.23231483603213807 1280
1694356144842 0.23218107566931293 1281
1694356144865 0.23204706185817958 1282
1694356144891 0.23191644059173158 1283
1694356144915 0.23179746427515818 1284
1694356144938 0.23166469688868035 1285
1694356144970 0.231528903937097 1286
1694356145042 0.2314049741473703 1287
1694356145088 0.23127626722600853 1288
1694356145112 0.2311470571456948 1289
1694356145137 0.23100576440886805 1290
1694356145163 0.23084790178732295 1291
1694356145189 0.23071917293910613 1292
1694356145213 0.23058333353762123 1293
1694356145237 0.23046655057325832 1294
1694356145263 0.23033376848369075 1295
1694356145287 0.23017525799329192 1296
1694356145313 0.23004992292499837 1297
1694356145337 0.22991940405278805 1298
1694356145361 0.22979124895126393 1299
1694356145384 0.22965341750773263 1300
1694356145409 0.22954256388680172 1301
1694356145454 0.22941961390753576 1302
1694356145478 0.2293076583775549 1303
1694356145502 0.22915890837630432 1304
1694356145524 0.22903610814122466 1305
1694356145548 0.2289077171747174 1306
1694356145573 0.22878272909115424 1307
1694356145598 0.2286538299984629 1308
1694356145625 0.2285297277309854 1309
1694356145650 0.22840694883128906 1310
1694356145674 0.22829301575836264 1311
1694356145698 0.2281742214677595 1312
1694356145721 0.22805417667419656 1313
1694356145746 0.22792149929755587 1314
1694356145770 0.22778802909143223 1315
1694356145795 0.22765394125354588 1316
1694356145819 0.22753390920916214 1317
1694356145843 0.2273943810895646 1318
1694356145868 0.22726308353707134 1319
1694356145892 0.227116386938578 1320
1694356145918 0.2269832634394639 1321
1694356145941 0.22686644640398548 1322
1694356145965 0.22673611558519896 1323
1694356145990 0.2266051194587665 1324
1694356146016 0.22647452808037552 1325
1694356146042 0.22633850363134958 1326
1694356146064 0.22621881972357946 1327
1694356146087 0.22607412436917412 1328
1694356146110 0.2259457515843588 1329
1694356146136 0.22582500146381762 1330
1694356146159 0.22571082832206762 1331
1694356146183 0.22557930547132232 1332
1694356146207 0.2254515878879288 1333
1694356146230 0.22531433279095225 1334
1694356146254 0.2251803214955311 1335
1694356146280 0.22505805742498644 1336
1694356146304 0.22492522253498792 1337
1694356146330 0.2247921460656374 1338
1694356146353 0.22466437740305656 1339
1694356146378 0.22455239575445632 1340
1694356146401 0.2244140779637097 1341
1694356146424 0.2242791257028573 1342
1694356146448 0.22415629147694163 1343
1694356146471 0.22404089724767845 1344
1694356146496 0.22390386447264496 1345
1694356146520 0.2237850325587268 1346
1694356146542 0.2236666975163708 1347
1694356146566 0.2235341825395494 1348
1694356146590 0.22339800417033015 1349
1694356146614 0.2232645892397864 1350
1694356146651 0.22314158330266615 1351
1694356146674 0.22301957686925725 1352
1694356146697 0.22289054184457 1353
1694356146722 0.22276390614604089 1354
1694356146747 0.2226472443093421 1355
1694356146771 0.2225460018655907 1356
1694356146795 0.2224218059718609 1357
1694356146821 0.22228971662759545 1358
1694356146846 0.22217615372866545 1359
1694356146870 0.22205064485639153 1360
1694356146895 0.22193279675893474 1361
1694356146918 0.22181192278931144 1362
1694356146944 0.22168464563495324 1363
1694356146968 0.22156020344088964 1364
1694356146993 0.2214166398321091 1365
1694356147017 0.22129370738111065 1366
1694356147065 0.2211697083720184 1367
1694356147154 0.22104487776061435 1368
1694356147197 0.22094272038248566 1369
1694356147225 0.22081737646148814 1370
1694356147253 0.220690753191927 1371
1694356147292 0.2205770798945401 1372
1694356147317 0.2204562798722564 1373
1694356147341 0.22033234245172803 1374
1694356147364 0.22021878141813855 1375
1694356147391 0.22009449389995234 1376
1694356147418 0.21996924231960271 1377
1694356147442 0.21984754211097476 1378
1694356147491 0.21971996204575236 1379
1694356147516 0.21960256675840992 1380
1694356147538 0.2194748279351678 1381
1694356147560 0.2193566196246034 1382
1694356147584 0.21923945520047844 1383
1694356147608 0.21910687289660866 1384
1694356147633 0.21897993388908016 1385
1694356147658 0.21886342370378845 1386
1694356147684 0.21875226910148243 1387
1694356147707 0.21864006448052678 1388
1694356147734 0.21853594259529519 1389
1694356147758 0.21841465719789271 1390
1694356147783 0.21829196194043435 1391
1694356147807 0.21818108683237414 1392
1694356147831 0.21806296214488302 1393
1694356147855 0.21794432286432222 1394
1694356147879 0.21781223567690638 1395
1694356147902 0.21770106835196734 1396
1694356147927 0.2175867463996762 1397
1694356147953 0.2174806878357697 1398
1694356148011 0.21735408692666286 1399
1694356148034 0.21722855385043424 1400
1694356148073 0.21710691961938014 1401
1694356148099 0.2169905108808909 1402
1694356148122 0.21687014097245888 1403
1694356148147 0.21675399167911877 1404
1694356148171 0.2166437675758572 1405
1694356148196 0.21653623454089038 1406
1694356148219 0.21640291979000656 1407
1694356148243 0.21628554003377623 1408
1694356148267 0.21618392699457267 1409
1694356148292 0.2160655207300236 1410
1694356148315 0.2159494718213988 1411
1694356148340 0.21582250317982715 1412
1694356148364 0.21570065932968568 1413
1694356148388 0.21559863578153313 1414
1694356148426 0.21547210534164993 1415
1694356148453 0.21535320940301256 1416
1694356148477 0.21524152985764028 1417
1694356148501 0.2151394682405296 1418
1694356148524 0.21503354719093448 1419
1694356148548 0.21491889105406464 1420
1694356148569 0.2148021977202689 1421
1694356148595 0.21467386987047954 1422
1694356148622 0.21456330254018688 1423
1694356148646 0.21443186621243426 1424
1694356148671 0.2143202019583102 1425
1694356148695 0.21418976888345323 1426
1694356148720 0.21407188928256932 1427
1694356148744 0.21395298751266625 1428
1694356148767 0.21385073757787423 1429
1694356148792 0.21373298063077337 1430
1694356148817 0.21362631627485518 1431
1694356148842 0.2135123233797936 1432
1694356148866 0.21340742928974168 1433
1694356148889 0.213304173967297 1434
1694356148927 0.21317847779685947 1435
1694356148951 0.21306103862133216 1436
1694356148974 0.21295082776013594 1437
1694356148997 0.21284265550347395 1438
1694356149032 0.21272116525499926 1439
1694356149081 0.21259468932283188 1440
1694356149102 0.21246269790188563 1441
1694356149129 0.21234574569839812 1442
1694356149153 0.21223792612154294 1443
1694356149175 0.21214086687168307 1444
1694356149208 0.21203644853034864 1445
1694356149262 0.2119373714858746 1446
1694356149287 0.21182806252995015 1447
1694356149350 0.21170407062321062 1448
1694356149372 0.21159918467072883 1449
1694356149393 0.21148980268932258 1450
1694356149419 0.2113814747827394 1451
1694356149442 0.21128018920553987 1452
1694356149465 0.21115788115155745 1453
1694356149488 0.21103705181115823 1454
1694356149535 0.2109287355817091 1455
1694356149559 0.21080939566423693 1456
1694356149584 0.2107043878673132 1457
1694356149607 0.2105927882041893 1458
1694356149631 0.210473071905567 1459
1694356149655 0.21036088444927273 1460
1694356149680 0.21023970823627552 1461
1694356149704 0.21012851672930521 1462
1694356149732 0.21001534684579737 1463
1694356149756 0.2099025247835062 1464
1694356149782 0.20978622372051908 1465
1694356149807 0.20970007379906128 1466
1694356149832 0.209582294693357 1467
1694356149856 0.20946078425534667 1468
1694356149882 0.20935749800844047 1469
1694356149908 0.20923853388220773 1470
1694356149932 0.2091217287559752 1471
1694356149962 0.20900872386528282 1472
1694356149987 0.20890766927343632 1473
1694356150013 0.2087791788934 1474
1694356150038 0.20866869756476839 1475
1694356150063 0.20855101007209548 1476
1694356150089 0.20844333124725767 1477
1694356150112 0.20833303302079206 1478
1694356150136 0.2082153761281448 1479
1694356150161 0.20810675478140594 1480
1694356150182 0.20799214753523887 1481
1694356150206 0.20788407594267158 1482
1694356150231 0.20776411409559967 1483
1694356150254 0.2076410157932068 1484
1694356150276 0.20754458772831233 1485
1694356150299 0.20743572835433677 1486
1694356150322 0.20731762424841627 1487
1694356150347 0.20719119505729955 1488
1694356150371 0.20707354688142282 1489
1694356150395 0.20696210937896892 1490
1694356150420 0.20686456074593668 1491
1694356150445 0.20675627051078194 1492
1694356150475 0.20665342865830982 1493
1694356150500 0.20656034736036524 1494
1694356150524 0.2064609257874916 1495
1694356150548 0.20636089043825032 1496
1694356150573 0.2062555628272955 1497
1694356150600 0.20613267549658323 1498
1694356150624 0.2060203424335645 1499
1694356150960 0.2060203424335645 1500
