1694415915802 1.9110737750511635 0
1694415915838 1.8744299169026646 1
1694415915867 1.8415718815893434 2
1694415915892 1.8099558342036932 3
1694415915917 1.7803085926992104 4
1694415915944 1.752261784735173 5
1694415915970 1.7254122122273436 6
1694415916017 1.699941514831035 7
1694415916040 1.6753393382247215 8
1694415916064 1.6516251761332181 9
1694415916122 1.6288789110515 10
1694415916148 1.6070422368481192 11
1694415916174 1.5857869743157909 12
1694415916203 1.5653826456693032 13
1694415916226 1.5457332935638408 14
1694415916250 1.5267389870915224 15
1694415916274 1.5080347296819185 16
1694415916301 1.4901156306292007 17
1694415916326 1.4727385910414323 18
1694415916352 1.4557310099367011 19
1694415916376 1.4395554408650755 20
1694415916401 1.4233418051685431 21
1694415916427 1.4077319231667227 22
1694415916454 1.3927205069251518 23
1694415916479 1.3778810268977963 24
1694415916504 1.363464624542628 25
1694415916530 1.3493235150227205 26
1694415916555 1.3353564253672225 27
1694415916585 1.3217511881053345 28
1694415916610 1.308551880137504 29
1694415916636 1.2958677377130816 30
1694415916672 1.2833110158613612 31
1694415916699 1.2709762235074749 32
1694415916728 1.2589524445390983 33
1694415916754 1.2472622066011696 34
1694415916780 1.2358027899143589 35
1694415916807 1.2243951550580163 36
1694415916831 1.213455495382681 37
1694415916856 1.2026996720329552 38
1694415916879 1.192142072362815 39
1694415916923 1.1818871322658058 40
1694415916979 1.1716894029480385 41
1694415917006 1.1619335442975298 42
1694415917067 1.1521772361295612 43
1694415917096 1.1425638718989106 44
1694415917121 1.1331711420571855 45
1694415917150 1.1238516978112691 46
1694415917175 1.114903759085883 47
1694415917199 1.1058724478256556 48
1694415917226 1.097238797208409 49
1694415917250 1.0887385479569798 50
1694415917274 1.0803615638730868 51
1694415917300 1.0721154450132409 52
1694415917328 1.0639776332716415 53
1694415917355 1.0561128800194641 54
1694415917381 1.0482993667044376 55
1694415917443 1.0406183269893365 56
1694415917468 1.033068657377852 57
1694415917492 1.0255668727052345 58
1694415917521 1.0183064574037377 59
1694415917548 1.0112056608844493 60
1694415917573 1.0040976386936218 61
1694415917603 0.9971787192288817 62
1694415917656 0.9904118878701443 63
1694415917681 0.9835838499861751 64
1694415917705 0.977060318227912 65
1694415917729 0.9706450496955895 66
1694415917757 0.9643001177286 67
1694415917783 0.9580591615175467 68
1694415917808 0.9518460631493559 69
1694415917833 0.945807039221162 70
1694415917858 0.9398874736814012 71
1694415917885 0.9340185962488573 72
1694415917910 0.928261372317287 73
1694415917935 0.9225072479184373 74
1694415917960 0.9168140144040207 75
1694415917986 0.9112155846774049 76
1694415918012 0.9058474938312516 77
1694415918038 0.9004996639216953 78
1694415918063 0.8951956485546013 79
1694415918094 0.8900272653363185 80
1694415918120 0.884943769119168 81
1694415918147 0.8799453062001745 82
1694415918172 0.87493590936525 83
1694415918197 0.8700605467571021 84
1694415918223 0.8652682682537377 85
1694415918262 0.8604604253929683 86
1694415918286 0.8558118065820984 87
1694415918310 0.8512178640810779 88
1694415918335 0.846694521988028 89
1694415918360 0.8422413233784191 90
1694415918384 0.8378488807732722 91
1694415918409 0.8335792239434068 92
1694415918435 0.829332910094679 93
1694415918460 0.825152673920485 94
1694415918486 0.8209534495424943 95
1694415918513 0.8168426077077846 96
1694415918541 0.8128792198176493 97
1694415918568 0.8089543829650915 98
1694415918646 0.8050386383220363 99
1694415918669 0.8050386383220363 100
