1694359875812 1.9110737750511635 0
1694359875844 1.8744299169026646 1
1694359875875 1.8415718815893434 2
1694359875904 1.8099558342036932 3
1694359875929 1.7803085926992106 4
1694359875953 1.752261784735173 5
1694359875978 1.7254122122273436 6
1694359876002 1.699941514831035 7
1694359876027 1.675339338224722 8
1694359876052 1.6516251761332181 9
1694359876076 1.6288789110515 10
1694359876101 1.6070422368481196 11
1694359876138 1.5857869743157906 12
1694359876242 1.5653826456693032 13
1694359876266 1.5457332935638408 14
1694359876352 1.5267389870915224 15
1694359876378 1.5080347296819185 16
1694359876406 1.4901156306292003 17
1694359876431 1.4727385910414321 18
1694359876455 1.4557310099367011 19
1694359876480 1.4395554408650757 20
1694359876506 1.4233418051685431 21
1694359876533 1.4077319231667227 22
1694359876559 1.3927205069251518 23
1694359876587 1.3778810268977963 24
1694359876641 1.3634646245426283 25
1694359876669 1.3493235150227207 26
1694359876698 1.3353564253672225 27
1694359876729 1.3217511881053345 28
1694359876755 1.308551880137504 29
1694359876783 1.2958677377130816 30
1694359876809 1.283311015861361 31
1694359876836 1.2709762235074749 32
1694359876864 1.2589524445390983 33
1694359876890 1.2472622066011696 34
1694359876917 1.2358027899143587 35
1694359876945 1.2243951550580163 36
1694359876973 1.2134554953826813 37
1694359877000 1.2026996720329552 38
1694359877026 1.192142072362815 39
1694359877054 1.1818871322658058 40
1694359877081 1.1716894029480387 41
1694359877107 1.1619335442975298 42
1694359877134 1.1521772361295615 43
1694359877162 1.1425638718989104 44
1694359877194 1.1331711420571855 45
1694359877223 1.1238516978112691 46
1694359877253 1.114903759085883 47
1694359877282 1.1058724478256556 48
1694359877311 1.097238797208409 49
1694359877339 1.0887385479569798 50
1694359877366 1.0803615638730868 51
1694359877394 1.0721154450132409 52
1694359877422 1.0639776332716415 53
1694359877449 1.0561128800194646 54
1694359877476 1.0482993667044376 55
1694359877505 1.0406183269893365 56
1694359877531 1.033068657377852 57
1694359877558 1.0255668727052345 58
1694359877586 1.0183064574037377 59
1694359877616 1.0112056608844493 60
1694359877643 1.0040976386936218 61
1694359877676 0.9971787192288819 62
1694359877703 0.9904118878701443 63
1694359877732 0.9835838499861753 64
1694359877763 0.977060318227912 65
1694359877790 0.9706450496955892 66
1694359877818 0.9643001177285998 67
1694359877845 0.9580591615175467 68
1694359877872 0.9518460631493559 69
1694359877899 0.945807039221162 70
1694359877926 0.9398874736814012 71
1694359877955 0.9340185962488574 72
1694359877983 0.9282613723172871 73
1694359878010 0.9225072479184373 74
1694359878037 0.9168140144040209 75
1694359878066 0.9112155846774052 76
1694359878093 0.9058474938312517 77
1694359878121 0.9004996639216956 78
1694359878149 0.8951956485546013 79
1694359878183 0.8900272653363183 80
1694359878235 0.884943769119168 81
1694359878301 0.8799453062001745 82
1694359878328 0.87493590936525 83
1694359878380 0.8700605467571021 84
1694359878467 0.8652682682537377 85
1694359878492 0.8604604253929681 86
1694359878522 0.8558118065820984 87
1694359878577 0.8512178640810779 88
1694359878603 0.846694521988028 89
1694359878667 0.8422413233784191 90
1694359878694 0.8378488807732722 91
1694359878726 0.8335792239434069 92
1694359878757 0.829332910094679 93
1694359878783 0.8251526739204851 94
1694359878816 0.820953449542494 95
1694359878842 0.8168426077077846 96
1694359878869 0.8128792198176491 97
1694359878895 0.8089543829650915 98
1694359878921 0.8050386383220363 99
1694359878947 0.8012003226208656 100
1694359878972 0.7973748246313236 101
1694359879000 0.7936435579675367 102
1694359879031 0.789899359053554 103
1694359879057 0.7862241246594326 104
1694359879083 0.7825911664248764 105
1694359879112 0.779067348678767 106
1694359879139 0.7755533502795956 107
1694359879169 0.771988171739234 108
1694359879198 0.7685120734276727 109
1694359879230 0.7651131451001544 110
1694359879258 0.7616656998052477 111
1694359879287 0.7583607137531477 112
1694359879316 0.7551895130740699 113
1694359879342 0.7519624117291398 114
1694359879368 0.7487964597206801 115
1694359879394 0.7456740931486536 116
1694359879420 0.7426343217006105 117
1694359879447 0.7395110791140143 118
1694359879472 0.7365027838578582 119
1694359879498 0.7335258283538536 120
1694359879525 0.7305139041581361 121
1694359879553 0.7276032012820889 122
1694359879579 0.7247172237926857 123
1694359879605 0.721866490931217 124
1694359879632 0.7190220890738251 125
1694359879659 0.7162449133220544 126
1694359879694 0.7134574662704715 127
1694359879720 0.7107814867104986 128
1694359879747 0.7081414009575715 129
1694359879779 0.7055096462722509 130
1694359879806 0.7028831562753877 131
1694359879832 0.7002371236286489 132
1694359879859 0.6977471265804646 133
1694359879887 0.6952093629537657 134
1694359879913 0.692636078150345 135
1694359879940 0.6901744317961233 136
1694359879967 0.6877290241163193 137
1694359879994 0.6852319806438157 138
1694359880020 0.6828453867530928 139
1694359880048 0.6804986889327024 140
1694359880075 0.6781571047410389 141
1694359880102 0.6758483491454766 142
1694359880130 0.6735825524668413 143
1694359880159 0.6713511016310048 144
1694359880190 0.6691204755486685 145
1694359880219 0.6669479448206365 146
1694359880318 0.6647400277491244 147
1694359880346 0.6625733845018436 148
1694359880463 0.6604215817115393 149
1694359880496 0.6583347282698743 150
1694359880521 0.6562487356171155 151
1694359880549 0.6541811934007251 152
1694359880575 0.6522026802109785 153
1694359880601 0.6501418666583878 154
1694359880627 0.648091725002268 155
1694359880654 0.6461094692947945 156
1694359880764 0.6441615719604852 157
1694359880833 0.6422393988195637 158
1694359880858 0.6403070219072959 159
1694359880885 0.6384154396885351 160
1694359880914 0.6364743779707249 161
1694359880940 0.6346438436615377 162
1694359880965 0.632815981652296 163
1694359880991 0.6309805854197008 164
1694359881018 0.6291613820769961 165
1694359881043 0.6273471339041021 166
1694359881069 0.6255871073332481 167
1694359881096 0.6238011287218636 168
1694359881122 0.6220761304346362 169
1694359881147 0.6204075920522181 170
1694359881173 0.6186859263147236 171
1694359881206 0.6170255054787106 172
1694359881235 0.6153540322444055 173
1694359881261 0.6137172746525554 174
1694359881287 0.61210756316772 175
1694359881314 0.6105028561388467 176
1694359881341 0.6088529814016016 177
1694359881367 0.6072825374452024 178
1694359881396 0.6056778313394051 179
1694359881427 0.6041532812077359 180
1694359881453 0.6026385361332962 181
1694359881478 0.6010959187990677 182
1694359881503 0.5995693654936052 183
1694359881529 0.5980556549133383 184
1694359881555 0.5965584381107456 185
1694359881580 0.5950670077882907 186
1694359881605 0.5936100178193978 187
1694359881631 0.5921387825730325 188
1694359881657 0.5906775692466364 189
1694359881689 0.5892613760262684 190
1694359881714 0.5877771256691259 191
1694359881741 0.5863659574315775 192
1694359881766 0.5849840962095639 193
1694359881793 0.583572476439407 194
1694359881818 0.5822302926872053 195
1694359881842 0.5809060214636692 196
1694359881867 0.579548756751584 197
1694359881893 0.5781766350779479 198
1694359881922 0.576870935352462 199
1694359881946 0.5755640804478724 200
1694359881972 0.5742658976842081 201
1694359882000 0.5729901799072531 202
1694359882025 0.5716684932209892 203
1694359882052 0.5704038509613664 204
1694359882079 0.5691460840369209 205
1694359882108 0.5678861988194175 206
1694359882136 0.5666120009974335 207
1694359882164 0.5654015555513741 208
1694359882196 0.5642591808130378 209
1694359882224 0.5630446236862922 210
1694359882252 0.5618481525870154 211
1694359882304 0.560658196880483 212
1694359882329 0.5595030370591482 213
1694359882353 0.5583383167744502 214
1694359882378 0.5571344203600129 215
1694359882407 0.555985053974609 216
1694359882445 0.5548306081316499 217
1694359882471 0.553698052476224 218
1694359882566 0.5525733793674555 219
1694359882590 0.5514849825255425 220
1694359882618 0.5503860715022627 221
1694359882643 0.5492833884358622 222
1694359882675 0.548222456023 223
1694359882716 0.547148071696747 224
1694359882764 0.5460755624287089 225
1694359882789 0.5450030289859628 226
1694359882814 0.5439785622697839 227
1694359882839 0.5429003852198143 228
1694359882864 0.5418155296986127 229
1694359882889 0.5407721123088557 230
1694359882915 0.5397636830406112 231
1694359882940 0.5387409424759726 232
1694359882965 0.5377337094365937 233
1694359882991 0.5367204123112448 234
1694359883017 0.5357169307967451 235
1694359883043 0.5347124221799137 236
1694359883068 0.5337101334913561 237
1694359883093 0.532712115048614 238
1694359883119 0.5317678337629709 239
1694359883148 0.5308242685303892 240
1694359883180 0.5298613539859935 241
1694359883206 0.5288971599242278 242
1694359883232 0.5279946331501068 243
1694359883258 0.5270390807303572 244
1694359883285 0.5261035686744359 245
1694359883315 0.5251593070042899 246
1694359883340 0.5242360697994067 247
1694359883365 0.5233164915945904 248
1694359883392 0.5224077457297829 249
1694359883417 0.5215021038873717 250
1694359883442 0.5206015724638126 251
1694359883467 0.5197046490835865 252
1694359883491 0.5188313541368448 253
1694359883518 0.5179100990114492 254
1694359883544 0.5170131851980958 255
1694359883570 0.5161491229288058 256
1694359883595 0.5152631044005681 257
1694359883621 0.5143989150765044 258
1694359883649 0.5135453289171362 259
1694359883682 0.5127060069455625 260
1694359883708 0.5118763151660468 261
1694359883738 0.5110530359308387 262
1694359883761 0.5102012046357609 263
1694359883786 0.5093691149193146 264
1694359883811 0.5085721293247027 265
1694359883836 0.5077811903175714 266
1694359883862 0.5069715740536828 267
1694359883887 0.5061747679362355 268
1694359883912 0.5053645368841656 269
1694359883938 0.5045519463302612 270
1694359883964 0.5037739724370787 271
1694359883989 0.5029777179398316 272
1694359884014 0.5022111933182359 273
1694359884038 0.5014800579616143 274
1694359884064 0.5007437907747775 275
1694359884091 0.49997656023754583 276
1694359884115 0.4992515998773224 277
1694359884141 0.4985123702661206 278
1694359884170 0.4977858369843182 279
1694359884201 0.49703030847569013 280
1694359884226 0.49629529790506666 281
1694359884252 0.49556995032020024 282
1694359884279 0.4948270045218093 283
1694359884308 0.49409346436897766 284
1694359884351 0.49338172271905384 285
1694359884388 0.49266835104619433 286
1694359884413 0.49195390648740556 287
1694359884438 0.49126591368852096 288
1694359884463 0.49052702925577757 289
1694359884488 0.4897956657097585 290
1694359884514 0.4891292238177522 291
1694359884539 0.4884356767351004 292
1694359884574 0.4877208359074613 293
1694359884602 0.4870247140217648 294
1694359884660 0.4863043754203834 295
1694359884712 0.48559436096368813 296
1694359884740 0.4849115245855585 297
1694359884793 0.4842302480546374 298
1694359884817 0.4835651491924146 299
1694359884841 0.4829132249186633 300
1694359884866 0.48226321030041075 301
1694359884893 0.4816347692111908 302
1694359884918 0.4809583373731944 303
1694359884942 0.4802864347535248 304
1694359884968 0.47963975086312344 305
1694359884992 0.4790413863844639 306
1694359885017 0.4783958298537447 307
1694359885042 0.47774668700109335 308
1694359885067 0.477112908405114 309
1694359885092 0.4764873923098228 310
1694359885116 0.4758566619702867 311
1694359885144 0.47519307354449064 312
1694359885176 0.47454632603798874 313
1694359885203 0.4739111903596993 314
1694359885232 0.4733161442967193 315
1694359885257 0.472695996414502 316
1694359885283 0.4720431545316508 317
1694359885309 0.47141124766481407 318
1694359885334 0.4707852824984941 319
1694359885357 0.4701922352435271 320
1694359885382 0.469581472224959 321
1694359885411 0.4689758727449852 322
1694359885436 0.4683810589200445 323
1694359885461 0.46778633246197876 324
1694359885485 0.46718653268766136 325
1694359885510 0.4666023594358534 326
1694359885535 0.46601859141805213 327
1694359885559 0.4654386016227002 328
1694359885584 0.4648718386206795 329
1694359885610 0.46428945870939 330
1694359885636 0.4637008544543789 331
1694359885662 0.46311870211056033 332
1694359885692 0.46253057789601354 333
1694359885717 0.4619404318868408 334
1694359885743 0.4613394359848104 335
1694359885770 0.46080158120725523 336
1694359885795 0.46022984384861115 337
1694359885820 0.45968675107942497 338
1694359885844 0.45910822382813843 339
1694359885869 0.45855361294985836 340
1694359885894 0.4579678177296121 341
1694359885923 0.4574214295054508 342
1694359885948 0.45687867143244665 343
1694359885973 0.45633664467510526 344
1694359886004 0.4558014586684563 345
1694359886030 0.45524505241259194 346
1694359886056 0.45468993177230405 347
1694359886081 0.4541543234568889 348
1694359886108 0.45360419441887784 349
1694359886133 0.45305573920684816 350
1694359886158 0.4525215984416913 351
1694359886190 0.45201853298134015 352
1694359886215 0.4514961258796242 353
1694359886241 0.4509580869014772 354
1694359886267 0.45045956404700443 355
1694359886291 0.44996509734040163 356
1694359886316 0.4494432560019989 357
1694359886345 0.4489161776695074 358
1694359886390 0.44839836274297934 359
1694359886414 0.44789597376012613 360
1694359886443 0.4473952205637477 361
1694359886468 0.4469021925594676 362
1694359886493 0.4463520194551353 363
1694359886518 0.44585417463527316 364
1694359886543 0.44532768441083026 365
1694359886569 0.44482776398062146 366
1694359886593 0.4442915276476045 367
1694359886619 0.44378207099135264 368
1694359886643 0.443276205159967 369
1694359886668 0.4427918410596464 370
1694359886700 0.4422983529524621 371
1694359886737 0.44180206295884467 372
1694359886820 0.4412888092622095 373
1694359886876 0.44080191373263183 374
1694359886901 0.440303803570843 375
1694359886925 0.4398461826496817 376
1694359886952 0.43940573455436854 377
1694359886976 0.4388980178624438 378
1694359887001 0.4384236663406077 379
1694359887026 0.43796173934228616 380
1694359887051 0.4374859766337385 381
1694359887075 0.4369968398747161 382
1694359887100 0.4364962575315395 383
1694359887125 0.4360198945138711 384
1694359887151 0.43552012767617226 385
1694359887178 0.43506145757061543 386
1694359887205 0.4346277123500198 387
1694359887231 0.43415353878154656 388
1694359887257 0.4336695115136292 389
1694359887282 0.4331989839002569 390
1694359887310 0.4327590907408167 391
1694359887336 0.4322958656383368 392
1694359887359 0.43183720063286 393
1694359887384 0.43135624509666876 394
1694359887409 0.43090090974865963 395
1694359887434 0.4304273130830355 396
1694359887459 0.4299753537283053 397
1694359887486 0.4295209781841565 398
1694359887510 0.4290878826633394 399
1694359887535 0.4286302724030425 400
1694359887562 0.4281768521008859 401
1694359887587 0.4276992009054048 402
1694359887612 0.4272478031101544 403
1694359887637 0.42679571713186126 404
1694359887661 0.4263763975430087 405
1694359887693 0.42592546802716064 406
1694359887719 0.4255101975618273 407
1694359887742 0.42510947386383996 408
1694359887767 0.4246925596561747 409
1694359887795 0.42426976172750513 410
1694359887819 0.42382705471241805 411
1694359887843 0.42341821723651435 412
1694359887866 0.4229749932300446 413
1694359887890 0.42255722758574854 414
1694359887914 0.4221191580567516 415
1694359887938 0.42172980962497725 416
1694359887963 0.42129373790083585 417
1694359887996 0.42089227880114355 418
1694359888021 0.4204966530153545 419
1694359888047 0.42007408549782727 420
1694359888072 0.419662463157333 421
1694359888096 0.4192533287541946 422
1694359888122 0.4188525838530321 423
1694359888148 0.4184483398163244 424
1694359888172 0.4180227581977339 425
1694359888203 0.41761518982879864 426
1694359888230 0.4172064682103573 427
1694359888254 0.4167935503127556 428
1694359888279 0.41636639001026615 429
1694359888303 0.41595216334887275 430
1694359888329 0.41553686251775745 431
1694359888356 0.4151026632733426 432
1694359888380 0.41469053881256784 433
1694359888428 0.4142746877417139 434
1694359888454 0.4138853094329978 435
1694359888478 0.41347154251898877 436
1694359888502 0.4130714087476865 437
1694359888531 0.41266990525819053 438
1694359888555 0.4122413405862717 439
1694359888580 0.41183090677983747 440
1694359888604 0.41142949494598235 441
1694359888629 0.41099312846493485 442
1694359888654 0.4106017004039988 443
1694359888688 0.41017422398831177 444
1694359888713 0.40977731793073396 445
1694359888737 0.40939291496080027 446
1694359888761 0.4090337559909145 447
1694359888787 0.40863884873350587 448
1694359888814 0.4082636440426574 449
1694359888949 0.40786745168802474 450
1694359888973 0.40746403749005294 451
1694359888996 0.4070878122598804 452
1694359889021 0.40670632178505406 453
1694359889045 0.40633620627638717 454
1694359889070 0.40595090147321533 455
1694359889094 0.4055461668842983 456
1694359889121 0.4051635004820797 457
1694359889146 0.4047908828036939 458
1694359889171 0.40440701030635046 459
1694359889202 0.4040318371229559 460
1694359889227 0.4036565796426117 461
1694359889252 0.4032756875860113 462
1694359889277 0.40287885477116603 463
1694359889303 0.40249754618194117 464
1694359889329 0.4021276430758964 465
1694359889354 0.4017925629728434 466
1694359889378 0.401435588597061 467
1694359889402 0.40107415946606156 468
1694359889427 0.4007086523937352 469
1694359889454 0.4003425253642525 470
1694359889482 0.4000162630927927 471
1694359889507 0.3996398847878889 472
1694359889533 0.39927354490808725 473
1694359889559 0.39891276407876336 474
1694359889583 0.39856234577921557 475
1694359889608 0.3981922634436928 476
1694359889633 0.39782059489859833 477
1694359889657 0.39745525534983606 478
1694359889689 0.39709268614967813 479
1694359889716 0.3967323563712272 480
1694359889741 0.3963582128767079 481
1694359889767 0.39598888172755503 482
1694359889794 0.3956171537942193 483
1694359889822 0.3952896089971544 484
1694359889844 0.3949604613135658 485
1694359889869 0.3946021132326677 486
1694359889895 0.3942589874898707 487
1694359889920 0.39389839925083747 488
1694359889944 0.39353258402926955 489
1694359889969 0.3931775944389468 490
1694359889998 0.39282724254327317 491
1694359890024 0.39249690089583594 492
1694359890050 0.3921248180704799 493
1694359890075 0.3918004673541727 494
1694359890100 0.39148077112183405 495
1694359890125 0.39116150239139885 496
1694359890152 0.39080471667862254 497
1694359890183 0.3904370306919765 498
1694359890207 0.3900832201235722 499
1694359890319 0.3900832201235722 500
