1694357490514 1.9107536336657314 0
1694357490549 1.874007197290785 1
1694357490583 1.8408203752939953 2
1694357490617 1.809180199417067 3
1694357490653 1.7793470440929549 4
1694357490699 1.7509159892191681 5
1694357490727 1.7240237432876706 6
1694357490759 1.6983915940549559 7
1694357490830 1.6736989044148634 8
1694357490879 1.6499840599004219 9
1694357490912 1.6271171328489167 10
1694357490941 1.605186038704913 11
1694357490970 1.5838690908377289 12
1694357490999 1.5635021007710326 13
1694357491030 1.5439076638879499 14
1694357491142 1.5249148009963247 15
1694357491173 1.506215877821325 16
1694357491200 1.4882465434214533 17
1694357491230 1.4708847644810452 18
1694357491263 1.45398286563052 19
1694357491298 1.4378115350501632 20
1694357491331 1.4216600490221545 21
1694357491367 1.406068990810297 22
1694357491403 1.3909444256121817 23
1694357491434 1.3762139887033449 24
1694357491464 1.3617786839208748 25
1694357491494 1.3475329039185158 26
1694357491536 1.3336225981288763 27
1694357491566 1.3200516090590566 28
1694357491609 1.306796252008381 29
1694357491643 1.2940704006033523 30
1694357491669 1.2814585031362666 31
1694357491705 1.2691324582732832 32
1694357491733 1.2571036848590362 33
1694357491764 1.245387722140443 34
1694357491821 1.2338744010566127 35
1694357491853 1.2225795938655553 36
1694357491887 1.21163489359911 37
1694357491920 1.2009261004413174 38
1694357491950 1.1903261788314676 39
1694357491980 1.1799756048445915 40
1694357492011 1.169873242359967 41
1694357492040 1.1600725502079985 42
1694357492068 1.1502895701639055 43
1694357492096 1.1406266301012438 44
1694357492184 1.1311312955131185 45
1694357492235 1.1218615164521344 46
1694357492316 1.112825051624061 47
1694357492366 1.1037909795544436 48
1694357492403 1.0950896725395456 49
1694357492432 1.0865733064735856 50
1694357492471 1.078176186327556 51
1694357492509 1.0699312968806842 52
1694357492536 1.0617891713889187 53
1694357492569 1.0538399374131515 54
1694357492602 1.0460048727505613 55
1694357492631 1.0382403180704498 56
1694357492661 1.030645180813809 57
1694357492698 1.0231105139248635 58
1694357492727 1.015775511728369 59
1694357492762 1.0085687776756849 60
1694357492797 1.0014306960755204 61
1694357492860 0.9944743883363788 62
1694357492893 0.9877416285592215 63
1694357492921 0.9809894728919761 64
1694357493011 0.9744365652919433 65
1694357493037 0.9679393215711996 66
1694357493070 0.9615516254341606 67
1694357493109 0.9552586485845141 68
1694357493251 0.9490165838498811 69
1694357493283 0.9429531248680753 70
1694357493312 0.9369593936441513 71
1694357493343 0.9311283952873635 72
1694357493379 0.9252930113328818 73
1694357493413 0.9195574826154036 74
1694357493444 0.9138148856786245 75
1694357493473 0.9082031678446607 76
1694357493501 0.9027834413994449 77
1694357493532 0.8974099911279381 78
1694357493564 0.8921253374805491 79
1694357493595 0.8869419390283034 80
1694357493629 0.8818342660305161 81
1694357493660 0.8768322868814549 82
1694357493690 0.8718589178480334 83
1694357493720 0.866957286473257 84
1694357493752 0.8621287667602909 85
1694357493784 0.857302486344444 86
1694357493843 0.8526423512841971 87
1694357493881 0.8480076543651018 88
1694357493916 0.8434152444577993 89
1694357493948 0.8388794307536895 90
1694357493983 0.834381646096191 91
1694357494013 0.8300910682455952 92
1694357494044 0.8258957698267266 93
1694357494076 0.8216506428130108 94
1694357494110 0.8174205664206012 95
1694357494145 0.8132702548323032 96
1694357494178 0.8092874265239922 97
1694357494217 0.8052752410256996 98
1694357494251 0.8013510019152635 99
1694357494287 0.7974633112042604 100
1694357494320 0.7936393721331754 101
1694357494351 0.789885693108728 102
1694357494397 0.7861597917679695 103
1694357494443 0.7825251173312735 104
1694357494477 0.7788463559267012 105
1694357494511 0.7753042234410338 106
1694357494545 0.7717439491719389 107
1694357494576 0.7682314910747551 108
1694357494606 0.7647048648688053 109
1694357494635 0.7613026142168917 110
1694357494664 0.7578876865779661 111
1694357494695 0.7545493330928492 112
1694357494724 0.7512931652775209 113
1694357494753 0.7480578430917769 114
1694357494787 0.744875673803849 115
1694357494826 0.7417046864332875 116
1694357494886 0.7386473708697437 117
1694357494918 0.7356030647272567 118
1694357494948 0.7325496452950637 119
1694357494982 0.7295805663216127 120
1694357495012 0.7265922185786461 121
1694357495042 0.7237001236610102 122
1694357495074 0.7208574760680361 123
1694357495101 0.7180423457010653 124
1694357495132 0.7152008563236603 125
1694357495160 0.7124589147300723 126
1694357495188 0.7096794644543479 127
1694357495217 0.7069576736526486 128
1694357495345 0.7042987143456445 129
1694357495379 0.7016405109529201 130
1694357495413 0.6990319771733577 131
1694357495443 0.6963885112500164 132
1694357495484 0.6938900410997052 133
1694357495513 0.6914255284360455 134
1694357495543 0.6888807693117115 135
1694357495574 0.6864080771429557 136
1694357495606 0.6839650877635816 137
1694357495700 0.6814896970496503 138
1694357495746 0.6790549523288366 139
1694357495777 0.6767246543881997 140
1694357495807 0.6743894432880336 141
1694357495835 0.6720574871644134 142
1694357495899 0.6698047152999942 143
1694357495930 0.6675445892827818 144
1694357495987 0.6652502005271725 145
1694357496016 0.6630536610330858 146
1694357496045 0.660866211265654 147
1694357496132 0.6587123818874366 148
1694357496162 0.6565749625203334 149
1694357496195 0.6544038390468844 150
1694357496231 0.6522950371906638 151
1694357496264 0.650162896923598 152
1694357496298 0.6481542965123281 153
1694357496338 0.6461387043892682 154
1694357496370 0.6441221466311536 155
1694357496403 0.6420854188541204 156
1694357496436 0.6401296378944001 157
1694357496470 0.6382298968544503 158
1694357496501 0.6362681806290253 159
1694357496533 0.6343904620673864 160
1694357496564 0.6324794912335311 161
1694357496601 0.6305975233850214 162
1694357496634 0.6287542122226575 163
1694357496669 0.6269544428996954 164
1694357496708 0.6251394348183507 165
1694357496738 0.6233388396024563 166
1694357496769 0.6215428694618235 167
1694357496800 0.6198031509024514 168
1694357496832 0.6180127999512265 169
1694357496865 0.6163301856388279 170
1694357496922 0.6146483644679864 171
1694357496952 0.6129100964424015 172
1694357496982 0.611243461476035 173
1694357497018 0.6095998327742862 174
1694357497049 0.6079438342615913 175
1694357497087 0.6062392994834817 176
1694357497198 0.6045733252609641 177
1694357497233 0.6029693716740568 178
1694357497268 0.6013861298923368 179
1694357497305 0.5998491954749178 180
1694357497352 0.5982973111972888 181
1694357497521 0.596768775527335 182
1694357497550 0.5951992032632251 183
1694357497580 0.5936721455682693 184
1694357497610 0.5921599270049858 185
1694357497640 0.5906695272618082 186
1694357497668 0.5892047718698927 187
1694357497698 0.5877384676687802 188
1694357497727 0.5863057510278918 189
1694357497760 0.5848439925583934 190
1694357497786 0.5834529974551285 191
1694357497815 0.5820317785458032 192
1694357497845 0.5806175038778444 193
1694357497883 0.5792159443462495 194
1694357497938 0.5778749970681966 195
1694357497973 0.5765307847423466 196
1694357498001 0.5751846719908054 197
1694357498034 0.5738270401425001 198
1694357498064 0.5724586353943992 199
1694357498098 0.5711456921622103 200
1694357498126 0.5698699235067034 201
1694357498153 0.5685552799681646 202
1694357498184 0.5672982133991059 203
1694357498221 0.5660382345893761 204
1694357498248 0.5648130319929233 205
1694357498281 0.563533790055385 206
1694357498309 0.5622492900382943 207
1694357498336 0.5609726450736646 208
1694357498427 0.5598031906286092 209
1694357498458 0.5585994489310725 210
1694357498493 0.5573608732618941 211
1694357498525 0.5561692717184449 212
1694357498562 0.5549783413781879 213
1694357498602 0.5537713041349983 214
1694357498635 0.5526164687448207 215
1694357498667 0.5514675381153255 216
1694357498701 0.5503413070118628 217
1694357498735 0.5492035798992019 218
1694357498770 0.5480850887772241 219
1694357498803 0.5469906094762793 220
1694357498834 0.5458733080351083 221
1694357498863 0.5447697943764509 222
1694357498904 0.5436331921300456 223
1694357498968 0.5425396355454208 224
1694357499004 0.5414544987199313 225
1694357499035 0.5403977996578279 226
1694357499065 0.539289772623819 227
1694357499099 0.5382510545938594 228
1694357499129 0.5372423023352192 229
1694357499161 0.5362128009491326 230
1694357499191 0.5351702931279547 231
1694357499218 0.5341935780184556 232
1694357499250 0.5331284814641165 233
1694357499282 0.5321072922488629 234
1694357499312 0.5311222921201308 235
1694357499343 0.5301544794101608 236
1694357499378 0.5291575000220854 237
1694357499409 0.5281985350525351 238
1694357499447 0.527220637252035 239
1694357499502 0.5262552678861496 240
1694357499592 0.5253140147500778 241
1694357499619 0.5243472213775953 242
1694357499648 0.5234083155390195 243
1694357499686 0.5224413943270261 244
1694357499715 0.5215004938164627 245
1694357499745 0.5206064173542003 246
1694357499776 0.5196513514343891 247
1694357499805 0.5187175315168985 248
1694357499838 0.5177725109131401 249
1694357499870 0.5168952986509144 250
1694357499904 0.5159560373515495 251
1694357499958 0.5150552742397627 252
1694357499984 0.5141571762660333 253
1694357500013 0.5132548088481295 254
1694357500045 0.5124099369560278 255
1694357500075 0.5115268495433484 256
1694357500103 0.5106762718574565 257
1694357500132 0.5097835462073136 258
1694357500162 0.5089421247197335 259
1694357500193 0.5081058746389704 260
1694357500221 0.5072502435222165 261
1694357500253 0.5063870603169354 262
1694357500281 0.5055583782321823 263
1694357500313 0.5047111626258438 264
1694357500366 0.5039154720566709 265
1694357500402 0.5031126051945292 266
1694357500446 0.5022811310504595 267
1694357500477 0.5014655425618161 268
1694357500502 0.5006530390420565 269
1694357500532 0.49981110883163204 270
1694357500570 0.49900470164669164 271
1694357500599 0.4981988962921124 272
1694357500629 0.49741726039783074 273
1694357500660 0.4966702775936679 274
1694357500702 0.49588441249837306 275
1694357500731 0.495126395877519 276
1694357500761 0.49442836850259786 277
1694357500786 0.4936885797615441 278
1694357500815 0.49292386093119117 279
1694357500843 0.4921931014319483 280
1694357500876 0.49144744705522775 281
1694357500904 0.4907154652065971 282
1694357500932 0.48995732944535103 283
1694357500962 0.4892369572068647 284
1694357501016 0.48849215650159494 285
1694357501044 0.4877587110670933 286
1694357501071 0.48701341760818295 287
1694357501102 0.48628599262373035 288
1694357501147 0.4855586119466716 289
1694357501179 0.4848549239426736 290
1694357501210 0.4841518371891941 291
1694357501240 0.4834645303478593 292
1694357501269 0.48276269687332957 293
1694357501299 0.48207211781893206 294
1694357501330 0.4813780328507633 295
1694357501363 0.48068773280538835 296
1694357501397 0.480007409535435 297
1694357501573 0.4793132341502477 298
1694357501827 0.47863246700332884 299
1694357501906 0.47793706500069266 300
1694357501941 0.4772619855173598 301
1694357501995 0.47660570440010497 302
1694357502030 0.4759529610916767 303
1694357502065 0.47528918247341956 304
1694357502104 0.4746331098231219 305
1694357502142 0.4739955943215856 306
1694357502171 0.4733438596058683 307
1694357502201 0.47271265578703575 308
1694357502234 0.4720276932744209 309
1694357502267 0.4714208894404109 310
1694357502300 0.47078972208212344 311
1694357502332 0.47016722757913537 312
1694357502362 0.4695273053113706 313
1694357502396 0.4688997239228772 314
1694357502426 0.46828182079560976 315
1694357502455 0.46768129829561145 316
1694357502485 0.46709543443429735 317
1694357502515 0.46648545828048293 318
1694357502545 0.46588003803207473 319
1694357502574 0.4652975546717197 320
1694357502604 0.4646863119843596 321
1694357502634 0.4641029718501447 322
1694357502671 0.4635009645194739 323
1694357502706 0.46292677899440215 324
1694357502735 0.46234177105347857 325
1694357502765 0.46175367321999344 326
1694357502795 0.46115642269194956 327
1694357502825 0.46054120910625956 328
1694357502852 0.4599662415416246 329
1694357502884 0.459371299814299 330
1694357502918 0.4588036018114689 331
1694357502949 0.4582308922577544 332
1694357502983 0.4576910622265248 333
1694357503040 0.4570946893417735 334
1694357503072 0.4565166800272685 335
1694357503101 0.45596782584668955 336
1694357503133 0.4554351294754549 337
1694357503166 0.45487369440592 338
1694357503199 0.45427805892454415 339
1694357503234 0.45367050651231283 340
1694357503269 0.45312499495626607 341
1694357503351 0.4525592341760685 342
1694357503385 0.45202397880114964 343
1694357503418 0.451484883304946 344
1694357503448 0.45094091292136695 345
1694357503478 0.45040863907467266 346
1694357503504 0.44992543578645783 347
1694357503531 0.4494005391865896 348
1694357503559 0.448882313170651 349
1694357503588 0.4483279964098362 350
1694357503616 0.44778606818825906 351
1694357503645 0.4472487224810605 352
1694357503674 0.44669207497346614 353
1694357503702 0.4461806914323011 354
1694357503732 0.44565992929996456 355
1694357503761 0.4451280399919289 356
1694357503807 0.44460335417768765 357
1694357503899 0.44407936604611686 358
1694357503927 0.4435601828217752 359
1694357503959 0.4430377431375986 360
1694357503986 0.4425028819480461 361
1694357504044 0.44201756811224935 362
1694357504071 0.44148763522109197 363
1694357504098 0.4409971508331416 364
1694357504130 0.4404936348725313 365
1694357504165 0.43999165201138213 366
1694357504194 0.4394618176413901 367
1694357504219 0.43896231857236845 368
1694357504249 0.4384698308446364 369
1694357504335 0.4379743122073891 370
1694357504366 0.4374708301418592 371
1694357504403 0.43696813408394786 372
1694357504432 0.43647206935383426 373
1694357504463 0.43596619144271753 374
1694357504496 0.4354724736210259 375
1694357504524 0.43502215394457827 376
1694357504554 0.43451204245847636 377
1694357504583 0.43401149840557357 378
1694357504617 0.43353185094265845 379
1694357504650 0.43303353542691825 380
1694357504685 0.43258054899654086 381
1694357504717 0.4320901893075863 382
1694357504749 0.43160492554751195 383
1694357504780 0.43115290530577954 384
1694357504816 0.4307237371863173 385
1694357504851 0.4302322101565132 386
1694357504893 0.4297741724529394 387
1694357504933 0.4293066820998556 388
1694357504966 0.4288336037960917 389
1694357504996 0.42839700604787795 390
1694357505027 0.4279768449194068 391
1694357505084 0.427500173933346 392
1694357505114 0.42705116999357456 393
1694357505144 0.42658721642971914 394
1694357505183 0.4261218018353434 395
1694357505211 0.4256735477853474 396
1694357505241 0.4252070008480929 397
1694357505273 0.42473484657336663 398
1694357505301 0.42428108227548833 399
1694357505332 0.4238334850284634 400
1694357505364 0.42342624932597334 401
1694357505403 0.4229596513161636 402
1694357505440 0.42251427300080097 403
1694357505485 0.42209698065889206 404
1694357505517 0.4216696478709452 405
1694357505547 0.4211742556492681 406
1694357505577 0.420737189309613 407
1694357505607 0.4202894684391113 408
1694357505634 0.41986894898891763 409
1694357505664 0.4194222691536696 410
1694357505697 0.4190112704438643 411
1694357505734 0.41858423064610706 412
1694357505766 0.418144945204004 413
1694357505798 0.41772713838135955 414
1694357505832 0.4173082062722675 415
1694357505866 0.4168965574604793 416
1694357505986 0.4164878469547352 417
1694357506018 0.4160634298851907 418
1694357506071 0.41560189690522276 419
1694357506099 0.4151584178526747 420
1694357506127 0.4147403686329855 421
1694357506158 0.4143680455634211 422
1694357506185 0.41394607259342814 423
1694357506214 0.41353623402843454 424
1694357506242 0.413124411228452 425
1694357506277 0.4127285509089029 426
1694357506302 0.4123494909938906 427
1694357506331 0.41191653117190546 428
1694357506359 0.41151847505099237 429
1694357506385 0.4111142431468949 430
1694357506416 0.41070879682721323 431
1694357506445 0.4103020135182285 432
1694357506478 0.4098951232557579 433
1694357506509 0.40944218840436714 434
1694357506537 0.4090310226379965 435
1694357506565 0.4086179623914574 436
1694357506593 0.408239007809852 437
1694357506619 0.40783588878200594 438
1694357506650 0.40745503409567185 439
1694357506680 0.40707037213597147 440
1694357506711 0.406666945211105 441
1694357506736 0.4062528657998414 442
1694357506766 0.4058555865797661 443
1694357506795 0.40544263479445103 444
1694357506822 0.40507727700868895 445
1694357506851 0.40468739600765957 446
1694357506884 0.4043045782965464 447
1694357506915 0.4039159884215812 448
1694357506943 0.40348758894866144 449
1694357506971 0.4031095036327804 450
1694357507000 0.40271470949957344 451
1694357507029 0.40232751089840946 452
1694357507060 0.4019602818713306 453
1694357507113 0.4015968667710269 454
1694357507142 0.4012016294225929 455
1694357507169 0.40082909175149284 456
1694357507201 0.4004570177316915 457
1694357507230 0.40007744072749557 458
1694357507260 0.3997231540241349 459
1694357507285 0.39935851685310175 460
1694357507316 0.3989893028780901 461
1694357507346 0.39861921300748515 462
1694357507396 0.3982294335325274 463
1694357507427 0.3978811407418226 464
1694357507455 0.39749531218695816 465
1694357507486 0.39712355983825276 466
1694357507518 0.39675432311576747 467
1694357507548 0.39637496570342085 468
1694357507576 0.3960173424320967 469
1694357507602 0.3956837880626501 470
1694357507631 0.39531350604094123 471
1694357507660 0.39496607553868335 472
1694357507687 0.3946269990095064 473
1694357507716 0.39425722573104227 474
1694357507745 0.39390953383670185 475
1694357507780 0.39358643165469775 476
1694357507811 0.39325767929294503 477
1694357507837 0.3929139140032212 478
1694357507866 0.39254906385001165 479
1694357507901 0.3922029751074783 480
1694357507931 0.3918479701582854 481
1694357507960 0.3915017901161655 482
1694357508003 0.3911724332505447 483
1694357508131 0.3908284075130633 484
1694357508162 0.3904738047880379 485
1694357508195 0.390116380509742 486
1694357508265 0.38976673085755004 487
1694357508310 0.3894201744015661 488
1694357508351 0.38908937461573495 489
1694357508382 0.38874671905642283 490
1694357508411 0.3884047021909167 491
1694357508446 0.3880829904914655 492
1694357508483 0.38775357952936007 493
1694357508511 0.3874189017453508 494
1694357508536 0.38707404767418235 495
1694357508567 0.38673806354350243 496
1694357508597 0.38639127849915345 497
1694357508625 0.3861009759123902 498
1694357508653 0.3857855033416802 499
1694357508762 0.3857855033416802 500
