1694243534408 1.8718825595147413 0
1694243534431 1.8042393962131014 1
1694243534458 1.7466103332774214 2
1694243534483 1.6936316467651242 3
1694243534507 1.6456966193352631 4
1694243534543 1.6010771583692456 5
1694243534569 1.5596202247149165 6
1694243534595 1.520993684727493 7
1694243534620 1.4843912996918063 8
1694243534647 1.4501814001948763 9
1694243534681 1.4179683620239945 10
1694243534711 1.387136911626329 11
1694243534736 1.357687107712879 12
1694243534761 1.3300073615502381 13
1694243534787 1.3038111718332301 14
1694243534821 1.278655226368419 15
1694243534848 1.2540936201230632 16
1694243534914 1.2311434015274407 17
1694243534939 1.2090555136538066 18
1694243534968 1.1878218545912338 19
1694243534996 1.1678354364985657 20
1694243535023 1.1483321902194263 21
1694243535049 1.129381456529744 22
1694243535076 1.1113117578229235 23
1694243535098 1.0939432393833968 24
1694243535122 1.0771994456679201 25
1694243535147 1.0607476506932854 26
1694243535174 1.0448404232011492 27
1694243535199 1.0294196238995443 28
1694243535224 1.0149250577311457 29
1694243535248 1.0007978273975422 30
1694243535271 0.9870257357628349 31
1694243535302 0.9738174219410282 32
1694243535375 0.9610867244078519 33
1694243535429 0.9487830451247434 34
1694243535454 0.9368280216770264 35
1694243535478 0.9252766030249905 36
1694243535501 0.9141037206216001 37
1694243535530 0.9032539177649761 38
1694243535554 0.8927280187605092 39
1694243535578 0.8826878323577805 40
1694243535601 0.8728906446767818 41
1694243535639 0.8635728056987404 42
1694243535663 0.8542555509741171 43
1694243535687 0.8451448111422112 44
1694243535710 0.8363242571905269 45
1694243535741 0.8276092523476045 46
1694243535770 0.819366067690934 47
1694243535794 0.8112021302883398 48
1694243535829 0.8034404646438857 49
1694243535854 0.7956998768572245 50
1694243535881 0.7882953431126369 51
1694243535907 0.7808992521920893 52
1694243535930 0.7737951548547846 53
1694243535952 0.7669205808859269 54
1694243535975 0.7602536389878541 55
1694243536000 0.7538042180644681 56
1694243536030 0.7474365434240435 57
1694243536053 0.7412395486791258 58
1694243536075 0.7351196057560895 59
1694243536099 0.7291659886784605 60
1694243536124 0.7234189067686138 61
1694243536150 0.7178014814087054 62
1694243536173 0.7124279370261272 63
1694243536218 0.706945578401519 64
1694243536245 0.7017204288882671 65
1694243536273 0.6965850455076992 66
1694243536318 0.6915637941791393 67
1694243536346 0.6867289567243288 68
1694243536369 0.682005960615467 69
1694243536392 0.6773744188636712 70
1694243536415 0.6729561051037649 71
1694243536441 0.6685455352248406 72
1694243536467 0.6641071309484003 73
1694243536491 0.6598069650648329 74
1694243536514 0.6555781561932846 75
1694243536542 0.6513580888911539 76
1694243536570 0.6474152850060876 77
1694243536593 0.6435098518453275 78
1694243536616 0.6396193641305598 79
1694243536639 0.6358891772405848 80
1694243536663 0.6322695983313348 81
1694243536690 0.628648609998959 82
1694243536714 0.6251520556509669 83
1694243536742 0.6217248976237463 84
1694243536764 0.6182583439436197 85
1694243536795 0.6149780976120897 86
1694243536819 0.6117703846252881 87
1694243536842 0.6085316649707797 88
1694243536866 0.6053595233285978 89
1694243536895 0.6021156177390603 90
1694243536918 0.5990142977218748 91
1694243536942 0.596084826356281 92
1694243536965 0.593160358906881 93
1694243536990 0.5902132672977817 94
1694243537017 0.5873381487944378 95
1694243537045 0.5845516121604443 96
1694243537068 0.5817640066893789 97
1694243537092 0.5790738464373324 98
1694243537118 0.5764349437727998 99
1694243537142 0.5738095353243197 100
1694243537165 0.5711917825429302 101
1694243537190 0.5686972449544226 102
1694243537217 0.5662043621214143 103
1694243537244 0.5637684648992745 104
1694243537269 0.5613131919172618 105
1694243537303 0.5589284092350538 106
1694243537326 0.5566033186707565 107
1694243537349 0.5543032938372606 108
1694243537375 0.552034357391351 109
1694243537399 0.5498178061017375 110
1694243537429 0.5475971574617609 111
1694243537455 0.545452864229148 112
1694243537519 0.5433664242393469 113
1694243537585 0.5413082406982845 114
1694243537608 0.5392198100308478 115
1694243537636 0.537217622345458 116
1694243537667 0.5352163448358442 117
1694243537691 0.533187607342018 118
1694243537715 0.5312074684418939 119
1694243537740 0.5293552960570166 120
1694243537782 0.5274521388210891 121
1694243537805 0.525583537501529 122
1694243537832 0.5237078601009414 123
1694243537858 0.5219061068735011 124
1694243537881 0.5201046932126993 125
1694243537907 0.5182894922665747 126
1694243537930 0.5165686140435989 127
1694243537954 0.5149026908057559 128
1694243537980 0.5132354273382885 129
1694243538005 0.5115678548075824 130
1694243538029 0.5098531422735546 131
1694243538074 0.5082139087334901 132
1694243538096 0.506608370273132 133
1694243538124 0.5049246236722152 134
1694243538169 0.5033928543982856 135
1694243538191 0.5018798041827349 136
1694243538222 0.500340889961084 137
1694243538279 0.4988016872688822 138
1694243538305 0.497290811970223 139
1694243538329 0.495819281702769 140
1694243538357 0.4943505023657888 141
1694243538380 0.49285996574293156 142
1694243538404 0.4914275251996499 143
1694243538430 0.4900573110248303 144
1694243538457 0.4886286737917775 145
1694243538481 0.48720089603706684 146
1694243538503 0.4858366956673075 147
1694243538525 0.48445176489402814 148
1694243538553 0.4830825311111247 149
1694243538580 0.4818528897411438 150
1694243538602 0.4806175189384929 151
1694243538624 0.4793055160042483 152
1694243538648 0.4779733332673373 153
1694243538671 0.4767032115554262 154
1694243538751 0.475477202368362 155
1694243538861 0.47420546057307 156
1694243538889 0.47300316429191275 157
1694243538913 0.4718130895553422 158
1694243538939 0.4706302786829882 159
1694243538964 0.46938791488776715 160
1694243538987 0.46815846953223084 161
1694243539011 0.4669198210248961 162
1694243539039 0.4657209740335656 163
1694243539065 0.46463720716030715 164
1694243539089 0.463462321344821 165
1694243539112 0.46236511999303775 166
1694243539135 0.46122089563992796 167
1694243539162 0.4601217593652532 168
1694243539186 0.45894778364953587 169
1694243539208 0.4578293421181038 170
1694243539241 0.45674194764785087 171
1694243539274 0.45567642653059953 172
1694243539295 0.45460680552054566 173
1694243539318 0.45349623216816654 174
1694243539351 0.4523999434603955 175
1694243539379 0.451380341418927 176
1694243539404 0.4503251403735306 177
1694243539428 0.4492838917823012 178
1694243539458 0.4482148945087202 179
1694243539489 0.447169894833085 180
1694243539512 0.44617751616374984 181
1694243539539 0.4452230913574222 182
1694243539565 0.444188972457824 183
1694243539615 0.4432203703671087 184
1694243539638 0.44224503230189044 185
1694243539690 0.44122830656874495 186
1694243539715 0.4402494794703558 187
1694243539737 0.4392103511815434 188
1694243539782 0.4382683213925608 189
1694243539807 0.43730835222643644 190
1694243539829 0.43634874153449255 191
1694243539852 0.4354009518864362 192
1694243539879 0.4344608185270813 193
1694243539903 0.43352384418650414 194
1694243539949 0.4326467673519701 195
1694243539971 0.4317612768249648 196
1694243539999 0.43085952203887784 197
1694243540042 0.4299444615561286 198
1694243540064 0.42907742377264846 199
1694243540085 0.42818617209979576 200
1694243540112 0.42729528497140346 201
1694243540133 0.4264379355758232 202
1694243540155 0.42556101014645437 203
1694243540178 0.42465530879656493 204
1694243540201 0.42378040884875945 205
1694243540227 0.42296105494409075 206
1694243540262 0.4220551715207977 207
1694243540286 0.42123928247338827 208
1694243540309 0.42033056278189496 209
1694243540335 0.4194651164145392 210
1694243540358 0.41865077485954955 211
1694243540381 0.41784785570242605 212
1694243540408 0.41703752728775684 213
1694243540434 0.41620640775021367 214
1694243540457 0.41537406417928313 215
1694243540481 0.41459078490684137 216
1694243540504 0.4137256216633979 217
1694243540530 0.41287127256401085 218
1694243540553 0.4121105019191098 219
1694243540576 0.4113403306541182 220
1694243540599 0.4106065702446537 221
1694243540622 0.4098233657232892 222
1694243540645 0.40911395321299177 223
1694243540670 0.40839227721154037 224
1694243540691 0.4075941310742025 225
1694243540715 0.4068626209815627 226
1694243540751 0.4061394334063793 227
1694243540776 0.4054383943160563 228
1694243540802 0.4046488129726872 229
1694243540825 0.403920583615233 230
1694243540849 0.4031610353211443 231
1694243540880 0.4024435618826252 232
1694243540903 0.40167674720354907 233
1694243540926 0.40091244658713965 234
1694243540949 0.4001580661289295 235
1694243540972 0.39941100822732173 236
1694243540997 0.3987243754725293 237
1694243541018 0.3979994017685536 238
1694243541041 0.397298702433041 239
1694243541064 0.39662820000104915 240
1694243541089 0.3959095114036598 241
1694243541112 0.3952009316437929 242
1694243541134 0.39450882954649175 243
1694243541156 0.393847599298589 244
1694243541178 0.3930844919669767 245
1694243541218 0.3924091146537611 246
1694243541240 0.3917504789348978 247
1694243541263 0.39104098365370876 248
1694243541286 0.39028560302957893 249
1694243541311 0.38958421021571904 250
1694243541347 0.3888268526968893 251
1694243541370 0.388139077650925 252
1694243541393 0.3875018936579639 253
1694243541416 0.386796185772846 254
1694243541440 0.38612696408782965 255
1694243541466 0.3855327058035578 256
1694243541487 0.3849785499337351 257
1694243541508 0.384341934931067 258
1694243541530 0.3836658963404917 259
1694243541553 0.3829950071998087 260
1694243541577 0.3823113848506267 261
1694243541604 0.3817004967928926 262
1694243541626 0.381059803109484 263
1694243541649 0.3803654658922706 264
1694243541677 0.37971872746980506 265
1694243541718 0.3790091860031294 266
1694243541807 0.37840826718143894 267
1694243541832 0.3778156501740214 268
1694243541854 0.377177663786391 269
1694243541883 0.3766346177108756 270
1694243541920 0.37593806337071217 271
1694243541946 0.37532301239427235 272
1694243541968 0.3747051769508514 273
1694243541990 0.37411451056348366 274
1694243542014 0.3735083289505511 275
1694243542036 0.37287993939455705 276
1694243542063 0.37223606506345014 277
1694243542084 0.3716703733931791 278
1694243542118 0.3710957257854523 279
1694243542140 0.37047020548385184 280
1694243542165 0.3698959363330328 281
1694243542186 0.3693233280575068 282
1694243542216 0.3687174727262949 283
1694243542243 0.3681496553091503 284
1694243542268 0.3675208082053808 285
1694243542292 0.3669432434708424 286
1694243542315 0.3664258130778053 287
1694243542340 0.3659193938495431 288
1694243542361 0.3653357927527031 289
1694243542382 0.36475286328125595 290
1694243542409 0.3642204693600827 291
1694243542432 0.36367396923298406 292
1694243542455 0.36308512207393334 293
1694243542478 0.3625252129350758 294
1694243542500 0.36198982300274957 295
1694243542523 0.36136624346664403 296
1694243542550 0.3608195829351499 297
1694243542573 0.360269701922597 298
1694243542598 0.3597895781015014 299
1694243542623 0.3592527165210779 300
1694243542647 0.358687218500336 301
1694243542680 0.3580743117829927 302
1694243542704 0.3575276151652474 303
1694243542727 0.3569758613728315 304
1694243542748 0.35645942082722726 305
1694243542771 0.35592391354869357 306
1694243542797 0.355401664227096 307
1694243542821 0.3548342773302042 308
1694243542847 0.3542285753279515 309
1694243542869 0.35370096026931386 310
1694243542891 0.35313099631531025 311
1694243542918 0.35260395074983203 312
1694243542944 0.35203400150200037 313
1694243542968 0.3514943665004478 314
1694243542992 0.3509446803754274 315
1694243543017 0.3504098984028659 316
1694243543045 0.34986088624899825 317
1694243543076 0.3493543908164256 318
1694243543100 0.3488576760111918 319
1694243543128 0.34831950947815454 320
1694243543157 0.347769564840382 321
1694243543192 0.3471764575094633 322
1694243543217 0.34667015471089785 323
1694243543245 0.34613557013957513 324
1694243543267 0.3456365865158973 325
1694243543291 0.345127605572889 326
1694243543315 0.34464253833602254 327
1694243543343 0.3441441567775732 328
1694243543368 0.3436871773148852 329
1694243543390 0.34321071552215593 330
1694243543415 0.3427120453969812 331
1694243543440 0.3421671169805649 332
1694243543468 0.34165672266024977 333
1694243543493 0.341131373407366 334
1694243543518 0.34055774009585843 335
1694243543542 0.3400947517966397 336
1694243543564 0.33957894614491285 337
1694243543588 0.33903114106367666 338
1694243543618 0.3385038244743995 339
1694243543674 0.3380138655964235 340
1694243543695 0.3374727881440324 341
1694243543717 0.3369650940961343 342
1694243543764 0.33646093742164845 343
1694243543789 0.3360063778890572 344
1694243543813 0.3355505836224574 345
1694243543838 0.33504944469192843 346
1694243543908 0.3345474492369427 347
1694243543930 0.33412868453912886 348
1694243543952 0.3336311693028802 349
1694243543982 0.3331598055408151 350
1694243544003 0.33270491438139543 351
1694243544026 0.3322363220345561 352
1694243544048 0.3317641918643215 353
1694243544075 0.3312806513542767 354
1694243544101 0.33079277643153565 355
1694243544123 0.33030710711710215 356
1694243544145 0.329861717800026 357
1694243544175 0.32941375630136305 358
1694243544202 0.32889841030383704 359
1694243544224 0.3284869637807217 360
1694243544247 0.3280055280924296 361
1694243544268 0.3275522163232934 362
1694243544290 0.32707527736327935 363
1694243544317 0.32664775466802265 364
1694243544339 0.3262304760403779 365
1694243544361 0.325805435651689 366
1694243544382 0.32533293608527336 367
1694243544408 0.324908980933929 368
1694243544431 0.3244246553538707 369
1694243544453 0.3239740777974618 370
1694243544475 0.323547125707377 371
1694243544501 0.32315013859071223 372
1694243544532 0.32266711260602493 373
1694243544555 0.32223049135291354 374
1694243544576 0.3217833579579354 375
1694243544600 0.3213969070336183 376
1694243544622 0.3209871377366819 377
1694243544657 0.32055174965781336 378
1694243544677 0.3201505706978135 379
1694243544700 0.31976315472449407 380
1694243544721 0.3193130939815665 381
1694243544744 0.3188514999226899 382
1694243544767 0.31841743069929945 383
1694243544793 0.3180105860598341 384
1694243544817 0.3175123699307878 385
1694243544840 0.31711273774716964 386
1694243544862 0.31668111828778944 387
1694243544884 0.3162564807267361 388
1694243544907 0.3157887376606762 389
1694243544938 0.3153881055604477 390
1694243544959 0.3149619001884473 391
1694243544983 0.31453950130279856 392
1694243545009 0.31412350951229867 393
1694243545033 0.31370004595800477 394
1694243545064 0.31329137625972425 395
1694243545086 0.31285069291403433 396
1694243545109 0.3124391661577595 397
1694243545139 0.3120322023973536 398
1694243545160 0.31163301799247545 399
1694243545185 0.3112116840817429 400
1694243545208 0.31076482725151194 401
1694243545231 0.31028885073816614 402
1694243545253 0.3098471451115572 403
1694243545274 0.3094148525509078 404
1694243545300 0.3090355102645192 405
1694243545321 0.30868843608328833 406
1694243545344 0.30826951961049054 407
1694243545368 0.30785565185771596 408
1694243545393 0.3074555891678705 409
1694243545416 0.30698116250882235 410
1694243545443 0.3066131783593155 411
1694243545465 0.30624015941102833 412
1694243545492 0.305817226333521 413
1694243545537 0.30540360741728256 414
1694243545562 0.30493835483712056 415
1694243545585 0.30459932326797323 416
1694243545659 0.30423766541302133 417
1694243545680 0.30386640104540424 418
1694243545704 0.3034622556240059 419
1694243545733 0.3030542521664378 420
1694243545758 0.30269559284276126 421
1694243545783 0.3023000173035476 422
1694243545808 0.3019179277761188 423
1694243545833 0.3015321625731652 424
1694243545860 0.30109196662031995 425
1694243545887 0.3007127897561136 426
1694243545914 0.3003329453528009 427
1694243545948 0.29992348005254305 428
1694243545976 0.29955249752314367 429
1694243546049 0.2991451353191137 430
1694243546073 0.29876532852854215 431
1694243546097 0.2984096445314054 432
1694243546125 0.298011684755263 433
1694243546150 0.29756423192453685 434
1694243546200 0.2971407394698331 435
1694243546224 0.2967160083240822 436
1694243546248 0.2963049342764451 437
1694243546274 0.2959243973177912 438
1694243546301 0.29550391914679774 439
1694243546327 0.29509038373576935 440
1694243546352 0.2946690466048693 441
1694243546376 0.2942805781945775 442
1694243546401 0.29386283603762187 443
1694243546435 0.2934609475284086 444
1694243546460 0.2930752733308329 445
1694243546484 0.29268768157991887 446
1694243546511 0.29231177693887417 447
1694243546539 0.29191888564605517 448
1694243546563 0.2915090799237849 449
1694243546587 0.2911120828828883 450
1694243546612 0.2907716288324002 451
1694243546638 0.29039918092485584 452
1694243546666 0.2900077175518475 453
1694243546689 0.28968187743871515 454
1694243546724 0.2893101792930309 455
1694243546746 0.2889461925191136 456
1694243546775 0.28857061624095715 457
1694243546799 0.28825889171115304 458
1694243546825 0.2879329236627601 459
1694243546852 0.28756096261994923 460
1694243546891 0.2872071068978508 461
1694243546915 0.28680880372685125 462
1694243546948 0.2864332329764614 463
1694243546973 0.2860949279050149 464
1694243546997 0.28571336321090474 465
1694243547030 0.28534771046124496 466
1694243547054 0.2849599765036385 467
1694243547079 0.2845518560247084 468
1694243547103 0.28417883712495495 469
1694243547128 0.28383506302193445 470
1694243547158 0.2834543772185877 471
1694243547182 0.2830828972498722 472
1694243547207 0.2826869405454567 473
1694243547231 0.2823338674426475 474
1694243547261 0.2819696196998493 475
1694243547285 0.2816020733487967 476
1694243547310 0.2812768952405093 477
1694243547334 0.2808816649896274 478
1694243547359 0.28058539548814343 479
1694243547388 0.2802179145493645 480
1694243547414 0.27988566976811524 481
1694243547445 0.2795324348937333 482
1694243547470 0.27918237776480437 483
1694243547498 0.2788460543150674 484
1694243547525 0.27851726560517825 485
1694243547568 0.27818035020686027 486
1694243547591 0.2778234501002312 487
1694243547620 0.27748651183425194 488
1694243547668 0.27713116728449294 489
1694243547691 0.276802562687841 490
1694243547714 0.2764670312022908 491
1694243547741 0.27614300235093603 492
1694243547768 0.27583583187371385 493
1694243547800 0.27549977856046987 494
1694243547834 0.2751766445466662 495
1694243547860 0.2748832074525041 496
1694243547885 0.2745268850864245 497
1694243547914 0.27416726843145933 498
1694243547943 0.2737950489900506 499
1694243547966 0.27347428814906277 500
1694243547990 0.27312270323030385 501
1694243548013 0.2727912141879513 502
1694243548040 0.27251022695719906 503
1694243548070 0.27216325562224897 504
1694243548097 0.271837836012494 505
1694243548200 0.27150802262839036 506
1694243548223 0.27117203128237566 507
1694243548249 0.2708333829979291 508
1694243548274 0.270496806580073 509
1694243548305 0.27018998182126935 510
1694243548339 0.2698670823312794 511
1694243548364 0.26960775170868834 512
1694243548389 0.26929923720373644 513
1694243548419 0.2689412463004409 514
1694243548448 0.26861696432659865 515
1694243548472 0.2682816933126383 516
1694243548497 0.26798736413447927 517
1694243548525 0.26763691110915566 518
1694243548549 0.26731663546928813 519
1694243548574 0.2669550305633092 520
1694243548597 0.26668548691479227 521
1694243548627 0.26637088726762564 522
1694243548668 0.2660274424631148 523
1694243548693 0.26568120371073706 524
1694243548718 0.2653275619710213 525
1694243548743 0.2650196296601755 526
1694243548770 0.26470850287705994 527
1694243548799 0.2643971719422652 528
1694243548824 0.2640920235872671 529
1694243548862 0.2637578688525054 530
1694243548908 0.2634776862842884 531
1694243548947 0.26317545148796984 532
1694243548971 0.26283794704275004 533
1694243548997 0.26253408679931517 534
1694243549021 0.26220984837100114 535
1694243549044 0.2619174345499808 536
1694243549073 0.26157621238873546 537
1694243549098 0.26126772359382483 538
1694243549120 0.26094794044894143 539
1694243549145 0.260637351167697 540
1694243549169 0.26034875855600237 541
1694243549199 0.2600340066536033 542
1694243549231 0.2597269415951313 543
1694243549260 0.259412267723113 544
1694243549285 0.25912232963614046 545
1694243549310 0.2587633498471575 546
1694243549339 0.2584807044385735 547
1694243549364 0.2581782250376358 548
1694243549397 0.2578578615543258 549
1694243549427 0.25754858358350724 550
1694243549452 0.2572561252149349 551
1694243549481 0.2569427716568742 552
1694243549505 0.25667391980227644 553
1694243549528 0.2563909450456792 554
1694243549550 0.25607564954171047 555
1694243549603 0.2557393190766406 556
1694243549626 0.2554407274440164 557
1694243549649 0.25516053300924385 558
1694243549698 0.25483848081779586 559
1694243549726 0.25456507412489676 560
1694243549750 0.25428131707885165 561
1694243549776 0.25396561145549884 562
1694243549801 0.25363886033047095 563
1694243549830 0.253325721826533 564
1694243549854 0.2529889113460622 565
1694243549877 0.25271450015081715 566
1694243549900 0.2524283117373224 567
1694243549938 0.2521631531464229 568
1694243549961 0.2518779191080644 569
1694243549984 0.251607590888608 570
1694243550010 0.25128560101290887 571
1694243550036 0.2510191589186823 572
1694243550062 0.25070171113914125 573
1694243550093 0.25041248195444216 574
1694243550119 0.25013161527298844 575
1694243550146 0.24981934068161832 576
1694243550173 0.24949323289842817 577
1694243550269 0.24921567809425038 578
1694243550294 0.24889466593723905 579
1694243550322 0.24860344428359524 580
1694243550348 0.2483085588344235 581
1694243550379 0.24803892699473223 582
1694243550402 0.2477154046565986 583
1694243550429 0.24741980503862004 584
1694243550473 0.24714655546064196 585
1694243550499 0.24686757215752644 586
1694243550524 0.24657694595478055 587
1694243550549 0.24630283576834985 588
1694243550572 0.2460020023079794 589
1694243550596 0.24572601621842044 590
1694243550622 0.24543472835635316 591
1694243550650 0.24515780507481313 592
1694243550674 0.24484033716164072 593
1694243550697 0.24458117861985648 594
1694243550722 0.2442826061855545 595
1694243550745 0.2440105983217031 596
1694243550773 0.24373479868521528 597
1694243550797 0.24347981309753444 598
1694243550825 0.2431912594676585 599
1694243550849 0.24288117586293148 600
1694243550881 0.2425949893322124 601
1694243550904 0.2423391795512624 602
1694243550941 0.24210846298847297 603
1694243550968 0.24180131634965651 604
1694243551000 0.24149369923341432 605
1694243551025 0.24123304240004537 606
1694243551048 0.24097356772241924 607
1694243551080 0.24072932535628552 608
1694243551109 0.24047659040248906 609
1694243551134 0.24025498430203002 610
1694243551160 0.24000494564531236 611
1694243551185 0.23972879129697147 612
1694243551213 0.23946681629599653 613
1694243551243 0.23922772144773122 614
1694243551268 0.23891990539103647 615
1694243551293 0.23865599900941248 616
1694243551319 0.2383871680576381 617
1694243551346 0.23808466404656925 618
1694243551375 0.23782584984597574 619
1694243551403 0.23756316694491317 620
1694243551427 0.2373020253315884 621
1694243551456 0.2370635977599242 622
1694243551479 0.2367952772244081 623
1694243551509 0.23653696838229657 624
1694243551543 0.236247402015204 625
1694243551567 0.23598438016326234 626
1694243551591 0.2357165571805521 627
1694243551643 0.23545412847804145 628
1694243551669 0.23519027255471903 629
1694243551695 0.23495088277946571 630
1694243551754 0.23466872758355115 631
1694243551780 0.2344073915963507 632
1694243551802 0.234127529499217 633
1694243551835 0.23387368134962058 634
1694243551858 0.23364247117164794 635
1694243551883 0.23339451709716436 636
1694243551907 0.23312947894133035 637
1694243551932 0.2328732435312164 638
1694243551964 0.23258427299211576 639
1694243551996 0.23231412267828652 640
1694243552022 0.23204186002146918 641
1694243552049 0.23178127786169886 642
1694243552075 0.23151072845710882 643
1694243552108 0.23125203008119144 644
1694243552137 0.2309721374039235 645
1694243552162 0.23071658880756374 646
1694243552186 0.2304415619613426 647
1694243552209 0.23016546527294174 648
1694243552234 0.22992573999705515 649
1694243552266 0.2296371333148127 650
1694243552292 0.2293728204822842 651
1694243552341 0.22913107286394968 652
1694243552373 0.22886365021618374 653
1694243552417 0.22863705741498117 654
1694243552444 0.2284059125720862 655
1694243552473 0.22818200709787434 656
1694243552498 0.22792028271447998 657
1694243552522 0.22766931708766686 658
1694243552551 0.22741703032952304 659
1694243552575 0.22717804694879112 660
1694243552601 0.22694960177119408 661
1694243552738 0.22669689818345048 662
1694243552762 0.22643913005150806 663
1694243552787 0.2261672418263916 664
1694243552813 0.2258746124627044 665
1694243552838 0.22557269026630172 666
1694243552870 0.22531957693748192 667
1694243552919 0.22508635144830816 668
1694243552965 0.2248353552896172 669
1694243552996 0.22454641576041523 670
1694243553027 0.22429049178279972 671
1694243553052 0.22406954298689472 672
1694243553077 0.22384172271862227 673
1694243553100 0.22358924952208842 674
1694243553124 0.22334295760918235 675
1694243553173 0.22314406929980696 676
1694243553196 0.2228801857799398 677
1694243553226 0.2226594121089833 678
1694243553260 0.2224103493240427 679
1694243553285 0.22216246940909165 680
1694243553307 0.2219057075457663 681
1694243553330 0.22164308223280324 682
1694243553354 0.2213944802253525 683
1694243553384 0.2211551924132347 684
1694243553408 0.2209279188422716 685
1694243553433 0.22069448619719836 686
1694243553461 0.2204684532914501 687
1694243553490 0.2202293428230116 688
1694243553514 0.21998146495463983 689
1694243553538 0.21974972652252786 690
1694243553569 0.21948751978270978 691
1694243553593 0.21928540033890917 692
1694243553622 0.219054411882117 693
1694243553669 0.2188181800333333 694
1694243553694 0.218590902078176 695
1694243553723 0.21835322122067208 696
1694243553753 0.2181153054509055 697
1694243553799 0.21788800429191202 698
1694243553823 0.2176596591691757 699
1694243553848 0.21741498176754595 700
1694243553872 0.21721604257947275 701
1694243553903 0.21702156751235505 702
1694243553929 0.21677363022844803 703
1694243553957 0.21653743405897663 704
1694243553982 0.2163049996748546 705
1694243554009 0.21609990433293208 706
1694243554033 0.2158677960637793 707
1694243554058 0.21563607638772497 708
1694243554082 0.21538692568364293 709
1694243554104 0.21514753347855176 710
1694243554131 0.2149066441449629 711
1694243554156 0.2146778571069396 712
1694243554178 0.21446707795371717 713
1694243554207 0.21423936338711125 714
1694243554229 0.2140135850705911 715
1694243554258 0.2137358152579343 716
1694243554282 0.2135095116244926 717
1694243554309 0.21328521671161935 718
1694243554332 0.213074927112066 719
1694243554362 0.21283247720411871 720
1694243554385 0.212629495380033 721
1694243554410 0.212405897986913 722
1694243554441 0.21218555851831958 723
1694243554470 0.21197062333397165 724
1694243554502 0.2117757265405849 725
1694243554564 0.21160284492671377 726
1694243554603 0.2114097120200545 727
1694243554627 0.21115542498710504 728
1694243554655 0.2109270133204817 729
1694243554679 0.21069878386688537 730
1694243554703 0.21047413841542406 731
1694243554731 0.21021213356419208 732
1694243554753 0.20999409468470104 733
1694243554781 0.20979324572690736 734
1694243554805 0.20956946371382904 735
1694243554830 0.20935266421068927 736
1694243554853 0.20913277993634893 737
1694243554881 0.20887657610089788 738
1694243554904 0.2086670101736161 739
1694243554931 0.2084604479170632 740
1694243554961 0.20822863790521684 741
1694243554986 0.20799210395109652 742
1694243555009 0.2078152440272852 743
1694243555033 0.20758166579536091 744
1694243555068 0.20735565044807053 745
1694243555091 0.20711563028851662 746
1694243555114 0.20692637396772845 747
1694243555138 0.206694300985589 748
1694243555165 0.20649788621822415 749
1694243555198 0.20629193723634448 750
1694243555221 0.20607283698119414 751
1694243555245 0.20587064056821242 752
1694243555274 0.2056429619755084 753
1694243555302 0.20540695369197196 754
1694243555327 0.20517069030661242 755
1694243555351 0.20497716151961637 756
1694243555379 0.2047589007054491 757
1694243555407 0.20453876538289467 758
1694243555431 0.2043105397227118 759
1694243555459 0.204091220891122 760
1694243555482 0.203869095659396 761
1694243555507 0.20366033138819303 762
1694243555533 0.20343902251203413 763
1694243555557 0.20322912905858753 764
1694243555581 0.20300196281698532 765
1694243555607 0.20278799736442507 766
1694243555635 0.20258702629511163 767
1694243555659 0.20240555201355956 768
1694243555709 0.20219090956926258 769
1694243555732 0.2020211739995334 770
1694243555757 0.20180359986014051 771
1694243555785 0.2015796916263859 772
1694243555834 0.20138375288946953 773
1694243555857 0.20115553862959376 774
1694243555884 0.20095538192381576 775
1694243555906 0.20074211793910135 776
1694243555933 0.2005497874236416 777
1694243555961 0.20033387353613286 778
1694243555985 0.20013137864445893 779
1694243556013 0.199925173216697 780
1694243556038 0.19971419571329227 781
1694243556063 0.1994719405964418 782
1694243556087 0.19925506632638365 783
1694243556111 0.19902664052312657 784
1694243556138 0.19882314795808492 785
1694243556162 0.19862442972762726 786
1694243556191 0.19841545610367797 787
1694243556215 0.19822064776261142 788
1694243556245 0.19800371106008108 789
1694243556270 0.19779092611685023 790
1694243556295 0.19758139328813495 791
1694243556320 0.19735731127755526 792
1694243556348 0.19715391546239963 793
1694243556375 0.19695207058427874 794
1694243556398 0.19677292328053717 795
1694243556422 0.19658454644792162 796
1694243556446 0.19638929840564354 797
1694243556477 0.19619467819084707 798
1694243556501 0.19598403226495853 799
1694243556534 0.19579029707545015 800
1694243556558 0.19561428854466872 801
1694243556583 0.1954431243997118 802
1694243556614 0.19522839143507434 803
1694243556679 0.1950285462521816 804
1694243556743 0.19485725266177104 805
1694243556766 0.1946614391866266 806
1694243556793 0.19445246529789834 807
1694243556820 0.19424963781184318 808
1694243556844 0.19403771099946737 809
1694243556875 0.19382074324690665 810
1694243556898 0.1936304057281862 811
1694243556923 0.19343391312454886 812
1694243556963 0.19322133093519991 813
1694243556992 0.19299099555326202 814
1694243557017 0.1927911795413503 815
1694243557041 0.19258631012417665 816
1694243557079 0.19237767635342673 817
1694243557103 0.19220166531046617 818
1694243557128 0.19200129707435323 819
1694243557154 0.19179510927661556 820
1694243557188 0.19161353241266932 821
1694243557211 0.1914248384832081 822
1694243557237 0.19124648297171778 823
1694243557407 0.19522839143507434 824
