1694357321859 1.9107536336657314 0
1694357321893 1.874007197290785 1
1694357321922 1.8408203752939953 2
1694357321947 1.809180199417067 3
1694357321974 1.7793470440929546 4
1694357321998 1.750915989219168 5
1694357322023 1.7240237432876706 6
1694357322047 1.6983915940549559 7
1694357322070 1.6736989044148634 8
1694357322095 1.6499840599004219 9
1694357322120 1.6271171328489162 10
1694357322146 1.605186038704913 11
1694357322170 1.5838690908377284 12
1694357322195 1.5635021007710326 13
1694357322221 1.5439076638879494 14
1694357322247 1.5249148009963251 15
1694357322272 1.506215877821325 16
1694357322303 1.4882465434214533 17
1694357322332 1.4708847644810452 18
1694357322360 1.4539828656305198 19
1694357322385 1.4378115350501635 20
1694357322411 1.4216600490221543 21
1694357322436 1.406068990810297 22
1694357322462 1.3909444256121817 23
1694357322488 1.3762139887033447 24
1694357322516 1.3617786839208745 25
1694357322542 1.3475329039185158 26
1694357322567 1.3336225981288765 27
1694357322594 1.3200516090590564 28
1694357322620 1.3067962520083807 29
1694357322645 1.2940704006033523 30
1694357322670 1.2814585031362666 31
1694357322697 1.2691324582732832 32
1694357322722 1.2571036848590362 33
1694357322748 1.2453877221404428 34
1694357322774 1.2338744010566127 35
1694357322805 1.2225795938655553 36
1694357322837 1.21163489359911 37
1694357322886 1.2009261004413174 38
1694357322910 1.1903261788314676 39
1694357322936 1.1799756048445915 40
1694357322961 1.169873242359967 41
1694357322985 1.1600725502079985 42
1694357323011 1.1502895701639058 43
1694357323042 1.1406266301012435 44
1694357323067 1.1311312955131185 45
1694357323092 1.1218615164521344 46
1694357323117 1.112825051624061 47
1694357323145 1.1037909795544438 48
1694357323174 1.0950896725395456 49
1694357323201 1.0865733064735856 50
1694357323228 1.0781761863275559 51
1694357323256 1.0699312968806842 52
1694357323282 1.0617891713889187 53
1694357323314 1.0538399374131517 54
1694357323344 1.0460048727505615 55
1694357323372 1.0382403180704496 56
1694357323398 1.030645180813809 57
1694357323425 1.0231105139248635 58
1694357323452 1.015775511728369 59
1694357323590 1.0085687776756849 60
1694357323615 1.0014306960755204 61
1694357323641 0.9944743883363788 62
1694357323666 0.9877416285592215 63
1694357323692 0.9809894728919762 64
1694357323717 0.9744365652919434 65
1694357323741 0.9679393215711996 66
1694357323764 0.9615516254341606 67
1694357323799 0.9552586485845141 68
1694357323840 0.9490165838498811 69
1694357323863 0.9429531248680749 70
1694357323888 0.9369593936441514 71
1694357323912 0.9311283952873635 72
1694357323938 0.9252930113328818 73
1694357323967 0.9195574826154036 74
1694357323992 0.9138148856786245 75
1694357324017 0.9082031678446608 76
1694357324045 0.9027834413994449 77
1694357324070 0.8974099911279383 78
1694357324102 0.892125337480549 79
1694357324129 0.8869419390283034 80
1694357324155 0.8818342660305158 81
1694357324182 0.8768322868814549 82
1694357324208 0.8718589178480334 83
1694357324233 0.866957286473257 84
1694357324270 0.8621287667602908 85
1694357324302 0.8573024863444441 86
1694357324328 0.8526423512841971 87
1694357324355 0.8480076543651017 88
1694357324381 0.8434152444577991 89
1694357324409 0.8388794307536895 90
1694357324434 0.834381646096191 91
1694357324460 0.8300910682455951 92
1694357324485 0.8258957698267266 93
1694357324512 0.8216506428130108 94
1694357324539 0.8174205664206013 95
1694357324565 0.8132702548323032 96
1694357324591 0.8092874265239924 97
1694357324624 0.8052752410256996 98
1694357324651 0.8013510019152633 99
1694357324677 0.7974633112042605 100
1694357324702 0.7936393721331755 101
1694357324730 0.789885693108728 102
1694357324756 0.7861597917679694 103
1694357324781 0.7825251173312737 104
1694357324812 0.7788463559267012 105
1694357324841 0.7753042234410338 106
1694357324867 0.7717439491719389 107
1694357324917 0.768231491074755 108
1694357324943 0.7647048648688053 109
1694357324968 0.7613026142168917 110
1694357324993 0.7578876865779663 111
1694357325020 0.7545493330928492 112
1694357325048 0.7512931652775209 113
1694357325075 0.7480578430917767 114
1694357325101 0.744875673803849 115
1694357325134 0.7417046864332876 116
1694357325162 0.7386473708697437 117
1694357325189 0.7356030647272567 118
1694357325216 0.7325496452950637 119
1694357325242 0.7295805663216127 120
1694357325270 0.7265922185786461 121
1694357325302 0.7237001236610102 122
1694357325331 0.7208574760680361 123
1694357325358 0.7180423457010653 124
1694357325385 0.7152008563236603 125
1694357325411 0.7124589147300725 126
1694357325438 0.7096794644543479 127
1694357325466 0.7069576736526485 128
1694357325493 0.7042987143456445 129
1694357325520 0.70164051095292 130
1694357325547 0.6990319771733576 131
1694357325585 0.6963885112500164 132
1694357325645 0.6938900410997052 133
1694357325676 0.6914255284360454 134
1694357325761 0.6888807693117114 135
1694357325787 0.6864080771429557 136
1694357325823 0.6839650877635814 137
1694357325871 0.6814896970496503 138
1694357325896 0.6790549523288367 139
1694357325923 0.6767246543881997 140
1694357325948 0.6743894432880336 141
1694357325974 0.6720574871644134 142
1694357326000 0.6698047152999941 143
1694357326026 0.6675445892827818 144
1694357326054 0.6652502005271725 145
1694357326084 0.6630536610330859 146
1694357326111 0.6608662112656541 147
1694357326138 0.6587123818874365 148
1694357326162 0.6565749625203334 149
1694357326187 0.6544038390468843 150
1694357326216 0.6522950371906638 151
1694357326243 0.6501628969235979 152
1694357326270 0.6481542965123281 153
1694357326298 0.6461387043892682 154
1694357326329 0.6441221466311535 155
1694357326375 0.6420854188541205 156
1694357326399 0.6401296378944 157
1694357326424 0.6382298968544504 158
1694357326448 0.6362681806290253 159
1694357326474 0.6343904620673864 160
1694357326499 0.632479491233531 161
1694357326524 0.6305975233850214 162
1694357326551 0.6287542122226574 163
1694357326578 0.6269544428996954 164
1694357326604 0.6251394348183507 165
1694357326629 0.6233388396024563 166
1694357326654 0.6215428694618235 167
1694357326680 0.6198031509024512 168
1694357326707 0.6180127999512264 169
1694357326736 0.6163301856388279 170
1694357326761 0.6146483644679864 171
1694357326792 0.6129100964424015 172
1694357326819 0.6112434614760349 173
1694357326846 0.6095998327742862 174
1694357326872 0.6079438342615913 175
1694357326898 0.6062392994834817 176
1694357326948 0.6045733252609641 177
1694357326973 0.6029693716740568 178
1694357326997 0.6013861298923368 179
1694357327023 0.5998491954749178 180
1694357327048 0.5982973111972888 181
1694357327073 0.596768775527335 182
1694357327099 0.5951992032632251 183
1694357327124 0.5936721455682694 184
1694357327151 0.5921599270049858 185
1694357327177 0.5906695272618081 186
1694357327201 0.5892047718698928 187
1694357327226 0.5877384676687802 188
1694357327253 0.5863057510278918 189
1694357327284 0.5848439925583934 190
1694357327315 0.5834529974551286 191
1694357327341 0.5820317785458032 192
1694357327373 0.5806175038778444 193
1694357327401 0.5792159443462496 194
1694357327426 0.5778749970681966 195
1694357327452 0.5765307847423465 196
1694357327477 0.5751846719908054 197
1694357327503 0.5738270401425001 198
1694357327529 0.5724586353943993 199
1694357327555 0.5711456921622103 200
1694357327580 0.5698699235067034 201
1694357327607 0.5685552799681646 202
1694357327633 0.5672982133991059 203
1694357327658 0.5660382345893761 204
1694357327683 0.5648130319929233 205
1694357327710 0.5635337900553851 206
1694357327744 0.5622492900382943 207
1694357327839 0.5609726450736646 208
1694357327866 0.5598031906286092 209
1694357327911 0.5585994489310726 210
1694357327935 0.5573608732618941 211
1694357327959 0.5561692717184447 212
1694357327986 0.5549783413781879 213
1694357328011 0.5537713041349983 214
1694357328036 0.5526164687448207 215
1694357328061 0.5514675381153255 216
1694357328086 0.5503413070118628 217
1694357328111 0.5492035798992019 218
1694357328137 0.548085088777224 219
1694357328162 0.5469906094762793 220
1694357328188 0.5458733080351083 221
1694357328213 0.5447697943764509 222
1694357328240 0.5436331921300455 223
1694357328276 0.5425396355454208 224
1694357328308 0.5414544987199315 225
1694357328335 0.5403977996578279 226
1694357328360 0.539289772623819 227
1694357328387 0.5382510545938594 228
1694357328412 0.5372423023352192 229
1694357328438 0.5362128009491327 230
1694357328462 0.5351702931279547 231
1694357328486 0.5341935780184556 232
1694357328512 0.5331284814641165 233
1694357328538 0.5321072922488629 234
1694357328563 0.531122292120131 235
1694357328588 0.5301544794101608 236
1694357328615 0.5291575000220853 237
1694357328642 0.5281985350525351 238
1694357328667 0.5272206372520349 239
1694357328693 0.5262552678861497 240
1694357328718 0.5253140147500778 241
1694357328744 0.5243472213775952 242
1694357328771 0.5234083155390195 243
1694357328802 0.522441394327026 244
1694357328827 0.5215004938164627 245
1694357328855 0.5206064173542002 246
1694357328882 0.5196513514343891 247
1694357328907 0.5187175315168985 248
1694357328931 0.5177725109131401 249
1694357328980 0.5168952986509143 250
1694357329005 0.5159560373515495 251
1694357329031 0.5150552742397627 252
1694357329054 0.5141571762660333 253
1694357329079 0.5132548088481295 254
1694357329104 0.5124099369560278 255
1694357329128 0.5115268495433484 256
1694357329153 0.5106762718574565 257
1694357329178 0.5097835462073136 258
1694357329204 0.5089421247197335 259
1694357329230 0.5081058746389706 260
1694357329255 0.5072502435222166 261
1694357329280 0.5063870603169354 262
1694357329311 0.5055583782321823 263
1694357329337 0.5047111626258438 264
1694357329363 0.5039154720566709 265
1694357329393 0.503112605194529 266
1694357329421 0.5022811310504595 267
1694357329447 0.5014655425618161 268
1694357329471 0.5006530390420565 269
1694357329516 0.499811108831632 270
1694357329564 0.49900470164669164 271
1694357329589 0.4981988962921124 272
1694357329621 0.4974172603978307 273
1694357329644 0.4966702775936679 274
1694357329670 0.495884412498373 275
1694357329695 0.49512639587751894 276
1694357329721 0.49442836850259786 277
1694357329747 0.4936885797615441 278
1694357329771 0.4929238609311911 279
1694357329802 0.49219310143194833 280
1694357329827 0.49144744705522775 281
1694357329863 0.4907154652065971 282
1694357329952 0.48995732944535103 283
1694357330049 0.4892369572068647 284
1694357330074 0.48849215650159494 285
1694357330104 0.4877587110670933 286
1694357330128 0.48701341760818295 287
1694357330152 0.48628599262373035 288
1694357330218 0.48555861194667155 289
1694357330241 0.48485492394267365 290
1694357330268 0.4841518371891941 291
1694357330301 0.4834645303478593 292
1694357330328 0.48276269687332957 293
1694357330352 0.48207211781893206 294
1694357330377 0.48137803285076325 295
1694357330402 0.48068773280538835 296
1694357330429 0.480007409535435 297
1694357330457 0.47931323415024774 298
1694357330482 0.47863246700332884 299
1694357330508 0.47793706500069266 300
1694357330534 0.47726198551735993 301
1694357330561 0.47660570440010497 302
1694357330594 0.4759529610916767 303
1694357330619 0.47528918247341956 304
1694357330648 0.4746331098231219 305
1694357330673 0.4739955943215856 306
1694357330696 0.4733438596058681 307
1694357330722 0.47271265578703575 308
1694357330746 0.4720276932744209 309
1694357330773 0.4714208894404109 310
1694357330796 0.47078972208212344 311
1694357330827 0.47016722757913537 312
1694357330852 0.46952730531137055 313
1694357330878 0.4688997239228772 314
1694357330904 0.46828182079560976 315
1694357330928 0.46768129829561156 316
1694357330952 0.4670954344342973 317
1694357330980 0.46648545828048293 318
1694357331029 0.4658800380320747 319
1694357331053 0.4652975546717197 320
1694357331078 0.4646863119843596 321
1694357331103 0.4641029718501447 322
1694357331128 0.4635009645194739 323
1694357331153 0.46292677899440215 324
1694357331177 0.4623417710534786 325
1694357331203 0.4617536732199934 326
1694357331228 0.46115642269194956 327
1694357331252 0.46054120910625956 328
1694357331277 0.4599662415416246 329
1694357331310 0.4593712998142989 330
1694357331336 0.4588036018114689 331
1694357331361 0.4582308922577544 332
1694357331385 0.4576910622265248 333
1694357331412 0.45709468934177355 334
1694357331437 0.4565166800272684 335
1694357331461 0.4559678258466895 336
1694357331486 0.45543512947545495 337
1694357331515 0.45487369440592 338
1694357331541 0.45427805892454415 339
1694357331583 0.45367050651231283 340
1694357331607 0.453124994956266 341
1694357331630 0.4525592341760685 342
1694357331658 0.45202397880114964 343
1694357331682 0.45148488330494607 344
1694357331705 0.4509409129213671 345
1694357331732 0.45040863907467266 346
1694357331755 0.44992543578645794 347
1694357331780 0.4494005391865896 348
1694357331810 0.448882313170651 349
1694357331835 0.44832799640983634 350
1694357331860 0.4477860681882591 351
1694357331883 0.4472487224810605 352
1694357331911 0.44669207497346614 353
1694357331935 0.4461806914323011 354
1694357331980 0.4456599292999645 355
1694357332009 0.4451280399919289 356
1694357332143 0.44460335417768765 357
1694357332166 0.44407936604611686 358
1694357332191 0.4435601828217752 359
1694357332516 0.4430377431375986 360
1694357332540 0.4425028819480461 361
1694357332567 0.4420175681122494 362
1694357332593 0.44148763522109197 363
1694357332618 0.4409971508331416 364
1694357332642 0.4404936348725312 365
1694357332667 0.43999165201138224 366
1694357332692 0.43946181764139003 367
1694357332716 0.43896231857236845 368
1694357332740 0.4384698308446364 369
1694357332764 0.4379743122073891 370
1694357332789 0.4374708301418591 371
1694357332818 0.43696813408394786 372
1694357332845 0.43647206935383437 373
1694357332869 0.43596619144271753 374
1694357332894 0.4354724736210259 375
1694357332923 0.43502215394457827 376
1694357332947 0.4345120424584764 377
1694357332970 0.4340114984055736 378
1694357332994 0.43353185094265845 379
1694357333019 0.4330335354269183 380
1694357333067 0.43258054899654075 381
1694357333091 0.4320901893075863 382
1694357333116 0.43160492554751195 383
1694357333142 0.43115290530577954 384
1694357333165 0.4307237371863173 385
1694357333189 0.4302322101565132 386
1694357333214 0.4297741724529394 387
1694357333242 0.4293066820998556 388
1694357333269 0.4288336037960917 389
1694357333295 0.42839700604787795 390
1694357333323 0.42797684491940685 391
1694357333355 0.427500173933346 392
1694357333381 0.42705116999357456 393
1694357333409 0.42658721642971914 394
1694357333434 0.4261218018353434 395
1694357333462 0.4256735477853474 396
1694357333489 0.4252070008480927 397
1694357333515 0.4247348465733667 398
1694357333543 0.42428108227548833 399
1694357333571 0.4238334850284634 400
1694357333597 0.42342624932597334 401
1694357333627 0.4229596513161636 402
1694357333653 0.42251427300080086 403
1694357333680 0.42209698065889206 404
1694357333706 0.42166964787094524 405
1694357333732 0.4211742556492681 406
1694357333758 0.420737189309613 407
1694357333786 0.4202894684391113 408
1694357333814 0.4198689489889177 409
1694357333841 0.4194222691536696 410
1694357333870 0.4190112704438643 411
1694357333898 0.41858423064610706 412
1694357333924 0.4181449452040041 413
1694357333949 0.41772713838135955 414
1694357333973 0.41730820627226756 415
1694357334021 0.4168965574604793 416
1694357334046 0.4164878469547352 417
1694357334070 0.41606342988519057 418
1694357334094 0.41560189690522276 419
1694357334216 0.41515841785267477 420
1694357334244 0.4147403686329855 421
1694357334268 0.4143680455634211 422
1694357334298 0.41394607259342814 423
1694357334323 0.41353623402843454 424
1694357334348 0.413124411228452 425
1694357334373 0.4127285509089029 426
1694357334396 0.4123494909938905 427
1694357334419 0.41191653117190546 428
1694357334443 0.41151847505099237 429
1694357334467 0.4111142431468949 430
1694357334492 0.4107087968272132 431
1694357334516 0.4103020135182285 432
1694357334541 0.40989512325575783 433
1694357334566 0.40944218840436725 434
1694357334592 0.4090310226379965 435
1694357334619 0.40861796239145737 436
1694357334645 0.408239007809852 437
1694357334671 0.40783588878200594 438
1694357334699 0.40745503409567185 439
1694357334730 0.40707037213597147 440
1694357334756 0.4066669452111051 441
1694357334782 0.4062528657998413 442
1694357334813 0.4058555865797662 443
1694357334839 0.40544263479445103 444
1694357334866 0.40507727700868895 445
1694357334892 0.40468739600765957 446
1694357334918 0.4043045782965464 447
1694357334943 0.4039159884215812 448
1694357334967 0.4034875889486613 449
1694357335221 0.4031095036327804 450
1694357335344 0.4027147094995734 451
1694357335373 0.40232751089840946 452
1694357335398 0.40196028187133054 453
1694357335422 0.4015968667710269 454
1694357335447 0.40120162942259296 455
1694357335472 0.40082909175149284 456
1694357335497 0.4004570177316915 457
1694357335521 0.40007744072749557 458
1694357335546 0.3997231540241348 459
1694357335570 0.3993585168531017 460
1694357335595 0.39898930287809 461
1694357335619 0.39861921300748504 462
1694357335643 0.3982294335325273 463
1694357335667 0.3978811407418226 464
1694357335693 0.39749531218695816 465
1694357335717 0.3971235598382528 466
1694357335745 0.3967543231157674 467
1694357335770 0.39637496570342085 468
1694357335800 0.3960173424320967 469
1694357335825 0.39568378806265 470
1694357335849 0.39531350604094123 471
1694357335874 0.39496607553868335 472
1694357335902 0.39462699900950626 473
1694357335928 0.39425722573104216 474
1694357335955 0.39390953383670185 475
1694357335978 0.39358643165469787 476
1694357336005 0.39325767929294503 477
1694357336054 0.3929139140032212 478
1694357336079 0.39254906385001176 479
1694357336104 0.3922029751074783 480
1694357336130 0.3918479701582854 481
1694357336158 0.3915017901161656 482
1694357336183 0.3911724332505447 483
1694357336282 0.39082840751306336 484
1694357336321 0.3904738047880379 485
1694357336346 0.390116380509742 486
1694357336370 0.38976673085755 487
1694357336397 0.3894201744015661 488
1694357336420 0.38908937461573495 489
1694357336444 0.3887467190564229 490
1694357336468 0.3884047021909166 491
1694357336495 0.3880829904914655 492
1694357336519 0.38775357952935996 493
1694357336544 0.3874189017453508 494
1694357336583 0.38707404767418235 495
1694357336608 0.38673806354350254 496
1694357336632 0.38639127849915345 497
1694357336656 0.3861009759123902 498
1694357336679 0.38578550334168027 499
1694357336785 0.38578550334168027 500
