1696253024246 1.8794944419678503 0
1696253024278 1.8098269489789383 1
1696253024315 1.7471260278948957 2
1696253024345 1.6951980425992768 3
1696253024421 1.641790569582841 4
1696253024468 1.5981645467564447 5
1696253024629 1.5530154771756575 6
1696253024654 1.5144303838970918 7
1696253024725 1.4763204165811297 8
1696253024745 1.4421503865876946 9
1696253024788 1.4034550380140478 10
1696253024817 1.3666763790112784 11
1696253024858 1.3328030238326543 12
1696253024900 1.3005192191835988 13
1696253024945 1.2681641366688818 14
1696253024989 1.237120567333757 15
1696253025012 1.2134675601919045 16
1696253025033 1.1859886452630708 17
1696253025105 1.1624294544385505 18
1696253025127 1.138927066729612 19
1696253025172 1.1187265433148998 20
1696253025191 1.0942023791110589 21
1696253025219 1.0717829282743587 22
1696253025246 1.0477154120325682 23
1696253025314 1.025470862586405 24
1696253025384 1.0037479348344174 25
1696253025415 0.982585694150769 26
1696253025528 0.9643141992336896 27
1696253025559 0.9473094762490633 28
1696253025584 0.9276195395946949 29
1696253025611 0.9078947465993142 30
1696253025645 0.889821793350056 31
1696253025679 0.8750857929861886 32
1696253025713 0.8593862549862552 33
1696253025750 0.8424817812589002 34
1696253025809 0.8261922976588747 35
1696253025897 0.8097410087027679 36
1696253025926 0.7961986738519734 37
1696253025948 0.7799592896988969 38
1696253025974 0.7668155680128085 39
1696253025999 0.751997370260865 40
1696253026025 0.7368725167212054 41
1696253026050 0.7226567197013206 42
1696253026080 0.7113170950476029 43
1696253026107 0.697632622081293 44
1696253026131 0.6848544116337578 45
1696253026188 0.6723493893005178 46
1696253026211 0.6597485893314371 47
1696253026242 0.647924973396057 48
1696253026274 0.6377374820613897 49
1696253026299 0.6262163587522958 50
1696253026325 0.6152307302794279 51
1696253026348 0.6039378592558542 52
1696253026368 0.5922559576294033 53
1696253026392 0.5822317419546568 54
1696253026415 0.5719928085847619 55
1696253026437 0.5615919518524134 56
1696253026459 0.5508796141078247 57
1696253026484 0.5410481150307209 58
1696253026509 0.5312874575003932 59
1696253026532 0.522652136709201 60
1696253026563 0.5127471514153898 61
1696253026628 0.5030429490601748 62
1696253026688 0.4941403210437151 63
1696253026712 0.48512510100520295 64
1696253026734 0.47721356365367157 65
1696253026755 0.46826514932225827 66
1696253026777 0.460101978060655 67
1696253026807 0.45265000902646324 68
1696253026829 0.44438850415190106 69
1696253026854 0.4375448628311344 70
1696253026876 0.4303611041617205 71
1696253026896 0.4223993539105961 72
1696253026918 0.41516244952815234 73
1696253026969 0.408373209621334 74
1696253026989 0.4008221226706862 75
1696253027011 0.39443037289708893 76
1696253027032 0.38716000219053265 77
1696253027057 0.38019127165678784 78
1696253027080 0.37383309185775904 79
1696253027102 0.3676025518846028 80
1696253027126 0.36167568322909005 81
1696253027148 0.35567242389515613 82
1696253027171 0.34989005700319664 83
1696253027190 0.34351912557808284 84
1696253027211 0.3372468738644308 85
1696253027233 0.3315903739884993 86
1696253027256 0.3259491255959427 87
1696253027280 0.32030602243554845 88
1696253027311 0.31558739320302215 89
1696253027337 0.3100257612237681 90
1696253027360 0.30578745879447533 91
1696253027384 0.30082021968670636 92
1696253027410 0.2953698994380837 93
1696253027432 0.29002981308734616 94
1696253027455 0.28479577956971297 95
1696253027476 0.280294907309566 96
1696253027498 0.2755113826539527 97
1696253027522 0.271152455395629 98
1696253027544 0.26643826438131635 99
1696253027568 0.261645769187253 100
1696253027589 0.2572334669243592 101
1696253027609 0.25331492079872414 102
1696253027631 0.24945634792629665 103
1696253027652 0.24520812461592942 104
1696253027673 0.24136531058280525 105
1696253027694 0.2372621447061021 106
1696253027714 0.23314492124179897 107
1696253027747 0.2294112067920624 108
1696253027774 0.2262193381413542 109
1696253027807 0.22265145005797657 110
1696253027833 0.21886654795108101 111
1696253027860 0.21606899221077946 112
1696253027945 0.21268916724034578 113
1696253027981 0.20911473056032803 114
1696253028010 0.20590287030864632 115
1696253028035 0.20224035869787935 116
1696253028067 0.19887171844070628 117
1696253028094 0.19533999999460508 118
1696253028121 0.19240889099465758 119
1696253028145 0.18915142140350902 120
1696253028168 0.18579964367364335 121
1696253028224 0.18267935670541258 122
1696253028246 0.18000628121000797 123
1696253028268 0.1769208842120205 124
1696253028288 0.17390795956454586 125
1696253028315 0.17121557303861418 126
1696253028336 0.1683600533628138 127
1696253028357 0.16555148805104297 128
1696253028380 0.16315820515579832 129
1696253028402 0.16083251748472602 130
1696253028424 0.15809152430859805 131
1696253028449 0.1556654454066784 132
1696253028472 0.15306569806811945 133
1696253028496 0.15053155237024063 134
1696253028520 0.14815529857920615 135
1696253028543 0.1456823778583526 136
1696253028575 0.1431181938385184 137
1696253028615 0.14069760392714323 138
1696253028638 0.13831180115218508 139
1696253028658 0.13588359590614843 140
1696253028754 0.133634668518275 141
1696253028775 0.13165118209009535 142
1696253028804 0.12945582854923746 143
1696253028826 0.1272495067509288 144
1696253028857 0.12531032974480655 145
1696253028878 0.12311716585470288 146
1696253028900 0.12115326320746743 147
1696253028924 0.11953511150069768 148
1696253029001 0.11771048542766045 149
1696253029022 0.11565226192747381 150
1696253029047 0.11381266205643066 151
1696253029073 0.1119534978536513 152
1696253029096 0.11022273264074378 153
1696253029118 0.1084602418402712 154
1696253029142 0.1069245795105834 155
1696253029164 0.1053601483127186 156
1696253029186 0.10358471248890964 157
1696253029208 0.10184018330301779 158
1696253029234 0.10033820684764261 159
1696253029258 0.09874828045855545 160
1696253029280 0.09708773835121272 161
1696253029388 0.09565033317274392 162
1696253029409 0.09398628514610179 163
1696253029436 0.09257820164637517 164
1696253029457 0.09111495765589472 165
1696253029481 0.08953191526023344 166
1696253029505 0.08802741744748774 167
1696253029540 0.08663735050206005 168
1696253029563 0.08521387896813136 169
1696253029591 0.08400527422381031 170
1696253029642 0.0826775356141822 171
1696253029666 0.08147728155689335 172
1696253029688 0.08006800944937179 173
1696253029712 0.07880983279218624 174
1696253029738 0.07757092301903541 175
1696253029764 0.07622869336800991 176
1696253029789 0.07520281190785745 177
1696253029908 0.07390129802430064 178
1696253029932 0.07278743972043086 179
1696253029954 0.07157550471701152 180
1696253029997 0.07038160094870599 181
1696253030069 0.06919808978911672 182
1696253030092 0.06824401045677453 183
1696253030114 0.06706712814320671 184
1696253030138 0.06595038612683768 185
1696253030158 0.06496132836621042 186
1696253030178 0.06384085781598248 187
1696253030201 0.0628096889480981 188
1696253030253 0.06197661854994414 189
1696253030275 0.06110000923877894 190
1696253030306 0.060256893197508675 191
1696253030329 0.0592608605940604 192
1696253030351 0.05838287928278534 193
1696253030374 0.05747093612402624 194
1696253030395 0.05650544967239121 195
1696253030416 0.055587966441851655 196
1696253030440 0.054754950313887364 197
1696253030461 0.05383832565689339 198
1696253030484 0.05298222277807278 199
1696253030507 0.0521549788682001 200
1696253030529 0.0513356198021516 201
1696253030551 0.05051928660062841 202
1696253030574 0.049766584393330815 203
1696253030598 0.04905016245588393 204
1696253030620 0.04844864612172946 205
1696253030643 0.04768221478810307 206
1696253030665 0.04694252104635937 207
1696253030687 0.046271877640788585 208
1696253030710 0.04552470294707972 209
1696253030733 0.04483432567584989 210
1696253030832 0.04409606862101827 211
1696253030854 0.04341514934905555 212
1696253030877 0.04267236792216374 213
1696253030898 0.04209105418775402 214
1696253030919 0.04139875131027504 215
1696253030944 0.0408198268403543 216
1696253030997 0.04016311620720536 217
1696253031054 0.03948049056438782 218
1696253031945 0.03883453706553109 219
1696253032311 0.038210992718675695 220
1696253032760 0.037609981703582714 221
1696253032789 0.03701423195302439 222
1696253032818 0.036420988429013174 223
1696253032850 0.035938667891620625 224
1696253032948 0.0354152300034784 225
1696253033096 0.03485040321990118 226
1696253033129 0.03428887928241962 227
1696253033157 0.033818559274255845 228
1696253033181 0.0332631424725676 229
1696253033211 0.032773637916504644 230
1696253033239 0.03234816021554403 231
1696253033268 0.031801005526944794 232
1696253033295 0.03126082156040475 233
1696253033318 0.030761915262039273 234
1696253033343 0.030305777451650563 235
1696253033370 0.0298768740867585 236
1696253033442 0.02940717573731109 237
1696253033463 0.028951343285189182 238
1696253033486 0.028575689181112116 239
1696253033512 0.0281096267171841 240
1696253033534 0.02766948403254835 241
1696253033557 0.027216390735947196 242
1696253033577 0.026759874805296076 243
1696253033598 0.02631784800551776 244
1696253033621 0.025896795911818732 245
1696253033641 0.02547037197581957 246
1696253033663 0.025077321487840032 247
1696253033685 0.024679660368183337 248
1696253033704 0.024265804241997993 249
1696253033727 0.023905437331822176 250
1696253033749 0.023550059453631034 251
1696253033772 0.02321926927967479 252
1696253033794 0.02284722797736201 253
1696253033815 0.02247805745878118 254
1696253033842 0.022122426413158543 255
1696253033869 0.0218639844221997 256
1696253033901 0.021510275697761386 257
1696253033966 0.02114774127528707 258
1696253033998 0.020856392653746607 259
1696253034034 0.02053925029600947 260
1696253034065 0.02024955986116001 261
1696253034093 0.019940164984452637 262
1696253034118 0.01963294611887194 263
1696253034144 0.01935453384825717 264
1696253034172 0.019109306159883814 265
1696253034213 0.018812858930334967 266
1696253034248 0.018499700904253367 267
1696253034362 0.018212011540850143 268
1696253034398 0.01797467294668537 269
1696253034426 0.01770118634964581 270
1696253034456 0.017423612521142526 271
1696253034479 0.017212086210451307 272
1696253034506 0.016959888733074278 273
1696253034545 0.016713650815803567 274
1696253034601 0.01646387816520549 275
1696253034655 0.016252345563600733 276
1696253034692 0.015999442858064525 277
1696253034718 0.015741301355133897 278
1696253034745 0.015526734227016887 279
1696253034767 0.015294792248366839 280
1696253034787 0.01504316094832436 281
1696253034809 0.014811310380924154 282
1696253034868 0.014582028926308587 283
1696253034890 0.014372427034955282 284
1696253034944 0.014185128466822123 285
1696253034965 0.013988510155846711 286
1696253035001 0.013757204303829004 287
1696253035147 0.013538190397194666 288
1696253035169 0.013329182266426015 289
1696253035189 0.013110832829146138 290
1696253035212 0.012930579866714432 291
1696253035235 0.012738860859746001 292
1696253035259 0.012574551221844745 293
1696253035305 0.012382675948970287 294
1696253035327 0.01219881661142293 295
1696253035349 0.012038560970860411 296
1696253035373 0.011869459384732215 297
1696253035404 0.01171530125054978 298
1696253035424 0.011553182698869985 299
1696253035445 0.011381622338955483 300
1696253035467 0.011207616753974855 301
1696253035489 0.011053684341239852 302
1696253035510 0.01088688839975515 303
1696253035533 0.010737746375005732 304
1696253035554 0.010606393561275889 305
1696253035577 0.010485804997877421 306
1696253035599 0.010316822794341868 307
1696253035620 0.010171340384402967 308
1696253035652 0.010009579405583344 309
1696253035675 0.009857626131923602 310
1696253035704 0.009702627948679548 311
1696253035724 0.009545011881596488 312
1696253035746 0.009403231085127228 313
1696253035768 0.009255094040306966 314
1696253035788 0.009103920999444709 315
1696253035810 0.008964722592121516 316
1696253035833 0.00885579413499195 317
1696253035857 0.008735065313332837 318
1696253035879 0.008607872416602708 319
1696253035899 0.008467708861727496 320
1696253035922 0.008362125198833595 321
1696253035945 0.008235277064892273 322
1696253035969 0.008126070129113743 323
1696253035991 0.008010459893951582 324
1696253036013 0.007891112142728638 325
1696253036033 0.007766159178375094 326
1696253036054 0.007654631415924264 327
1696253036079 0.007564842103251536 328
1696253036103 0.00747318609828979 329
1696253036124 0.007363896711055231 330
1696253036147 0.007252438528173856 331
1696253036169 0.007144803227876941 332
1696253036196 0.007044808730108366 333
1696253036223 0.006954374402282846 334
1696253036246 0.0068661986577044625 335
1696253036269 0.006765890423602816 336
1696253036289 0.006661650005186146 337
1696253036314 0.006580659379873146 338
1696253036366 0.006489991997408112 339
1696253036393 0.006392862889835407 340
1696253036446 0.006300330319955078 341
1696253036472 0.006232206591099092 342
1696253036525 0.006143801578114374 343
1696253036548 0.006075748314274596 344
1696253036578 0.005995426193612555 345
1696253036607 0.005915270177525249 346
1696253036628 0.005825117364623862 347
1696253036675 0.0057489218322756734 348
1696253036697 0.005666930241734965 349
1696253036718 0.0055942940150479495 350
1696253036740 0.005516770137217648 351
1696253036763 0.0054467802945412 352
1696253036785 0.005363113679565895 353
1696253036806 0.005284170131723702 354
1696253036826 0.005200790354476699 355
1696253036849 0.005124600522955541 356
1696253036871 0.005044666187662428 357
1696253036891 0.004977483761003028 358
1696253036910 0.0048990574980425135 359
1696253036930 0.004827395324029858 360
1696253036952 0.0047614942253735885 361
1696253036972 0.004687156599087838 362
1696253036993 0.004624350477916378 363
1696253037016 0.0045651456775296605 364
1696253037034 0.004493374963452256 365
1696253037053 0.004425509092550814 366
1696253037088 0.004371860601554496 367
1696253037214 0.004313926545822077 368
1696253037249 0.004255168791444979 369
1696253037273 0.004194790016339656 370
1696253037293 0.004132116010112276 371
1696253037313 0.0040738057078788265 372
1696253037334 0.004016925541835545 373
1696253037355 0.003962848872751517 374
1696253037376 0.003905028621326036 375
1696253037397 0.00385562396391515 376
1696253037418 0.0037974544885011 377
1696253037440 0.003755021718647115 378
1696253037462 0.003710284255292514 379
1696253037484 0.003660809170037237 380
1696253037506 0.003608565255181614 381
1696253037527 0.0035619695750697716 382
1696253037549 0.0035129642547968203 383
1696253037578 0.003463338268387394 384
1696253037612 0.003413632647071734 385
1696253037656 0.0033664767465135252 386
1696253037684 0.003316127549249465 387
1696253037717 0.003280064566048467 388
1696253037751 0.0032300402589327047 389
1696253037780 0.0031810471865088086 390
1696253037808 0.0031435041626862643 391
1696253037829 0.003095390759049595 392
1696253037855 0.0030537226236566728 393
1696253037877 0.0030081650159779314 394
1696253037908 0.0029696676203103413 395
1696253037940 0.0029258141840740027 396
1696253037965 0.002885492251055885 397
1696253038000 0.0028553922061056707 398
1696253038028 0.002824869198970398 399
1696253038053 0.0027933910697319425 400
1696253038075 0.0027583687843652925 401
1696253038101 0.002720836549574606 402
1696253038126 0.0026847899028873065 403
1696253038151 0.002644644449022701 404
1696253038181 0.0026071773493308234 405
1696253038212 0.0025684462448584055 406
1696253038239 0.002535992460962261 407
1696253038267 0.0025005098173703478 408
1696253038295 0.0024703440635587327 409
1696253038322 0.0024331575813552582 410
1696253038348 0.002397983620550349 411
1696253038407 0.0023643687650008525 412
1696253038434 0.002331375771359592 413
1696253038463 0.0022990960793746735 414
1696253038487 0.0022703811353863516 415
1696253038513 0.002237021959374936 416
1696253038616 0.0022081501195522556 417
1696253038635 0.002180340115852798 418
1696253038660 0.0021532798470461963 419
1696253038680 0.0021280767465930123 420
1696253038700 0.002100918927686588 421
1696253038719 0.0020715470856493504 422
1696253038739 0.002043988246882198 423
1696253038761 0.002015995240488793 424
1696253038781 0.0019881716788089673 425
1696253038801 0.0019611376736960034 426
1696253038823 0.0019395097000986855 427
1696253038846 0.001914680917863191 428
1696253038867 0.0018907763575088438 429
1696253038887 0.0018633361198882408 430
1696253038908 0.001836965845539651 431
1696253038928 0.0018138933361066967 432
1696253038964 0.0017900190865943566 433
1696253038983 0.001764192860808704 434
1696253039003 0.0017391094573477725 435
1696253039024 0.001716347597882173 436
1696253039046 0.0016939945280767593 437
1696253039076 0.0016723372996654707 438
1696253039099 0.0016498297578107538 439
1696253039122 0.0016283872070869143 440
1696253039141 0.0016067962429011085 441
1696253039190 0.001586283370818363 442
1696253039366 0.0015668648783965337 443
1696253039387 0.0015457342641277004 444
1696253039406 0.0015279143233679923 445
1696253039427 0.0015095156255674359 446
1696253039446 0.0014901232535064215 447
1696253039474 0.0014741655689292123 448
1696253039495 0.0014532822804180705 449
1696253039517 0.0014362756107015348 450
1696253039539 0.0014171363672935298 451
1696253039561 0.0013976139242326323 452
1696253039582 0.0013801016817421396 453
1696253039603 0.0013647064746695572 454
1696253039621 0.0013453127541914144 455
1696253039640 0.0013269568149668343 456
1696253039662 0.0013136493819891723 457
1696253039685 0.001301241793986594 458
1696253039705 0.0012830988392205634 459
1696253039726 0.0012673492095568242 460
1696253039749 0.0012521007888839895 461
1696253039775 0.0012378335074649958 462
1696253039798 0.0012213163343946635 463
1696253039834 0.0012076860180715036 464
1696253039858 0.0011925177434338498 465
1696253039880 0.0011765617938682533 466
1696253039904 0.0011625557931900117 467
1696253039927 0.001146277595284878 468
1696253039951 0.0011311728583399017 469
1696253039975 0.0011174775914838866 470
1696253039998 0.0011045176494224537 471
1696253040054 0.0010923055803397134 472
1696253040073 0.0010779858524290365 473
1696253040095 0.0010638226456752761 474
1696253040118 0.0010518116196174389 475
1696253040158 0.0010400303808347556 476
1696253040186 0.001027169572663721 477
1696253040206 0.0010137551759187094 478
1696253040225 0.001000285517181701 479
1696253040367 0.0009874301318699506 480
1696253040387 0.000974726867100694 481
1696253040451 0.0009625254087610433 482
1696253040471 0.0009522681231017412 483
1696253040509 0.0009394948297180703 484
1696253040537 0.000930378685128979 485
1696253040557 0.0009189296293638113 486
1696253040578 0.0009095097527678974 487
1696253040597 0.0008974245514411345 488
1696253040627 0.0008859577014913581 489
1696253040649 0.0008757554173293552 490
1696253040742 0.0008643608900934502 491
1696253040762 0.000853287037670146 492
1696253040788 0.000842854324645417 493
1696253040809 0.0008329375428251637 494
1696253040830 0.0008226324239668462 495
1696253040849 0.0008118485818887287 496
1696253040870 0.0008018502197391933 497
1696253040891 0.000791939408380093 498
1696253040913 0.0007823373634124955 499
1696253040933 0.0007736860440250925 500
1696253040953 0.0007644323095061415 501
1696253040973 0.0007550381477386678 502
1696253040993 0.0007454246269666441 503
1696253041029 0.0007364882553510661 504
1696253041052 0.0007278891287865347 505
1696253041072 0.0007188638077736086 506
1696253041090 0.0007100788404633438 507
1696253041134 0.000701020140572645 508
1696253041153 0.0006921660256553089 509
1696253041174 0.0006840903288452296 510
1696253041240 0.0006756826043657105 511
1696253041264 0.000668497161036038 512
1696253041284 0.0006599242909090991 513
1696253041307 0.0006522382090321672 514
1696253041325 0.0006451372082930425 515
1696253041345 0.0006373026866496062 516
1696253041420 0.0006291497180072464 517
1696253041477 0.0006227224421796727 518
1696253041500 0.0006152089708593674 519
1696253041529 0.0006078970045838665 520
1696253041563 0.0006008026399005327 521
1696253041586 0.0005940580473382473 522
1696253041607 0.0005872128503801649 523
1696253041629 0.0005799351151797567 524
1696253041649 0.0005729549801559151 525
1696253041674 0.0005671841893262628 526
1696253041694 0.0005602122738104408 527
1696253041717 0.000553257403455778 528
1696253041741 0.0005468235504157415 529
1696253041762 0.0005402895221745387 530
1696253041785 0.0005338113949794845 531
1696253041977 0.0005287350434623604 532
1696253042009 0.000522124504168752 533
1696253042032 0.0005162633398098264 534
1696253042050 0.0005100990200922631 535
1696253042072 0.0005038561754948112 536
1696253042093 0.0004974185649571933 537
1696253042114 0.0004924268635063605 538
1696253042136 0.00048621990113928806 539
1696253042156 0.000480074070043936 540
1696253042176 0.0004739111723022969 541
1696253042195 0.0004679571934200369 542
1696253042216 0.00046307556601988387 543
1696253042240 0.000458435467716532 544
1696253042260 0.00045299375199348355 545
1696253042281 0.00044737942599077133 546
1696253042315 0.0004426614612479672 547
1696253042338 0.0004370810788862758 548
1696253042363 0.00043261214959207833 549
1696253042382 0.0004274264946133944 550
1696253042402 0.0004224307310415642 551
1696253042425 0.0004175177721414031 552
1696253042451 0.00041253835726700824 553
1696253042500 0.0004078406137363569 554
1696253042519 0.0004037167196790093 555
1696253042540 0.0003995879160452965 556
1696253042560 0.00039480076208011305 557
1696253042581 0.0003904274601807559 558
1696253042604 0.000386425980670729 559
1696253042633 0.0003823870548420804 560
1696253042655 0.0003781525034530614 561
1696253042682 0.00037366283802976215 562
1696253042706 0.00036975263905900525 563
1696253042726 0.0003653885456306003 564
1696253042752 0.0003611495725959326 565
1696253042778 0.00035695776901287506 566
1696253042839 0.00035356349403562696 567
1696253042881 0.0003504404205959497 568
1696253042907 0.0003468229492332629 569
1696253042932 0.0003425247965435165 570
1696253042956 0.0003386442589201406 571
1696253042975 0.00033460192174201975 572
1696253042996 0.00033098307067717735 573
1696253043018 0.0003269757056322384 574
1696253043040 0.00032283633731088784 575
1696253043067 0.0003191828674349131 576
1696253043096 0.0003154185880566822 577
1696253043120 0.00031134373532865225 578
1696253043145 0.000307822208314653 579
1696253043174 0.0003046265022807978 580
1696253043197 0.00030101359873535447 581
1696253043230 0.00029754665003136515 582
1696253043274 0.00029389585478983984 583
1696253043296 0.00029034511143070615 584
1696253043320 0.0002869005373717577 585
1696253043344 0.0002844875759890737 586
1696253043365 0.0002811451401001014 587
1696253043383 0.00027774398883461266 588
1696253043406 0.00027483979603992693 589
1696253043432 0.00027199153104480895 590
1696253043506 0.000269639634810599 591
1696253043622 0.0002669849614945596 592
1696253043645 0.00026410537392142127 593
1696253043672 0.00026126862973225895 594
1696253043701 0.00025822553732301996 595
1696253043721 0.00025502978425355813 596
1696253043750 0.00025248079435193874 597
1696253043833 0.00024967687992913845 598
1696253043875 0.0002467030413635771 599
1696253043914 0.0002442087227835576 600
1696253043964 0.00024147877839698898 601
1696253043985 0.0002385865650489055 602
1696253044027 0.00023593633772158926 603
1696253044063 0.00023359669973656535 604
1696253044091 0.0002309315081809699 605
1696253044118 0.00022819031855896135 606
1696253044145 0.00022573659805441036 607
1696253044173 0.00022332716140118953 608
1696253044199 0.00022119128139497801 609
1696253044224 0.00021848384747192215 610
1696253044248 0.0002159644221574517 611
1696253044273 0.00021353297498103032 612
1696253044298 0.000211319239464382 613
1696253044324 0.0002089263379279275 614
1696253044346 0.0002065328327441308 615
1696253044375 0.00020407204858466463 616
1696253044398 0.00020161650283225777 617
1696253044425 0.0001994861830129815 618
1696253044467 0.00019743666783955576 619
1696253044535 0.0001951340555542345 620
1696253044568 0.00019294242699973986 621
1696253044592 0.00019065128405115867 622
1696253044617 0.00018811785021932375 623
1696253044643 0.000186283258470216 624
1696253044783 0.0003269757056322384 625
