1694357135660 1.9110737750511635 0
1694357135694 1.8744299169026646 1
1694357135747 1.841571881589343 2
1694357135771 1.809955834203693 3
1694357135953 1.7803085926992104 4
1694357135980 1.752261784735173 5
1694357136004 1.7254122122273436 6
1694357136036 1.699941514831035 7
1694357136060 1.6753393382247215 8
1694357136085 1.6516251761332177 9
1694357136110 1.6288789110515 10
1694357136139 1.6070422368481196 11
1694357136225 1.5857869743157909 12
1694357136250 1.5653826456693032 13
1694357136280 1.5457332935638408 14
1694357136304 1.5267389870915224 15
1694357136330 1.5080347296819185 16
1694357136354 1.4901156306292007 17
1694357136379 1.4727385910414323 18
1694357136404 1.4557310099367011 19
1694357136436 1.4395554408650757 20
1694357136462 1.4233418051685431 21
1694357136488 1.4077319231667227 22
1694357136513 1.3927205069251518 23
1694357136541 1.3778810268977963 24
1694357136593 1.363464624542628 25
1694357136716 1.3493235150227207 26
1694357136741 1.3353564253672225 27
1694357136766 1.3217511881053345 28
1694357136791 1.308551880137504 29
1694357136815 1.2958677377130816 30
1694357136841 1.283311015861361 31
1694357136868 1.2709762235074749 32
1694357136893 1.2589524445390983 33
1694357136924 1.2472622066011696 34
1694357136950 1.2358027899143589 35
1694357136977 1.2243951550580163 36
1694357137002 1.2134554953826813 37
1694357137035 1.2026996720329552 38
1694357137059 1.192142072362815 39
1694357137085 1.1818871322658058 40
1694357137110 1.1716894029480385 41
1694357137136 1.1619335442975298 42
1694357137160 1.1521772361295612 43
1694357137185 1.1425638718989106 44
1694357137210 1.1331711420571855 45
1694357137236 1.1238516978112691 46
1694357137265 1.1149037590858832 47
1694357137290 1.1058724478256556 48
1694357137316 1.097238797208409 49
1694357137343 1.0887385479569798 50
1694357137367 1.0803615638730868 51
1694357137393 1.0721154450132409 52
1694357137424 1.0639776332716415 53
1694357137450 1.0561128800194641 54
1694357137476 1.0482993667044376 55
1694357137502 1.0406183269893365 56
1694357137528 1.033068657377852 57
1694357137553 1.0255668727052343 58
1694357137581 1.0183064574037375 59
1694357137607 1.011205660884449 60
1694357137633 1.004097638693622 61
1694357137659 0.997178719228882 62
1694357137686 0.9904118878701443 63
1694357137712 0.9835838499861753 64
1694357137739 0.977060318227912 65
1694357137789 0.9706450496955895 66
1694357137815 0.9643001177286 67
1694357137839 0.9580591615175468 68
1694357137874 0.9518460631493559 69
1694357137899 0.9458070392211619 70
1694357137929 0.9398874736814012 71
1694357137957 0.9340185962488573 72
1694357137983 0.928261372317287 73
1694357138008 0.9225072479184371 74
1694357138034 0.9168140144040207 75
1694357138059 0.9112155846774049 76
1694357138085 0.9058474938312516 77
1694357138112 0.9004996639216953 78
1694357138140 0.8951956485546013 79
1694357138166 0.8900272653363185 80
1694357138192 0.884943769119168 81
1694357138219 0.8799453062001745 82
1694357138248 0.87493590936525 83
1694357138276 0.8700605467571021 84
1694357138302 0.8652682682537376 85
1694357138330 0.8604604253929683 86
1694357138357 0.8558118065820984 87
1694357138386 0.8512178640810778 88
1694357138412 0.846694521988028 89
1694357138443 0.8422413233784191 90
1694357138470 0.8378488807732724 91
1694357138496 0.8335792239434068 92
1694357138522 0.829332910094679 93
1694357138548 0.8251526739204851 94
1694357138576 0.820953449542494 95
1694357138601 0.8168426077077846 96
1694357138652 0.8128792198176491 97
1694357138677 0.8089543829650915 98
1694357138708 0.8050386383220364 99
1694357138742 0.8012003226208658 100
1694357138796 0.7973748246313236 101
1694357138822 0.7936435579675367 102
1694357138876 0.789899359053554 103
1694357138900 0.7862241246594325 104
1694357138931 0.7825911664248764 105
1694357138961 0.779067348678767 106
1694357138987 0.7755533502795957 107
1694357139016 0.771988171739234 108
1694357139041 0.7685120734276727 109
1694357139067 0.7651131451001544 110
1694357139092 0.7616656998052477 111
1694357139117 0.7583607137531477 112
1694357139144 0.7551895130740699 113
1694357139169 0.7519624117291398 114
1694357139217 0.7487964597206801 115
1694357139243 0.7456740931486538 116
1694357139269 0.7426343217006105 117
1694357139296 0.7395110791140143 118
1694357139320 0.7365027838578581 119
1694357139356 0.7335258283538536 120
1694357139384 0.7305139041581361 121
1694357139412 0.7276032012820889 122
1694357139446 0.7247172237926857 123
1694357139476 0.7218664909312169 124
1694357139501 0.7190220890738251 125
1694357139528 0.7162449133220544 126
1694357139554 0.7134574662704717 127
1694357139579 0.7107814867104987 128
1694357139605 0.7081414009575716 129
1694357139632 0.7055096462722509 130
1694357139660 0.7028831562753877 131
1694357139685 0.7002371236286489 132
1694357139711 0.6977471265804646 133
1694357139737 0.6952093629537656 134
1694357139762 0.692636078150345 135
1694357139814 0.6901744317961231 136
1694357139841 0.6877290241163194 137
1694357139867 0.6852319806438157 138
1694357139893 0.6828453867530926 139
1694357139924 0.6804986889327024 140
1694357139951 0.6781571047410391 141
1694357140001 0.6758483491454768 142
1694357140028 0.6735825524668413 143
1694357140053 0.6713511016310049 144
1694357140084 0.6691204755486685 145
1694357140112 0.6669479448206364 146
1694357140143 0.6647400277491243 147
1694357140170 0.6625733845018434 148
1694357140198 0.6604215817115393 149
1694357140225 0.6583347282698743 150
1694357140252 0.6562487356171155 151
1694357140278 0.6541811934007251 152
1694357140305 0.6522026802109785 153
1694357140331 0.6501418666583879 154
1694357140357 0.648091725002268 155
1694357140382 0.6461094692947945 156
1694357140411 0.6441615719604852 157
1694357140439 0.6422393988195637 158
1694357140465 0.6403070219072958 159
1694357140491 0.638415439688535 160
1694357140530 0.6364743779707249 161
1694357140555 0.6346438436615377 162
1694357140580 0.632815981652296 163
1694357140605 0.6309805854197008 164
1694357140635 0.6291613820769961 165
1694357140687 0.6273471339041021 166
1694357140713 0.6255871073332481 167
1694357140741 0.6238011287218637 168
1694357140771 0.6220761304346362 169
1694357140797 0.6204075920522181 170
1694357140825 0.6186859263147236 171
1694357140853 0.6170255054787105 172
1694357140890 0.6153540322444055 173
1694357140923 0.6137172746525555 174
1694357140982 0.61210756316772 175
1694357141046 0.6105028561388468 176
1694357141077 0.6088529814016015 177
1694357141103 0.6072825374452023 178
1694357141130 0.6056778313394051 179
1694357141155 0.6041532812077359 180
1694357141258 0.6026385361332963 181
1694357141324 0.6010959187990678 182
1694357141499 0.5995693654936052 183
1694357141531 0.5980556549133385 184
1694357141558 0.5965584381107455 185
1694357141583 0.5950670077882907 186
1694357141608 0.5936100178193977 187
1694357141634 0.5921387825730327 188
1694357141660 0.5906775692466365 189
1694357141687 0.5892613760262684 190
1694357141712 0.5877771256691258 191
1694357141736 0.5863659574315775 192
1694357141761 0.5849840962095639 193
1694357141788 0.583572476439407 194
1694357141815 0.5822302926872053 195
1694357141869 0.5809060214636692 196
1694357141896 0.579548756751584 197
1694357141927 0.5781766350779479 198
1694357141955 0.576870935352462 199
1694357141981 0.5755640804478724 200
1694357142007 0.5742658976842081 201
1694357142034 0.572990179907253 202
1694357142061 0.5716684932209892 203
1694357142088 0.5704038509613663 204
1694357142118 0.5691460840369209 205
1694357142144 0.5678861988194175 206
1694357142169 0.5666120009974334 207
1694357142195 0.5654015555513741 208
1694357142221 0.5642591808130379 209
1694357142247 0.5630446236862923 210
1694357142273 0.5618481525870153 211
1694357142298 0.560658196880483 212
1694357142324 0.5595030370591482 213
1694357142350 0.5583383167744502 214
1694357142376 0.5571344203600129 215
1694357142401 0.555985053974609 216
1694357142432 0.55483060813165 217
1694357142462 0.5536980524762241 218
1694357142488 0.5525733793674555 219
1694357142513 0.5514849825255425 220
1694357142538 0.5503860715022628 221
1694357142565 0.5492833884358622 222
1694357142593 0.548222456023 223
1694357142618 0.547148071696747 224
1694357142644 0.5460755624287089 225
1694357142669 0.5450030289859629 226
1694357142721 0.5439785622697839 227
1694357142746 0.5429003852198144 228
1694357142770 0.5418155296986127 229
1694357142794 0.5407721123088557 230
1694357142821 0.5397636830406112 231
1694357142848 0.5387409424759726 232
1694357142874 0.5377337094365936 233
1694357142900 0.5367204123112449 234
1694357142931 0.5357169307967451 235
1694357142958 0.5347124221799137 236
1694357142983 0.5337101334913561 237
1694357143007 0.5327121150486139 238
1694357143042 0.5317678337629709 239
1694357143071 0.5308242685303892 240
1694357143267 0.5298613539859935 241
1694357143292 0.5288971599242278 242
1694357143317 0.5279946331501068 243
1694357143341 0.5270390807303572 244
1694357143379 0.5261035686744358 245
1694357143404 0.5251593070042899 246
1694357143433 0.5242360697994068 247
1694357143464 0.5233164915945903 248
1694357143489 0.5224077457297829 249
1694357143515 0.5215021038873718 250
1694357143540 0.5206015724638124 251
1694357143565 0.5197046490835866 252
1694357143591 0.5188313541368448 253
1694357143619 0.517910099011449 254
1694357143646 0.5170131851980958 255
1694357143672 0.5161491229288058 256
1694357143700 0.515263104400568 257
1694357143730 0.5143989150765044 258
1694357143757 0.5135453289171361 259
1694357143784 0.5127060069455625 260
1694357143811 0.5118763151660469 261
1694357143837 0.5110530359308387 262
1694357143886 0.5102012046357608 263
1694357143915 0.5093691149193146 264
1694357143941 0.5085721293247026 265
1694357143966 0.5077811903175715 266
1694357143994 0.5069715740536828 267
1694357144019 0.5061747679362355 268
1694357144044 0.5053645368841657 269
1694357144072 0.5045519463302612 270
1694357144096 0.5037739724370786 271
1694357144122 0.5029777179398316 272
1694357144147 0.5022111933182359 273
1694357144171 0.5014800579616143 274
1694357144196 0.5007437907747775 275
1694357144220 0.4999765602375458 276
1694357144250 0.49925159987732237 277
1694357144276 0.4985123702661207 278
1694357144301 0.49778583698431816 279
1694357144327 0.49703030847569013 280
1694357144352 0.4962952979050667 281
1694357144377 0.4955699503202001 282
1694357144405 0.4948270045218093 283
1694357144434 0.4940934643689777 284
1694357144459 0.4933817227190538 285
1694357144483 0.4926683510461943 286
1694357144509 0.49195390648740556 287
1694357144533 0.49126591368852096 288
1694357144559 0.49052702925577757 289
1694357144585 0.4897956657097587 290
1694357144610 0.4891292238177522 291
1694357144636 0.4884356767351004 292
1694357144661 0.4877208359074613 293
1694357144690 0.48702471402176484 294
1694357144743 0.48630437542038324 295
1694357144767 0.48559436096368813 296
1694357144792 0.48491152458555836 297
1694357144817 0.48423024805463727 298
1694357144846 0.4835651491924146 299
1694357144872 0.48291322491866345 300
1694357144897 0.48226321030041075 301
1694357144928 0.4816347692111908 302
1694357144954 0.48095833737319454 303
1694357144980 0.4802864347535248 304
1694357145005 0.47963975086312344 305
1694357145030 0.4790413863844639 306
1694357145055 0.4783958298537447 307
1694357145083 0.4777466870010934 308
1694357145107 0.47711290840511394 309
1694357145132 0.4764873923098227 310
1694357145157 0.4758566619702867 311
1694357145182 0.47519307354449064 312
1694357145209 0.47454632603798885 313
1694357145234 0.47391119035969914 314
1694357145268 0.4733161442967193 315
1694357145359 0.47269599641450205 316
1694357145383 0.4720431545316508 317
1694357145409 0.47141124766481407 318
1694357145441 0.4707852824984941 319
1694357145466 0.4701922352435272 320
1694357145491 0.469581472224959 321
1694357145516 0.4689758727449853 322
1694357145542 0.4683810589200445 323
1694357145567 0.4677863324619787 324
1694357145591 0.46718653268766136 325
1694357145617 0.46660235943585343 326
1694357145643 0.46601859141805213 327
1694357145668 0.4654386016227002 328
1694357145694 0.4648718386206795 329
1694357145719 0.46428945870939 330
1694357145748 0.4637008544543789 331
1694357145775 0.46311870211056033 332
1694357145801 0.46253057789601354 333
1694357145826 0.4619404318868408 334
1694357145851 0.4613394359848104 335
1694357145903 0.46080158120725523 336
1694357145931 0.46022984384861104 337
1694357145957 0.45968675107942497 338
1694357145986 0.45910822382813843 339
1694357146013 0.45855361294985836 340
1694357146040 0.45796781772961204 341
1694357146065 0.45742142950545084 342
1694357146090 0.45687867143244676 343
1694357146116 0.45633664467510526 344
1694357146141 0.4558014586684563 345
1694357146166 0.45524505241259183 346
1694357146191 0.45468993177230405 347
1694357146216 0.45415432345688883 348
1694357146241 0.45360419441887784 349
1694357146266 0.45305573920684816 350
1694357146291 0.4525215984416913 351
1694357146316 0.4520185329813402 352
1694357146342 0.4514961258796242 353
1694357146366 0.4509580869014772 354
1694357146392 0.45045956404700455 355
1694357146419 0.44996509734040163 356
1694357146447 0.4494432560019989 357
1694357146472 0.4489161776695073 358
1694357146501 0.44839836274297934 359
1694357146526 0.44789597376012613 360
1694357146551 0.4473952205637477 361
1694357146577 0.44690219255946756 362
1694357146602 0.4463520194551353 363
1694357146627 0.4458541746352732 364
1694357146653 0.4453276844108302 365
1694357146678 0.44482776398062157 366
1694357146702 0.4442915276476045 367
1694357146727 0.44378207099135264 368
1694357146754 0.443276205159967 369
1694357146800 0.4427918410596465 370
1694357146825 0.4422983529524621 371
1694357146850 0.44180206295884467 372
1694357146876 0.4412888092622095 373
1694357146900 0.44080191373263183 374
1694357146931 0.44030380357084287 375
1694357146956 0.4398461826496816 376
1694357146982 0.43940573455436843 377
1694357147007 0.4388980178624438 378
1694357147035 0.4384236663406077 379
1694357147060 0.43796173934228616 380
1694357147088 0.43748597663373856 381
1694357147114 0.4369968398747161 382
1694357147139 0.4364962575315395 383
1694357147163 0.43601989451387096 384
1694357147189 0.4355201276761722 385
1694357147214 0.43506145757061554 386
1694357147238 0.4346277123500197 387
1694357147263 0.43415353878154656 388
1694357147288 0.4336695115136292 389
1694357147314 0.433198983900257 390
1694357147338 0.4327590907408167 391
1694357147384 0.4322958656383368 392
1694357147443 0.43183720063286 393
1694357147511 0.43135624509666876 394
1694357147537 0.43090090974865974 395
1694357147567 0.43042731308303556 396
1694357147591 0.4299753537283053 397
1694357147616 0.4295209781841565 398
1694357147647 0.4290878826633396 399
1694357147674 0.4286302724030425 400
1694357147702 0.42817685210088585 401
1694357147728 0.42769920090540486 402
1694357147756 0.42724780311015437 403
1694357147783 0.42679571713186126 404
1694357147809 0.4263763975430086 405
1694357147835 0.4259254680271605 406
1694357147862 0.42551019756182734 407
1694357147888 0.42510947386384 408
1694357147940 0.4246925596561747 409
1694357147965 0.42426976172750513 410
1694357147990 0.423827054712418 411
1694357148014 0.42341821723651435 412
1694357148041 0.4229749932300446 413
1694357148065 0.42255722758574854 414
1694357148089 0.4221191580567516 415
1694357148115 0.42172980962497725 416
1694357148139 0.42129373790083574 417
1694357148164 0.42089227880114366 418
1694357148187 0.4204966530153545 419
1694357148213 0.42007408549782715 420
1694357148238 0.4196624631573331 421
1694357148262 0.41925332875419463 422
1694357148286 0.4188525838530321 423
1694357148311 0.41844833981632445 424
1694357148336 0.4180227581977339 425
1694357148361 0.41761518982879864 426
1694357148386 0.41720646821035734 427
1694357148410 0.4167935503127556 428
1694357148440 0.41636639001026615 429
1694357148464 0.41595216334887275 430
1694357148489 0.41553686251775745 431
1694357148513 0.4151026632733427 432
1694357148543 0.41469053881256784 433
1694357148569 0.4142746877417139 434
1694357148593 0.4138853094329978 435
1694357148617 0.41347154251898877 436
1694357148643 0.4130714087476866 437
1694357148668 0.41266990525819053 438
1694357148693 0.4122413405862718 439
1694357148719 0.41183090677983747 440
1694357148746 0.41142949494598235 441
1694357148773 0.4109931284649349 442
1694357148826 0.4106017004039988 443
1694357148850 0.41017422398831177 444
1694357148873 0.40977731793073396 445
1694357148897 0.4093929149608003 446
1694357148929 0.4090337559909145 447
1694357148954 0.40863884873350587 448
1694357148979 0.40826364404265736 449
1694357149004 0.40786745168802474 450
1694357149031 0.40746403749005294 451
1694357149055 0.40708781225988044 452
1694357149080 0.406706321785054 453
1694357149104 0.40633620627638717 454
1694357149131 0.40595090147321533 455
1694357149157 0.40554616688429823 456
1694357149181 0.4051635004820797 457
1694357149205 0.404790882803694 458
1694357149230 0.40440701030635046 459
1694357149255 0.40403183712295593 460
1694357149280 0.4036565796426117 461
1694357149304 0.40327568758601134 462
1694357149329 0.40287885477116603 463
1694357149355 0.4024975461819411 464
1694357149380 0.4021276430758964 465
1694357149407 0.4017925629728434 466
1694357149436 0.40143558859706113 467
1694357149462 0.40107415946606156 468
1694357149496 0.4007086523937352 469
1694357149550 0.4003425253642525 470
1694357149583 0.4000162630927927 471
1694357149659 0.39963988478788887 472
1694357149684 0.39927354490808714 473
1694357149710 0.39891276407876336 474
1694357149738 0.3985623457792155 475
1694357149763 0.3981922634436928 476
1694357149789 0.39782059489859833 477
1694357149814 0.39745525534983595 478
1694357149840 0.39709268614967813 479
1694357149865 0.3967323563712272 480
1694357149890 0.39635821287670786 481
1694357149921 0.39598888172755503 482
1694357149947 0.3956171537942193 483
1694357149993 0.39528960899715443 484
1694357150018 0.39496046131356577 485
1694357150044 0.3946021132326677 486
1694357150068 0.3942589874898707 487
1694357150091 0.39389839925083747 488
1694357150115 0.39353258402926955 489
1694357150142 0.3931775944389468 490
1694357150167 0.39282724254327306 491
1694357150192 0.39249690089583594 492
1694357150227 0.39212481807047983 493
1694357150253 0.3918004673541727 494
1694357150278 0.39148077112183416 495
1694357150302 0.39116150239139896 496
1694357150327 0.39080471667862254 497
1694357150352 0.3904370306919765 498
1694357150377 0.3900832201235721 499
1694357150488 0.3900832201235721 500
