1694357622007 1.9108673829053537 0
1694357622044 1.8743461219500084 1
1694357622113 1.8412938098578737 2
1694357622200 1.809853880155774 3
1694357622223 1.7802509900275572 4
1694357622317 1.7520117032338802 5
1694357622361 1.725358048051905 6
1694357622385 1.699991526217217 7
1694357622413 1.6753022021156196 8
1694357622437 1.6516414608094498 9
1694357622463 1.6289500248087798 10
1694357622487 1.6071749950828202 11
1694357622512 1.585953872538229 12
1694357622536 1.565627034552701 13
1694357622562 1.5460378845377594 14
1694357622588 1.527076279990832 15
1694357622614 1.5085442196396932 16
1694357622641 1.4905136373654821 17
1694357622815 1.4730411133007366 18
1694357622843 1.4562073925137586 19
1694357622868 1.440084395729123 20
1694357622895 1.423899966112288 21
1694357623011 1.4083508591402 22
1694357623042 1.393272198367461 23
1694357623093 1.3784996189013319 24
1694357623132 1.3641985837476243 25
1694357623157 1.3500392537891177 26
1694357623184 1.3360051034208085 27
1694357623209 1.3225112737140088 28
1694357623234 1.3093452147405291 29
1694357623260 1.2967199899190305 30
1694357623293 1.28404876940999 31
1694357623318 1.2717081206813514 32
1694357623343 1.2597378798896186 33
1694357623369 1.2480412976993522 34
1694357623395 1.2366044242413528 35
1694357623427 1.2252208569777534 36
1694357623453 1.2142682119471495 37
1694357623480 1.2035893298125848 38
1694357623505 1.1929267231707723 39
1694357623531 1.1825800962852426 40
1694357623557 1.1724867654569024 41
1694357623583 1.1626746379380541 42
1694357623609 1.1528376732610894 43
1694357623634 1.143134861366054 44
1694357623660 1.133617524578953 45
1694357623687 1.124332248203758 46
1694357623716 1.1153125748215111 47
1694357623742 1.1062885324932152 48
1694357623769 1.097645720653688 49
1694357623796 1.0891799376713756 50
1694357623826 1.080791178528874 51
1694357623852 1.0725332161351468 52
1694357623879 1.064402651602143 53
1694357623911 1.0564820135156832 54
1694357623937 1.0486540691895627 55
1694357623964 1.0410165587579754 56
1694357623990 1.033438187100281 57
1694357624015 1.0259783721276607 58
1694357624040 1.0187291564835612 59
1694357624069 1.011612681892941 60
1694357624118 1.0045030712863545 61
1694357624142 0.997548343411974 62
1694357624166 0.9907396739634716 63
1694357624254 0.9840135683902987 64
1694357624290 0.9774340185912137 65
1694357624317 0.9709941374048505 66
1694357624345 0.9646022795086179 67
1694357624370 0.9583125203269222 68
1694357624398 0.9521799521549573 69
1694357624425 0.9461098810924374 70
1694357624450 0.9401451097173514 71
1694357624476 0.9342926347609688 72
1694357624503 0.9284102287988379 73
1694357624529 0.922750638493787 74
1694357624555 0.9170838057768053 75
1694357624581 0.9114610722798461 76
1694357624608 0.9060550063875622 77
1694357624634 0.9006984401006016 78
1694357624660 0.8954366596080302 79
1694357624685 0.8902762108134059 80
1694357624712 0.8852301377085547 81
1694357624739 0.8801647647913505 82
1694357624765 0.8752245898184158 83
1694357624792 0.8703263922819847 84
1694357624823 0.8654567790562067 85
1694357624851 0.8606587999862672 86
1694357624876 0.8559855873828235 87
1694357624911 0.8513786548884279 88
1694357624938 0.8467899719075541 89
1694357624969 0.8423529771246164 90
1694357624995 0.8379418454569312 91
1694357625020 0.8336049613234331 92
1694357625045 0.8293217659708295 93
1694357625075 0.825056347189883 94
1694357625127 0.8208608360216574 95
1694357625152 0.816752630488003 96
1694357625178 0.8127733986345936 97
1694357625209 0.8088201435904461 98
1694357625234 0.8048780162362543 99
1694357625261 0.8009933215307729 100
1694357625286 0.7971580627078217 101
1694357625312 0.7934299644031884 102
1694357625339 0.7896254598410679 103
1694357625366 0.7859851935596549 104
1694357625393 0.7823412906583321 105
1694357625428 0.7788306961261295 106
1694357625455 0.7752296700696751 107
1694357625483 0.7716884975680217 108
1694357625510 0.7681603341923323 109
1694357625538 0.7647620432525567 110
1694357625566 0.7613479595495605 111
1694357625594 0.7580340201703398 112
1694357625622 0.7548454336504298 113
1694357625649 0.7515157775053513 114
1694357625675 0.7483205816875539 115
1694357625703 0.7452470422757451 116
1694357625734 0.7421798659525881 117
1694357625772 0.7390861687595923 118
1694357625800 0.7360173409094768 119
1694357625827 0.7330368232959533 120
1694357625856 0.7300591258640979 121
1694357625883 0.7272114330780834 122
1694357625918 0.7243478684237937 123
1694357625949 0.7215095497418825 124
1694357625980 0.7186759546968126 125
1694357626005 0.7159054190449471 126
1694357626030 0.7131667275711481 127
1694357626059 0.7104507962359451 128
1694357626086 0.7078091476275207 129
1694357626113 0.7051467384741937 130
1694357626171 0.7025103847060177 131
1694357626199 0.6998943483359743 132
1694357626231 0.6973923984594094 133
1694357626261 0.6948919868419116 134
1694357626369 0.6922723283432743 135
1694357626404 0.6897885082942817 136
1694357626429 0.6873695830137841 137
1694357626455 0.684921056325058 138
1694357626484 0.6825558712702303 139
1694357626509 0.6801763732180997 140
1694357626535 0.6778448048814432 141
1694357626561 0.6755219632264972 142
1694357626587 0.6732381714124581 143
1694357626613 0.670979351704752 144
1694357626640 0.668737772887691 145
1694357626667 0.6665351937484515 146
1694357626694 0.6643245970233455 147
1694357626721 0.6621781257994692 148
1694357626748 0.6600450362544614 149
1694357626775 0.6579182059055368 150
1694357626802 0.6558696730434022 151
1694357626829 0.6538121947961028 152
1694357626856 0.6518004820201853 153
1694357626886 0.6497437197815391 154
1694357626919 0.6477440035057269 155
1694357626947 0.6457927875200852 156
1694357626975 0.6438091150939514 157
1694357627007 0.6418661942570876 158
1694357627031 0.6399258912406091 159
1694357627058 0.6380513476843499 160
1694357627084 0.6361026673702335 161
1694357627109 0.63422460144072 162
1694357627160 0.6323611533226353 163
1694357627190 0.6305334257250387 164
1694357627216 0.628734283055869 165
1694357627245 0.6269327108116872 166
1694357627270 0.6251580834175638 167
1694357627296 0.6234136589196848 168
1694357627323 0.6216604271675913 169
1694357627349 0.6199611105142055 170
1694357627376 0.6182388508175438 171
1694357627408 0.6165394165476007 172
1694357627435 0.6148589136636293 173
1694357627461 0.613169626240692 174
1694357627486 0.6115239554491071 175
1694357627513 0.6098823330996864 176
1694357627543 0.6082450540121718 177
1694357627569 0.6066297201718157 178
1694357627595 0.60506595518125 179
1694357627620 0.6034768115161602 180
1694357627646 0.6019080828702313 181
1694357627674 0.6003399254398292 182
1694357627699 0.5988074467832656 183
1694357627725 0.5972506019321138 184
1694357627758 0.5957732316823237 185
1694357627785 0.5943019584342663 186
1694357627813 0.5927962744246945 187
1694357627840 0.5913275635925012 188
1694357627867 0.5898473683999454 189
1694357627896 0.5883686749150546 190
1694357627928 0.5869219941869466 191
1694357627956 0.5854935041724548 192
1694357627984 0.5840994816561242 193
1694357628012 0.5827404666574768 194
1694357628037 0.5813717362770215 195
1694357628065 0.5800609755266122 196
1694357628090 0.5787238454773157 197
1694357628116 0.5773930882830441 198
1694357628141 0.5760586763063525 199
1694357628167 0.574738297118564 200
1694357628217 0.5734721346305366 201
1694357628242 0.5721751277697931 202
1694357628266 0.5708816787630386 203
1694357628290 0.5695907642141609 204
1694357628319 0.5683327482678024 205
1694357628443 0.567085392745547 206
1694357628472 0.5658278588961491 207
1694357628496 0.5646133490119905 208
1694357628522 0.5634222509726992 209
1694357628548 0.5622215221183329 210
1694357628573 0.5610075987742653 211
1694357628601 0.5597671785702393 212
1694357628626 0.5585498848892172 213
1694357628653 0.5573383441717116 214
1694357628680 0.5562081007982279 215
1694357628705 0.5550733175089626 216
1694357628730 0.5539433971030072 217
1694357628757 0.552806411551229 218
1694357628782 0.551688863435946 219
1694357628809 0.5505689779865351 220
1694357628838 0.5494771736777769 221
1694357628864 0.5483999061070403 222
1694357628891 0.5473004724150361 223
1694357628924 0.5462240595013843 224
1694357628952 0.5451183817701187 225
1694357628983 0.5440725408775338 226
1694357629012 0.5430215340791757 227
1694357629036 0.5419642759621406 228
1694357629060 0.5409484312133824 229
1694357629087 0.5399450810435587 230
1694357629114 0.5388978773925694 231
1694357629142 0.5378752214446199 232
1694357629193 0.5368464347582226 233
1694357629217 0.5358363774700027 234
1694357629243 0.5348310954543346 235
1694357629267 0.5338448050044058 236
1694357629296 0.5328749809546525 237
1694357629321 0.5318891411126723 238
1694357629347 0.5309158896188017 239
1694357629371 0.5299730416461185 240
1694357629397 0.5290154876707407 241
1694357629427 0.5280657052737405 242
1694357629453 0.5271242446292479 243
1694357629478 0.526209341467132 244
1694357629502 0.5252912579067419 245
1694357629529 0.5243119335494878 246
1694357629554 0.5233659502654117 247
1694357629582 0.5224374347403692 248
1694357629609 0.5215346329558953 249
1694357629634 0.5206416913809974 250
1694357629664 0.5197268041508225 251
1694357629692 0.5188044655292543 252
1694357629718 0.5179566206913474 253
1694357629745 0.5170538925076426 254
1694357629787 0.516181551778969 255
1694357629816 0.5153065920033979 256
1694357629843 0.5144453667397744 257
1694357629872 0.5135962769276948 258
1694357629901 0.5127411584738499 259
1694357629934 0.5118920006737281 260
1694357629961 0.5110508109785202 261
1694357629987 0.510226242962677 262
1694357630013 0.5093776801999937 263
1694357630040 0.5085292929570523 264
1694357630064 0.5077442357264352 265
1694357630089 0.5069086527359533 266
1694357630115 0.5060968021303446 267
1694357630140 0.5052743776067317 268
1694357630240 0.5044966232340228 269
1694357630283 0.5036852139139384 270
1694357630308 0.5029056447811532 271
1694357630334 0.5021080634227717 272
1694357630359 0.5013149690266436 273
1694357630385 0.500535967829536 274
1694357630415 0.4997666613807164 275
1694357630451 0.4990162560282151 276
1694357630565 0.4982567276079623 277
1694357630592 0.4974739538780767 278
1694357630616 0.4967261942344781 279
1694357630641 0.49598421880440297 280
1694357630667 0.4952540230303445 281
1694357630693 0.4945053036135884 282
1694357630721 0.49379722430653145 283
1694357630747 0.4930320101972864 284
1694357630785 0.4923148804958261 285
1694357630810 0.49157352635691215 286
1694357630834 0.49082500873340623 287
1694357630860 0.4900876099327857 288
1694357630884 0.48935326852922373 289
1694357630913 0.4886675614268289 290
1694357630939 0.4879700548818664 291
1694357630963 0.48730069102717166 292
1694357630988 0.4866273015228869 293
1694357631013 0.485948771087884 294
1694357631040 0.48524564816498833 295
1694357631065 0.48456653902845737 296
1694357631093 0.48385710500564044 297
1694357631117 0.4832028380926032 298
1694357631142 0.4825106903141052 299
1694357631166 0.4818177386053115 300
1694357631228 0.4811459850197523 301
1694357631289 0.48049462528126125 302
1694357631316 0.4798088442872519 303
1694357631341 0.47913551475367355 304
1694357631366 0.4784723282612773 305
1694357631391 0.47779252524994065 306
1694357631421 0.47713694171419196 307
1694357631446 0.4764668687772827 308
1694357631472 0.4758093869756669 309
1694357631497 0.4751819339148119 310
1694357631523 0.47454426495320456 311
1694357631548 0.47389410737596593 312
1694357631575 0.4732400951997393 313
1694357631601 0.4726604502324013 314
1694357631627 0.4720448201082327 315
1694357631653 0.47142798152588955 316
1694357631680 0.4707946300455179 317
1694357631706 0.47020118400912636 318
1694357631732 0.46959494459059903 319
1694357631758 0.4689903399824297 320
1694357631788 0.46838287416898483 321
1694357631813 0.4677902247559511 322
1694357631840 0.4671889780820366 323
1694357631868 0.4665768756219327 324
1694357631897 0.46599060484379573 325
1694357631956 0.46541071193525074 326
1694357632023 0.46480084201947225 327
1694357632051 0.46420757049965805 328
1694357632075 0.46361513703487683 329
1694357632098 0.46306036376793747 330
1694357632124 0.46249947167700556 331
1694357632148 0.4619088280288172 332
1694357632173 0.4613155885994606 333
1694357632196 0.46072702714156005 334
1694357632220 0.46015741396372617 335
1694357632271 0.45956636043756954 336
1694357632299 0.459019198521247 337
1694357632323 0.4584518402302624 338
1694357632347 0.4578690520653662 339
1694357632375 0.45730418389313054 340
1694357632401 0.45672057807546323 341
1694357632430 0.4561509402910315 342
1694357632457 0.4555909775470622 343
1694357632483 0.4550238912834563 344
1694357632508 0.45449197542309216 345
1694357632590 0.45395597518149144 346
1694357632629 0.4534268451248117 347
1694357632656 0.45284181261245204 348
1694357632679 0.45234339114201544 349
1694357632703 0.4518205495907046 350
1694357632728 0.45130835649126355 351
1694357632752 0.45082464357612373 352
1694357632776 0.45028490688480644 353
1694357632801 0.44977405582642177 354
1694357632829 0.4492265494583624 355
1694357632859 0.44870180179410757 356
1694357632883 0.44820631762474256 357
1694357632911 0.44769666059317226 358
1694357632940 0.4472149994118363 359
1694357632964 0.446705954798056 360
1694357632989 0.44618632703586 361
1694357633013 0.4456971708244972 362
1694357633039 0.44519280853076837 363
1694357633066 0.44469992967395267 364
1694357633091 0.4441968711945092 365
1694357633115 0.4437005349268974 366
1694357633140 0.4432043726261787 367
1694357633170 0.44269592791868356 368
1694357633194 0.4421775987657077 369
1694357633221 0.4416873786487798 370
1694357633270 0.4411765219730275 371
1694357633293 0.44069742676333923 372
1694357633318 0.4402188428544322 373
1694357633343 0.4396873655605617 374
1694357633371 0.4392178944970149 375
1694357633402 0.4387190527585811 376
1694357633427 0.43825038700244384 377
1694357633451 0.4377837960747061 378
1694357633477 0.4373097943774034 379
1694357633502 0.4368052070132083 380
1694357633527 0.4363523051258694 381
1694357633552 0.4358759656672347 382
1694357633578 0.4353855594006611 383
1694357633603 0.4349205665367149 384
1694357633630 0.43444869714688583 385
1694357633658 0.4339758431642881 386
1694357633684 0.4335093682921069 387
1694357633709 0.43303336152467425 388
1694357633735 0.4325653436787309 389
1694357633760 0.43211228171949495 390
1694357633784 0.4316593300855765 391
1694357633820 0.4312060851198068 392
1694357633845 0.43074309426117197 393
1694357633870 0.43027056430939054 394
1694357633895 0.4298129760881199 395
1694357633928 0.4293570921025478 396
1694357633954 0.4289147713025535 397
1694357633981 0.4284361051205656 398
1694357634005 0.4279697069728142 399
1694357634031 0.4275250166211077 400
1694357634057 0.4271303301607685 401
1694357634365 0.426707787787702 402
1694357634408 0.4262494746511488 403
1694357634434 0.4257946603347804 404
1694357634462 0.4253456338496401 405
1694357634488 0.42490953939812737 406
1694357634512 0.4244810758489279 407
1694357634537 0.4240321197150421 408
1694357634562 0.4235913208994852 409
1694357634587 0.4231543969039955 410
1694357634612 0.4227102141922917 411
1694357634646 0.42230087048889087 412
1694357634673 0.4218501528965272 413
1694357634766 0.4214366284552066 414
1694357634790 0.42101375800579144 415
1694357634817 0.42058303916726303 416
1694357634842 0.42014315243981704 417
1694357634866 0.41970084454004153 418
1694357634892 0.4192691378582855 419
1694357634921 0.4188655254245493 420
1694357634952 0.41843816328492917 421
1694357634978 0.41803195057651454 422
1694357635003 0.41761199323509873 423
1694357635028 0.41721736247837155 424
1694357635054 0.41681222397132156 425
1694357635080 0.41641001949678214 426
1694357635103 0.4160147986141024 427
1694357635127 0.4156091813395385 428
1694357635153 0.4152191245884875 429
1694357635178 0.41482092604789095 430
1694357635202 0.4144008979197857 431
1694357635227 0.4140096578117471 432
1694357635252 0.413585678106851 433
1694357635302 0.4131961610053349 434
1694357635330 0.41279610241014425 435
1694357635354 0.4124117172424963 436
1694357635378 0.4120266648066129 437
1694357635412 0.41163911493777566 438
1694357635436 0.4112356057577572 439
1694357635461 0.41087411712221245 440
1694357635489 0.4104564655103345 441
1694357635514 0.4100722145795423 442
1694357635539 0.4096909655895976 443
1694357635565 0.4092858270959033 444
1694357635590 0.40889700158314396 445
1694357635616 0.4085159499641506 446
1694357635642 0.40807551051811086 447
1694357635667 0.4076693512354288 448
1694357635692 0.4072806933924751 449
1694357635717 0.4068860918389019 450
1694357635744 0.40651492049180227 451
1694357635769 0.4061174576301878 452
1694357635793 0.40575616738966164 453
1694357635818 0.40536052055977684 454
1694357635844 0.4049434902051334 455
1694357635869 0.4045491009513349 456
1694357635895 0.40418368224270484 457
1694357635925 0.4038299667900483 458
1694357635950 0.40344825105188226 459
1694357635977 0.403074661133482 460
1694357636006 0.4027247684298418 461
1694357636031 0.4023822742979889 462
1694357636057 0.40199076144138585 463
1694357636085 0.40161310150886637 464
1694357636109 0.401256528707417 465
1694357636133 0.40088587815834903 466
1694357636158 0.4005161495629878 467
1694357636182 0.400144891470269 468
1694357636208 0.3997691829213044 469
1694357636231 0.3994450077206174 470
1694357636255 0.3991077039993264 471
1694357636280 0.39875240889287694 472
1694357636306 0.39837807206548975 473
1694357636356 0.39801799340663996 474
1694357636380 0.397667085846517 475
1694357636409 0.39730944976045085 476
1694357636437 0.3969744874392689 477
1694357636462 0.39660402305187004 478
1694357636487 0.3962344156904259 479
1694357636513 0.39588678910115527 480
1694357636540 0.395532789462182 481
1694357636566 0.39519362417950005 482
1694357636591 0.3948567461532134 483
1694357636615 0.39449670739288956 484
1694357636641 0.3941283861272205 485
1694357636665 0.3938050507375172 486
1694357636691 0.3934623702238966 487
1694357636717 0.39310582817024636 488
1694357636741 0.39276816810927734 489
1694357636859 0.39241460086471097 490
1694357636887 0.3920452003459238 491
1694357636917 0.3917277677412158 492
1694357636941 0.39137689080454047 493
1694357636967 0.39101254294577786 494
1694357636993 0.39066924272765785 495
1694357637019 0.390306377126772 496
1694357637044 0.39002277115774586 497
1694357637077 0.38966071355825876 498
1694357637103 0.3893150595775681 499
1694357637215 0.3893150595775681 500
