1694356322812 1.9112559708306014 0
1694356322848 1.874921114145196 1
1694356322875 1.8420563924212046 2
1694356322914 1.8104302335875366 3
1694356322940 1.7807909723099322 4
1694356322983 1.7523693454119451 5
1694356323009 1.7256789309932483 6
1694356323034 1.700269676122801 7
1694356323058 1.675533048762924 8
1694356323083 1.652075670673125 9
1694356323106 1.62929157105139 10
1694356323131 1.607508034134585 11
1694356323157 1.5863146803010502 12
1694356323188 1.565990996771489 13
1694356323214 1.5463117985547976 14
1694356323239 1.5274009805526907 15
1694356323268 1.5087165595684287 16
1694356323319 1.4908607470585264 17
1694356323344 1.4735261253239045 18
1694356323370 1.4565848639000682 19
1694356323395 1.4405003527272324 20
1694356323436 1.4244690709162704 21
1694356323538 1.4089654058178318 22
1694356323576 1.3938859672965624 23
1694356323603 1.3790751474994862 24
1694356323627 1.3647023931457731 25
1694356323651 1.3505486792144346 26
1694356323683 1.33662319411213 27
1694356323708 1.3230397452074956 28
1694356323734 1.3099312423843747 29
1694356323762 1.2972204328005554 30
1694356323789 1.2846402468952056 31
1694356323816 1.272290509675846 32
1694356323850 1.2603801393942367 33
1694356323874 1.2486699404780877 34
1694356323901 1.237214589884323 35
1694356323927 1.2259230816822835 36
1694356323952 1.2149289440079014 37
1694356323978 1.204289835563015 38
1694356324003 1.193775230511066 39
1694356324031 1.1833800736601565 40
1694356324058 1.173195933081948 41
1694356324089 1.1634330402767592 42
1694356324135 1.153603549990022 43
1694356324160 1.1440271502814061 44
1694356324190 1.1346302145200975 45
1694356324218 1.1253626972579254 46
1694356324244 1.1163356366020276 47
1694356324270 1.1073460967606459 48
1694356324296 1.098695684580064 49
1694356324322 1.0901929249927578 50
1694356324349 1.0818996138058432 51
1694356324377 1.0736837106364572 52
1694356324403 1.0656240754984876 53
1694356324429 1.0577601491515782 54
1694356324455 1.0500078982901229 55
1694356324519 1.042295372382858 56
1694356324544 1.0347983948969228 57
1694356324570 1.0273136257954323 58
1694356324627 1.0199992935902626 59
1694356324650 1.0128580827274436 60
1694356324681 1.0057898373571295 61
1694356324712 0.9988779247605227 62
1694356324772 0.9921373822529641 63
1694356324798 0.9853346129458661 64
1694356324827 0.9788019473556858 65
1694356324852 0.9723358387153778 66
1694356324878 0.9659981039660446 67
1694356324905 0.9598126508969407 68
1694356324935 0.9537381903550085 69
1694356324963 0.9476996757466158 70
1694356324990 0.9417380870511186 71
1694356325016 0.9357912876929957 72
1694356325045 0.9300171780927167 73
1694356325072 0.9242615469747087 74
1694356325103 0.9186106838544417 75
1694356325132 0.9129957036630951 76
1694356325160 0.9076192738170238 77
1694356325190 0.9022719175852616 78
1694356325218 0.8969984070210648 79
1694356325246 0.8918329949820568 80
1694356325273 0.886750807241524 81
1694356325300 0.8817336850953323 82
1694356325331 0.8767487157345409 83
1694356325360 0.8719152013705104 84
1694356325388 0.8670866270438045 85
1694356325416 0.8622621853665896 86
1694356325443 0.8576276090928978 87
1694356325471 0.8530637179395251 88
1694356325510 0.8485400404949353 89
1694356325536 0.844028549665568 90
1694356325600 0.8396225898511278 91
1694356325627 0.8353314226732471 92
1694356325679 0.8311089869650062 93
1694356325705 0.8268689724434504 94
1694356325731 0.8226805539300934 95
1694356325762 0.8185501604076554 96
1694356325788 0.8146285795827596 97
1694356325817 0.8107224423052756 98
1694356325846 0.8067542038378359 99
1694356325873 0.8028752058239 100
1694356325900 0.7990225455297728 101
1694356325930 0.7952939324620671 102
1694356325956 0.7915306130605368 103
1694356325982 0.7878732231737853 104
1694356326007 0.7842382921348013 105
1694356326033 0.7807343658304232 106
1694356326061 0.777233779571029 107
1694356326094 0.7736581249297599 108
1694356326120 0.7701606009516033 109
1694356326176 0.7667609167130938 110
1694356326202 0.7633508932172709 111
1694356326227 0.7600510589339327 112
1694356326256 0.7568531233444965 113
1694356326282 0.7536200176824699 114
1694356326308 0.7504124382718064 115
1694356326335 0.7473337738634885 116
1694356326362 0.7442834496019186 117
1694356326389 0.7411767466462388 118
1694356326416 0.7381648847647838 119
1694356326442 0.7352009644431339 120
1694356326469 0.7322262399404028 121
1694356326497 0.7293624113497013 122
1694356326523 0.7264583545316339 123
1694356326549 0.7235956755330187 124
1694356326578 0.7207688382904404 125
1694356326604 0.717961342586622 126
1694356326630 0.7152436811533367 127
1694356326683 0.7125007816796027 128
1694356326709 0.7098449726279864 129
1694356326734 0.707123982946933 130
1694356326763 0.7044975852274138 131
1694356326789 0.7019220222101109 132
1694356326815 0.6994692036142657 133
1694356326840 0.6969150422911224 134
1694356326865 0.6944422178426597 135
1694356326891 0.6919668200599238 136
1694356326917 0.689527180178457 137
1694356326945 0.6870524320862773 138
1694356326969 0.6846650012560627 139
1694356326996 0.6822757523167892 140
1694356327021 0.6799266362424145 141
1694356327048 0.6776454370330645 142
1694356327073 0.675362571332608 143
1694356327099 0.6731398303975977 144
1694356327125 0.6709290886391946 145
1694356327152 0.6688034194643651 146
1694356327184 0.6665719575528993 147
1694356327210 0.6643957307316107 148
1694356327236 0.662287099782642 149
1694356327266 0.6601633569159743 150
1694356327297 0.6580937736518694 151
1694356327353 0.6560681738653614 152
1694356327378 0.6540939409467351 153
1694356327404 0.6520526942572249 154
1694356327435 0.6500386087402854 155
1694356327462 0.6480602383838056 156
1694356327488 0.646106449590132 157
1694356327515 0.6442097554193374 158
1694356327542 0.642284967908501 159
1694356327578 0.6403848467772943 160
1694356327604 0.6384494477247251 161
1694356327630 0.6365760892744141 162
1694356327724 0.6347001687465283 163
1694356327763 0.6328998491099483 164
1694356327789 0.6311201140873586 165
1694356327815 0.6293398032137478 166
1694356327841 0.6275971798696554 167
1694356327870 0.6258514099339292 168
1694356327897 0.6240755896748768 169
1694356327922 0.6224013801893987 170
1694356327950 0.6207222727749103 171
1694356327978 0.6190475751630486 172
1694356328003 0.617387877917698 173
1694356328028 0.615710443057812 174
1694356328055 0.6140498341843573 175
1694356328082 0.6124206272554881 176
1694356328108 0.610755476447719 177
1694356328135 0.6091308009445936 178
1694356328190 0.6075354866770443 179
1694356328215 0.6059750384545838 180
1694356328240 0.6044278559475651 181
1694356328270 0.602886229295652 182
1694356328295 0.6013594708408717 183
1694356328321 0.5998471013510986 184
1694356328347 0.5983763356889926 185
1694356328377 0.5968529243943451 186
1694356328401 0.5953725929270506 187
1694356328428 0.5939286974172128 188
1694356328453 0.5924354874478625 189
1694356328479 0.5910149026005123 190
1694356328504 0.5895384854500432 191
1694356328532 0.5881343713812032 192
1694356328558 0.5867425213673623 193
1694356328584 0.5853260347320791 194
1694356328611 0.5839251054327643 195
1694356328638 0.5825971516403678 196
1694356328689 0.5812611622936026 197
1694356328714 0.5799365182128259 198
1694356328741 0.5786244752519233 199
1694356328768 0.5773046464878712 200
1694356328794 0.576008397774052 201
1694356328820 0.5746532741883098 202
1694356328845 0.5733723143404678 203
1694356328872 0.5720661789172962 204
1694356328899 0.5708094829103985 205
1694356328925 0.5695910890743054 206
1694356328955 0.5683539314143063 207
1694356328981 0.5671148670416746 208
1694356329006 0.5659068780209169 209
1694356329032 0.5647055629206402 210
1694356329057 0.5635100725348278 211
1694356329083 0.5623114964917549 212
1694356329110 0.5611528872481564 213
1694356329139 0.559969931301887 214
1694356329167 0.5588173328710198 215
1694356329197 0.5576865712604022 216
1694356329223 0.5565532071516802 217
1694356329274 0.5554003748159918 218
1694356329302 0.5542775267746635 219
1694356329328 0.5531751655341871 220
1694356329357 0.5520983434743888 221
1694356329383 0.5509551570222407 222
1694356329408 0.5498688900596286 223
1694356329436 0.5487982125466155 224
1694356329462 0.547746339094922 225
1694356329488 0.5466571994033567 226
1694356329514 0.5455365280211433 227
1694356329541 0.5445206470995766 228
1694356329567 0.5434705882951936 229
1694356329594 0.5424239241166302 230
1694356329619 0.5414236188363393 231
1694356329648 0.5404580974053402 232
1694356329680 0.5394422537975574 233
1694356329705 0.5384672039145212 234
1694356329731 0.5374693699427041 235
1694356329770 0.536498727759355 236
1694356329825 0.5355019797969491 237
1694356329851 0.534526731215508 238
1694356329928 0.533527161833211 239
1694356329954 0.5325912114986732 240
1694356329983 0.5316279658276717 241
1694356330006 0.5307056508966685 242
1694356330030 0.529774763037218 243
1694356330054 0.5288412700927513 244
1694356330080 0.5278960383942332 245
1694356330105 0.5269403661725784 246
1694356330130 0.5260484848436727 247
1694356330155 0.5251237854541525 248
1694356330186 0.5242335255507296 249
1694356330236 0.5233121360327386 250
1694356330260 0.5224021622854949 251
1694356330285 0.521496658746834 252
1694356330311 0.5206498740529405 253
1694356330335 0.519756101587746 254
1694356330360 0.5188908285197477 255
1694356330385 0.5180071379046508 256
1694356330411 0.5171494577630789 257
1694356330436 0.516301382339621 258
1694356330462 0.5154612495299777 259
1694356330486 0.5146201758503737 260
1694356330515 0.5137865509050286 261
1694356330546 0.5129745322844226 262
1694356330571 0.5121576494776308 263
1694356330597 0.5113389790733099 264
1694356330621 0.5105183682209089 265
1694356330648 0.5097174134875716 266
1694356330678 0.5089138259146291 267
1694356330730 0.5080949532830714 268
1694356330755 0.5072738640833651 269
1694356330779 0.5065009796665694 270
1694356330804 0.5056973597853706 271
1694356330832 0.5049185668444083 272
1694356330857 0.5041479903359491 273
1694356330882 0.5033866657123641 274
1694356330908 0.5025859053636743 275
1694356330934 0.5018512388943899 276
1694356330958 0.5010933343878247 277
1694356330984 0.5003048132493696 278
1694356331008 0.4995595937514664 279
1694356331033 0.4988138999340486 280
1694356331056 0.49809465551145343 281
1694356331082 0.4973525345785102 282
1694356331106 0.4965946029565147 283
1694356331130 0.49589497419369544 284
1694356331155 0.495172770136661 285
1694356331186 0.49444243373140373 286
1694356331214 0.49369876749317415 287
1694356331238 0.49293010902609835 288
1694356331264 0.49220080033401403 289
1694356331288 0.4914879953527305 290
1694356331313 0.49078459432476423 291
1694356331343 0.4900830027180312 292
1694356331368 0.48940816538599285 293
1694356331392 0.4887150990908479 294
1694356331418 0.48802952288549006 295
1694356331444 0.48737160397922097 296
1694356331468 0.4866990371953818 297
1694356331493 0.48602064538981915 298
1694356331519 0.48534881568701754 299
1694356331544 0.48466873449964193 300
1694356331569 0.48401363724637503 301
1694356331604 0.4833660013321947 302
1694356331628 0.4827007072175321 303
1694356331653 0.48204112805642496 304
1694356331685 0.48138529120227286 305
1694356331711 0.4807209628058872 306
1694356331737 0.4800780671599243 307
1694356331762 0.4794533958322319 308
1694356331788 0.47880397916867207 309
1694356331814 0.4781587350415479 310
1694356331840 0.477539152395799 311
1694356331866 0.4769220757021475 312
1694356331934 0.47626820134926073 313
1694356331993 0.47564720050396453 314
1694356332020 0.47500331005290486 315
1694356332045 0.4743738501085424 316
1694356332070 0.47375621568022214 317
1694356332095 0.47314829982755674 318
1694356332121 0.4725237333895116 319
1694356332146 0.4719288336966661 320
1694356332176 0.4713431477882293 321
1694356332202 0.47076367321342044 322
1694356332253 0.4701665428873053 323
1694356332278 0.4695464845481406 324
1694356332302 0.46895702083156127 325
1694356332327 0.46834831843137226 326
1694356332356 0.46777985702554714 327
1694356332382 0.4672160611249286 328
1694356332407 0.46661083970424505 329
1694356332433 0.4660537232833843 330
1694356332459 0.4654546509918577 331
1694356332484 0.4648570227428851 332
1694356332510 0.4642678622109258 333
1694356332536 0.46366159967709786 334
1694356332567 0.4630980110489204 335
1694356332593 0.46250575497142854 336
1694356332620 0.4619779894053383 337
1694356332644 0.4614162720378001 338
1694356332675 0.46081479280413074 339
1694356332700 0.46023795262102385 340
1694356332730 0.45966483936050473 341
1694356332773 0.45913806130457063 342
1694356332798 0.45861132981024555 343
1694356332823 0.45809770792031085 344
1694356332847 0.4575589825344083 345
1694356332877 0.45699763174512303 346
1694356332907 0.45645067054868127 347
1694356332938 0.45590591884102655 348
1694356332963 0.4553374043790956 349
1694356332989 0.4548003663073729 350
1694356333015 0.4542920406514395 351
1694356333039 0.45380420971126517 352
1694356333064 0.45328492217194455 353
1694356333089 0.4527499526610831 354
1694356333114 0.45224897073455517 355
1694356333144 0.45172323479923876 356
1694356333173 0.4512119161901447 357
1694356333199 0.4506854074711454 358
1694356333225 0.45017939225957365 359
1694356333250 0.4496585755519253 360
1694356333274 0.44913197309391345 361
1694356333299 0.44859958580951426 362
1694356333324 0.4481256901438071 363
1694356333350 0.4475876042496518 364
1694356333380 0.4471157326289561 365
1694356333405 0.446556301008997 366
1694356333431 0.44606320672304794 367
1694356333456 0.44559016412679636 368
1694356333482 0.44509158596788057 369
1694356333507 0.444607745437378 370
1694356333532 0.44410762541141674 371
1694356333557 0.44361453717549765 372
1694356333583 0.4431393816940736 373
1694356333608 0.442687584670938 374
1694356333632 0.4422220898668919 375
1694356333658 0.44172488751367495 376
1694356333684 0.4412838803803402 377
1694356333712 0.44079983407797424 378
1694356333737 0.4403178609474727 379
1694356333763 0.4398283346461862 380
1694356333788 0.43932419446500537 381
1694356333816 0.4388115316324854 382
1694356333840 0.43834559538836765 383
1694356333866 0.43788330236953193 384
1694356333893 0.4374376008694341 385
1694356333918 0.4369909666869237 386
1694356333945 0.4365277980453177 387
1694356333971 0.43606539335807165 388
1694356334007 0.43563359577512756 389
1694356334101 0.43518359229701786 390
1694356334124 0.43475841116214387 391
1694356334175 0.4343128160168002 392
1694356334201 0.4338778927986217 393
1694356334224 0.43342876412736264 394
1694356334248 0.4329842323145528 395
1694356334298 0.4325270877952861 396
1694356334323 0.43205280364952287 397
1694356334348 0.4315951932255153 398
1694356334375 0.43115379771296947 399
1694356334404 0.43067642637288284 400
1694356334430 0.43021173211097374 401
1694356334455 0.4297340074494945 402
1694356334482 0.4292546204407215 403
1694356334506 0.4288137249501151 404
1694356334531 0.4284069446351258 405
1694356334556 0.42798632414857823 406
1694356334582 0.4275698720390778 407
1694356334607 0.4271106459283934 408
1694356334633 0.42667380542807415 409
1694356334665 0.42625281421758937 410
1694356334691 0.4257682620932274 411
1694356334718 0.4253778670889294 412
1694356334744 0.4249679662532864 413
1694356334796 0.4245276521048944 414
1694356334821 0.4240702541275322 415
1694356334845 0.423663118776266 416
1694356334870 0.4232447517940673 417
1694356334899 0.4228063265159064 418
1694356334924 0.42238316923605784 419
1694356334949 0.4219629646018557 420
1694356334974 0.4215377177084133 421
1694356335002 0.42107989531418916 422
1694356335025 0.42065341212433893 423
1694356335051 0.4202300056511062 424
1694356335074 0.4198261902302992 425
1694356335099 0.41938274637608036 426
1694356335123 0.41898932333001415 427
1694356335148 0.41856537177478054 428
1694356335179 0.41815425466728573 429
1694356335206 0.417708248527451 430
1694356335230 0.4173234588733592 431
1694356335256 0.41690537394380967 432
1694356335283 0.4164855138522907 433
1694356335308 0.4160907011769827 434
1694356335333 0.41567552425636306 435
1694356335357 0.41527940516431655 436
1694356335383 0.41489055812955444 437
1694356335412 0.4144814667985798 438
1694356335437 0.4140996458356546 439
1694356335464 0.41371363884650175 440
1694356335491 0.4133199553439188 441
1694356335516 0.4129172015428257 442
1694356335541 0.412516066314751 443
1694356335567 0.41209184574176316 444
1694356335593 0.41168550301554646 445
1694356335629 0.4113045427332372 446
1694356335654 0.4109187549250506 447
1694356335686 0.4105309668659058 448
1694356335712 0.4101653901978716 449
1694356335737 0.4097750100052836 450
1694356335763 0.4093968241768329 451
1694356335788 0.40902500141713294 452
1694356335814 0.40863957655022765 453
1694356335841 0.4082482412105136 454
1694356335868 0.40789065296797505 455
1694356335897 0.40752641438733794 456
1694356335923 0.40717205782203636 457
1694356335950 0.40684215625621273 458
1694356335976 0.40647394863540776 459
1694356336002 0.4061008321991046 460
1694356336029 0.405735969682569 461
1694356336054 0.40534616629535763 462
1694356336152 0.4049795637384927 463
1694356336183 0.4046028213123869 464
1694356336211 0.4042309387167745 465
1694356336234 0.4038612901410459 466
1694356336260 0.4035008792774365 467
1694356336285 0.40312789453191095 468
1694356336334 0.4028060420376472 469
1694356336358 0.4024470653092047 470
1694356336382 0.40208666334105436 471
1694356336407 0.4017143519905355 472
1694356336432 0.4013538760595598 473
1694356336458 0.4009626628535546 474
1694356336483 0.40062043578103684 475
1694356336507 0.4002622115820015 476
1694356336532 0.399902143147978 477
1694356336556 0.39956084024774696 478
1694356336581 0.39921438037040596 479
1694356336613 0.39885075574917545 480
1694356336638 0.3984858796147444 481
1694356336662 0.39815271674350705 482
1694356336695 0.39782730930331867 483
1694356336722 0.39744450505568324 484
1694356336747 0.3971008683985879 485
1694356336772 0.3967470365437987 486
1694356336823 0.396423184663112 487
1694356336848 0.3960437910683089 488
1694356336871 0.3957123966824104 489
1694356336896 0.3953347852911988 490
1694356336923 0.39498566625612314 491
1694356336950 0.39465419888481784 492
1694356336974 0.39430409347172507 493
1694356336998 0.39397183518410434 494
1694356337025 0.39362807327035626 495
1694356337050 0.39328326840673505 496
1694356337075 0.39296515354678174 497
1694356337100 0.39262956327340415 498
1694356337123 0.3923265593792767 499
1694356337232 0.3923265593792767 500
