1694416156358 1.9107536336657314 0
1694416156393 1.874007197290785 1
1694416156429 1.8408203752939953 2
1694416156453 1.8091801994170673 3
1694416156476 1.7793470440929542 4
1694416156500 1.7509159892191681 5
1694416156525 1.7240237432876708 6
1694416156552 1.698391594054956 7
1694416156576 1.6736989044148636 8
1694416156601 1.6499840599004219 9
1694416156624 1.6271171328489167 10
1694416156654 1.605186038704913 11
1694416156679 1.5838690908377284 12
1694416156705 1.5635021007710326 13
1694416156729 1.5439076638879499 14
1694416156754 1.5249148009963247 15
1694416156779 1.506215877821325 16
1694416156804 1.4882465434214533 17
1694416156964 1.4708847644810452 18
1694416157008 1.45398286563052 19
1694416157052 1.4378115350501632 20
1694416157076 1.4216600490221543 21
1694416157100 1.406068990810297 22
1694416157125 1.3909444256121817 23
1694416157156 1.3762139887033449 24
1694416157215 1.3617786839208748 25
1694416157242 1.3475329039185155 26
1694416157266 1.3336225981288763 27
1694416157298 1.3200516090590566 28
1694416157323 1.3067962520083807 29
1694416157349 1.2940704006033523 30
1694416157376 1.2814585031362666 31
1694416157405 1.2691324582732832 32
1694416157457 1.2571036848590362 33
1694416157510 1.2453877221404428 34
1694416157535 1.233874401056613 35
1694416157561 1.2225795938655553 36
1694416157587 1.2116348935991097 37
1694416157611 1.2009261004413174 38
1694416157636 1.1903261788314679 39
1694416157667 1.1799756048445915 40
1694416157694 1.169873242359967 41
1694416157720 1.1600725502079985 42
1694416157750 1.1502895701639058 43
1694416157776 1.1406266301012438 44
1694416157804 1.1311312955131185 45
1694416157841 1.1218615164521344 46
1694416157867 1.112825051624061 47
1694416157894 1.1037909795544438 48
1694416157924 1.0950896725395456 49
1694416157953 1.0865733064735854 50
1694416157977 1.078176186327556 51
1694416158003 1.0699312968806842 52
1694416158029 1.061789171388919 53
1694416158054 1.0538399374131517 54
1694416158079 1.0460048727505613 55
1694416158109 1.0382403180704498 56
1694416158138 1.0306451808138093 57
1694416158171 1.0231105139248635 58
1694416158199 1.0157755117283689 59
1694416158227 1.0085687776756849 60
1694416158254 1.0014306960755204 61
1694416158283 0.9944743883363788 62
1694416158310 0.9877416285592215 63
1694416158335 0.9809894728919761 64
1694416158362 0.9744365652919433 65
1694416158386 0.9679393215711997 66
1694416158422 0.9615516254341605 67
1694416158447 0.9552586485845141 68
1694416158472 0.9490165838498812 69
1694416158497 0.9429531248680753 70
1694416158522 0.9369593936441513 71
1694416158547 0.9311283952873635 72
1694416158573 0.9252930113328819 73
1694416158599 0.9195574826154038 74
1694416158627 0.9138148856786245 75
1694416158659 0.9082031678446607 76
1694416158685 0.9027834413994449 77
1694416158711 0.8974099911279381 78
1694416158736 0.8921253374805491 79
1694416158762 0.8869419390283034 80
1694416158788 0.8818342660305158 81
1694416158814 0.8768322868814546 82
1694416158841 0.8718589178480334 83
1694416158867 0.866957286473257 84
1694416158894 0.8621287667602908 85
1694416158923 0.8573024863444441 86
1694416158950 0.8526423512841971 87
1694416158975 0.8480076543651018 88
1694416158999 0.8434152444577991 89
1694416159115 0.8388794307536898 90
1694416159144 0.834381646096191 91
1694416159174 0.8300910682455952 92
1694416159235 0.8258957698267266 93
1694416159260 0.8216506428130108 94
1694416159284 0.8174205664206013 95
1694416159315 0.8132702548323032 96
1694416159341 0.8092874265239924 97
1694416159368 0.8052752410256996 98
1694416159392 0.8013510019152635 99
1694416159417 0.8013510019152635 100
