1694359489679 1.9110737750511635 0
1694359489722 1.8744299169026646 1
1694359489761 1.841571881589343 2
1694359489792 1.8099558342036932 3
1694359489823 1.7803085926992104 4
1694359489858 1.752261784735173 5
1694359489888 1.7254122122273436 6
1694359489923 1.699941514831035 7
1694359489953 1.675339338224722 8
1694359489988 1.6516251761332177 9
1694359490025 1.6288789110515 10
1694359490069 1.6070422368481196 11
1694359490109 1.5857869743157909 12
1694359490140 1.5653826456693032 13
1694359490174 1.5457332935638408 14
1694359490214 1.5267389870915227 15
1694359490245 1.508034729681919 16
1694359490280 1.4901156306292003 17
1694359490313 1.4727385910414323 18
1694359490344 1.4557310099367011 19
1694359490377 1.4395554408650757 20
1694359490410 1.4233418051685431 21
1694359490442 1.4077319231667227 22
1694359490474 1.392720506925152 23
1694359490507 1.3778810268977963 24
1694359490543 1.363464624542628 25
1694359490586 1.3493235150227205 26
1694359490620 1.3353564253672225 27
1694359490654 1.3217511881053345 28
1694359490686 1.308551880137504 29
1694359490780 1.2958677377130816 30
1694359490914 1.283311015861361 31
1694359491158 1.2709762235074749 32
1694359491210 1.258952444539098 33
1694359491273 1.2472622066011696 34
1694359491308 1.2358027899143589 35
1694359491340 1.2243951550580163 36
1694359491378 1.2134554953826813 37
1694359491408 1.2026996720329552 38
1694359491437 1.1921420723628149 39
1694359491471 1.1818871322658058 40
1694359491497 1.1716894029480385 41
1694359491527 1.1619335442975298 42
1694359491563 1.1521772361295615 43
1694359491594 1.1425638718989106 44
1694359491670 1.1331711420571853 45
1694359491697 1.1238516978112694 46
1694359491729 1.114903759085883 47
1694359491771 1.1058724478256556 48
1694359491798 1.097238797208409 49
1694359491828 1.0887385479569798 50
1694359491861 1.0803615638730864 51
1694359491890 1.0721154450132409 52
1694359491921 1.0639776332716415 53
1694359491958 1.0561128800194644 54
1694359491991 1.0482993667044376 55
1694359492023 1.0406183269893365 56
1694359492053 1.033068657377852 57
1694359492082 1.0255668727052345 58
1694359492119 1.0183064574037377 59
1694359492147 1.0112056608844495 60
1694359492177 1.0040976386936218 61
1694359492207 0.997178719228882 62
1694359492242 0.9904118878701443 63
1694359492273 0.9835838499861751 64
1694359492311 0.977060318227912 65
1694359492343 0.9706450496955895 66
1694359492377 0.9643001177286 67
1694359492410 0.9580591615175467 68
1694359492440 0.9518460631493559 69
1694359492481 0.9458070392211622 70
1694359492508 0.9398874736814012 71
1694359492556 0.9340185962488573 72
1694359492588 0.928261372317287 73
1694359492622 0.9225072479184373 74
1694359492652 0.9168140144040207 75
1694359492680 0.9112155846774049 76
1694359492721 0.9058474938312516 77
1694359492754 0.9004996639216953 78
1694359492787 0.8951956485546013 79
1694359492821 0.8900272653363185 80
1694359492856 0.884943769119168 81
1694359492921 0.8799453062001744 82
1694359492958 0.87493590936525 83
1694359493005 0.8700605467571023 84
1694359493032 0.8652682682537376 85
1694359493064 0.8604604253929683 86
1694359493094 0.8558118065820984 87
1694359493131 0.8512178640810779 88
1694359493158 0.8466945219880279 89
1694359493188 0.8422413233784191 90
1694359493215 0.8378488807732724 91
1694359493244 0.8335792239434068 92
1694359493275 0.829332910094679 93
1694359493339 0.8251526739204851 94
1694359493370 0.8209534495424943 95
1694359493408 0.8168426077077845 96
1694359493439 0.8128792198176491 97
1694359493471 0.8089543829650915 98
1694359493501 0.8050386383220363 99
1694359493528 0.8012003226208656 100
1694359493559 0.7973748246313236 101
1694359493589 0.7936435579675368 102
1694359493620 0.789899359053554 103
1694359493651 0.7862241246594325 104
1694359493724 0.7825911664248764 105
1694359493767 0.779067348678767 106
1694359493803 0.7755533502795957 107
1694359493831 0.771988171739234 108
1694359493881 0.7685120734276728 109
1694359493925 0.7651131451001546 110
1694359493956 0.7616656998052477 111
1694359493993 0.7583607137531477 112
1694359494042 0.7551895130740699 113
1694359494075 0.7519624117291398 114
1694359494108 0.7487964597206801 115
1694359494142 0.7456740931486536 116
1694359494428 0.7426343217006105 117
1694359494465 0.7395110791140143 118
1694359494544 0.7365027838578582 119
1694359494575 0.7335258283538536 120
1694359494615 0.7305139041581362 121
1694359494651 0.7276032012820889 122
1694359494682 0.7247172237926857 123
1694359494765 0.7218664909312169 124
1694359494799 0.719022089073825 125
1694359494946 0.7162449133220543 126
1694359495188 0.7134574662704715 127
1694359495280 0.7107814867104986 128
1694359495365 0.7081414009575715 129
1694359495497 0.7055096462722509 130
1694359495548 0.7028831562753876 131
1694359495597 0.7002371236286489 132
1694359495634 0.6977471265804646 133
1694359495676 0.6952093629537656 134
1694359495712 0.692636078150345 135
1694359495807 0.6901744317961231 136
1694359495898 0.6877290241163193 137
1694359495939 0.6852319806438159 138
1694359495980 0.6828453867530927 139
1694359496023 0.6804986889327024 140
1694359496077 0.678157104741039 141
1694359496118 0.6758483491454768 142
1694359496160 0.6735825524668413 143
1694359496200 0.6713511016310048 144
1694359496239 0.6691204755486686 145
1694359496277 0.6669479448206364 146
1694359496321 0.6647400277491244 147
1694359496354 0.6625733845018436 148
1694359496386 0.6604215817115394 149
1694359496421 0.6583347282698743 150
1694359496458 0.6562487356171155 151
1694359496498 0.6541811934007251 152
1694359496538 0.6522026802109786 153
1694359496574 0.6501418666583879 154
1694359496611 0.648091725002268 155
1694359496659 0.6461094692947945 156
1694359496702 0.6441615719604852 157
1694359496740 0.6422393988195637 158
1694359496774 0.6403070219072958 159
1694359496809 0.6384154396885353 160
1694359496849 0.6364743779707249 161
1694359496881 0.6346438436615377 162
1694359496914 0.632815981652296 163
1694359496947 0.6309805854197008 164
1694359496979 0.6291613820769962 165
1694359497026 0.6273471339041021 166
1694359497062 0.6255871073332481 167
1694359497095 0.6238011287218636 168
1694359497159 0.6220761304346362 169
1694359497227 0.6204075920522181 170
1694359497297 0.6186859263147236 171
1694359497328 0.6170255054787105 172
1694359497395 0.6153540322444055 173
1694359497426 0.6137172746525555 174
1694359497459 0.61210756316772 175
1694359497494 0.6105028561388468 176
1694359497528 0.6088529814016015 177
1694359497560 0.6072825374452024 178
1694359497594 0.6056778313394051 179
1694359497627 0.6041532812077359 180
1694359497659 0.6026385361332962 181
1694359497692 0.6010959187990677 182
1694359497727 0.5995693654936052 183
1694359497793 0.5980556549133383 184
1694359497825 0.5965584381107455 185
1694359497860 0.5950670077882906 186
1694359497889 0.5936100178193978 187
1694359497920 0.5921387825730325 188
1694359497948 0.5906775692466364 189
1694359497977 0.5892613760262685 190
1694359498012 0.5877771256691258 191
1694359498044 0.5863659574315775 192
1694359498074 0.5849840962095639 193
1694359498106 0.583572476439407 194
1694359498137 0.5822302926872053 195
1694359498168 0.580906021463669 196
1694359498203 0.5795487567515841 197
1694359498231 0.5781766350779479 198
1694359498263 0.576870935352462 199
1694359498294 0.5755640804478724 200
1694359498325 0.574265897684208 201
1694359498361 0.5729901799072531 202
1694359498403 0.5716684932209892 203
1694359498439 0.5704038509613664 204
1694359498474 0.5691460840369209 205
1694359498511 0.5678861988194175 206
1694359498579 0.5666120009974334 207
1694359498617 0.5654015555513741 208
1694359498664 0.5642591808130378 209
1694359498697 0.5630446236862922 210
1694359498729 0.5618481525870153 211
1694359498765 0.5606581968804829 212
1694359498794 0.5595030370591482 213
1694359498827 0.5583383167744502 214
1694359498862 0.5571344203600129 215
1694359498893 0.555985053974609 216
1694359498927 0.5548306081316499 217
1694359498980 0.5536980524762241 218
1694359499043 0.5525733793674555 219
1694359499092 0.5514849825255425 220
1694359499127 0.5503860715022628 221
1694359499169 0.5492833884358622 222
1694359499202 0.548222456023 223
1694359499232 0.547148071696747 224
1694359499278 0.5460755624287088 225
1694359499313 0.5450030289859628 226
1694359499454 0.5439785622697839 227
1694359499484 0.5429003852198144 228
1694359499520 0.5418155296986127 229
1694359499551 0.5407721123088557 230
1694359499579 0.5397636830406112 231
1694359499610 0.5387409424759726 232
1694359499643 0.5377337094365937 233
1694359499678 0.5367204123112449 234
1694359499709 0.5357169307967451 235
1694359499743 0.5347124221799137 236
1694359499778 0.5337101334913561 237
1694359499839 0.532712115048614 238
1694359499874 0.5317678337629709 239
1694359499905 0.5308242685303892 240
1694359499945 0.5298613539859935 241
1694359499978 0.5288971599242279 242
1694359500010 0.5279946331501069 243
1694359500061 0.5270390807303572 244
1694359500094 0.5261035686744359 245
1694359500128 0.5251593070042899 246
1694359500165 0.5242360697994067 247
1694359500197 0.5233164915945903 248
1694359500393 0.5224077457297828 249
1694359500429 0.5215021038873718 250
1694359500464 0.5206015724638126 251
1694359500494 0.5197046490835865 252
1694359500527 0.5188313541368448 253
1694359500560 0.517910099011449 254
1694359500594 0.5170131851980957 255
1694359500629 0.5161491229288057 256
1694359500663 0.515263104400568 257
1694359500695 0.5143989150765044 258
1694359500728 0.5135453289171362 259
1694359500764 0.5127060069455625 260
1694359500807 0.5118763151660468 261
1694359500842 0.5110530359308387 262
1694359500877 0.510201204635761 263
1694359500909 0.5093691149193146 264
1694359500942 0.5085721293247026 265
1694359500976 0.5077811903175715 266
1694359501024 0.5069715740536828 267
1694359501059 0.5061747679362355 268
1694359501093 0.5053645368841657 269
1694359501138 0.5045519463302612 270
1694359501171 0.5037739724370787 271
1694359501204 0.5029777179398316 272
1694359501238 0.5022111933182358 273
1694359501271 0.5014800579616143 274
1694359501303 0.5007437907747775 275
1694359501337 0.4999765602375458 276
1694359501372 0.49925159987732237 277
1694359501410 0.4985123702661207 278
1694359501445 0.49778583698431816 279
1694359501556 0.49703030847569013 280
1694359501602 0.49629529790506666 281
1694359501630 0.49556995032020024 282
1694359501663 0.4948270045218093 283
1694359501695 0.4940934643689777 284
1694359501727 0.4933817227190538 285
1694359501758 0.4926683510461943 286
1694359501794 0.49195390648740556 287
1694359501826 0.49126591368852096 288
1694359501889 0.4905270292557776 289
1694359501920 0.4897956657097586 290
1694359501951 0.4891292238177522 291
1694359501996 0.4884356767351004 292
1694359502036 0.48772083590746135 293
1694359502064 0.4870247140217648 294
1694359502096 0.48630437542038324 295
1694359502127 0.485594360963688 296
1694359502161 0.48491152458555836 297
1694359502202 0.4842302480546374 298
1694359502231 0.4835651491924146 299
1694359502262 0.48291322491866334 300
1694359502294 0.48226321030041075 301
1694359502329 0.4816347692111908 302
1694359502363 0.4809583373731944 303
1694359502395 0.48028643475352495 304
1694359502446 0.47963975086312344 305
1694359502491 0.4790413863844639 306
1694359502523 0.4783958298537448 307
1694359502563 0.4777466870010934 308
1694359502603 0.477112908405114 309
1694359502631 0.4764873923098227 310
1694359502661 0.47585666197028664 311
1694359502695 0.4751930735444906 312
1694359502737 0.47454632603798874 313
1694359502770 0.47391119035969914 314
1694359502805 0.47331614429671925 315
1694359502839 0.472695996414502 316
1694359502875 0.4720431545316507 317
1694359502909 0.47141124766481396 318
1694359502971 0.4707852824984941 319
1694359503008 0.4701922352435271 320
1694359503061 0.469581472224959 321
1694359503101 0.4689758727449852 322
1694359503143 0.4683810589200446 323
1694359503179 0.4677863324619787 324
1694359503212 0.46718653268766136 325
1694359503248 0.46660235943585343 326
1694359503281 0.46601859141805213 327
1694359503317 0.4654386016227001 328
1694359503347 0.4648718386206795 329
1694359503379 0.46428945870939 330
1694359503415 0.4637008544543789 331
1694359503451 0.46311870211056033 332
1694359503486 0.46253057789601354 333
1694359503545 0.4619404318868408 334
1694359503588 0.4613394359848104 335
1694359503648 0.46080158120725523 336
1694359503705 0.46022984384861115 337
1694359503740 0.45968675107942497 338
1694359503773 0.45910822382813843 339
1694359503811 0.45855361294985825 340
1694359503845 0.4579678177296121 341
1694359503908 0.4574214295054508 342
1694359503941 0.45687867143244665 343
1694359503975 0.45633664467510515 344
1694359504009 0.4558014586684563 345
1694359504041 0.45524505241259183 346
1694359504078 0.454689931772304 347
1694359504112 0.4541543234568889 348
1694359504145 0.45360419441887795 349
1694359504179 0.45305573920684816 350
1694359504213 0.4525215984416914 351
1694359504247 0.45201853298134015 352
1694359504305 0.45149612587962423 353
1694359504342 0.4509580869014772 354
1694359504382 0.45045956404700455 355
1694359504416 0.44996509734040163 356
1694359504444 0.4494432560019989 357
1694359504490 0.4489161776695073 358
1694359504522 0.4483983627429793 359
1694359504555 0.44789597376012624 360
1694359504590 0.4473952205637477 361
1694359504622 0.44690219255946756 362
1694359504655 0.44635201945513536 363
1694359504688 0.44585417463527316 364
1694359504721 0.4453276844108302 365
1694359504805 0.44482776398062157 366
1694359505145 0.4442915276476045 367
1694359505177 0.44378207099135264 368
1694359505208 0.4432762051599671 369
1694359505240 0.4427918410596464 370
1694359505278 0.44229835295246206 371
1694359505313 0.44180206295884467 372
1694359505353 0.4412888092622095 373
1694359505388 0.44080191373263183 374
1694359505422 0.44030380357084287 375
1694359505455 0.4398461826496816 376
1694359505489 0.43940573455436854 377
1694359505522 0.4388980178624438 378
1694359505590 0.4384236663406077 379
1694359505625 0.43796173934228616 380
1694359505660 0.4374859766337385 381
1694359505699 0.43699683987471605 382
1694359505812 0.43649625753153953 383
1694359505855 0.43601989451387096 384
1694359505886 0.4355201276761722 385
1694359505945 0.43506145757061554 386
1694359505975 0.4346277123500198 387
1694359506006 0.43415353878154656 388
1694359506039 0.4336695115136292 389
1694359506071 0.433198983900257 390
1694359506111 0.4327590907408166 391
1694359506141 0.4322958656383368 392
1694359506176 0.43183720063286 393
1694359506212 0.43135624509666876 394
1694359506252 0.43090090974865974 395
1694359506285 0.4304273130830355 396
1694359506318 0.4299753537283053 397
1694359506355 0.4295209781841565 398
1694359506391 0.4290878826633395 399
1694359506425 0.4286302724030425 400
1694359506461 0.4281768521008859 401
1694359506504 0.4276992009054048 402
1694359506534 0.42724780311015437 403
1694359506565 0.42679571713186126 404
1694359506601 0.4263763975430086 405
1694359506630 0.42592546802716064 406
1694359506661 0.42551019756182734 407
1694359506692 0.42510947386384 408
1694359506723 0.4246925596561747 409
1694359506790 0.42426976172750525 410
1694359506824 0.423827054712418 411
1694359506872 0.42341821723651435 412
1694359506905 0.4229749932300446 413
1694359506932 0.42255722758574854 414
1694359506962 0.4221191580567516 415
1694359506996 0.42172980962497725 416
1694359507027 0.42129373790083585 417
1694359507062 0.42089227880114355 418
1694359507097 0.4204966530153545 419
1694359507139 0.42007408549782727 420
1694359507192 0.4196624631573331 421
1694359507229 0.4192533287541946 422
1694359507274 0.4188525838530321 423
1694359507310 0.41844833981632445 424
1694359507347 0.4180227581977339 425
1694359507380 0.41761518982879875 426
1694359507411 0.41720646821035734 427
1694359507479 0.41679355031275567 428
1694359507513 0.41636639001026615 429
1694359507561 0.4159521633488728 430
1694359507629 0.41553686251775745 431
1694359507664 0.4151026632733426 432
1694359507700 0.4146905388125679 433
1694359507728 0.4142746877417139 434
1694359507761 0.4138853094329978 435
1694359507876 0.41347154251898877 436
1694359507912 0.4130714087476866 437
1694359507942 0.41266990525819053 438
1694359507997 0.4122413405862717 439
1694359508028 0.41183090677983747 440
1694359508059 0.41142949494598247 441
1694359508095 0.4109931284649349 442
1694359508131 0.4106017004039988 443
1694359508162 0.41017422398831177 444
1694359508192 0.4097773179307341 445
1694359508223 0.40939291496080027 446
1694359508256 0.4090337559909146 447
1694359508290 0.40863884873350587 448
1694359508321 0.40826364404265736 449
1694359508351 0.40786745168802474 450
1694359508381 0.40746403749005294 451
1694359508412 0.4070878122598804 452
1694359508445 0.40670632178505406 453
1694359508479 0.4063362062763871 454
1694359508511 0.40595090147321533 455
1694359508542 0.4055461668842983 456
1694359508575 0.40516350048207966 457
1694359508615 0.4047908828036939 458
1694359508647 0.40440701030635046 459
1694359508679 0.4040318371229559 460
1694359508711 0.4036565796426118 461
1694359508743 0.40327568758601134 462
1694359508778 0.40287885477116603 463
1694359508812 0.4024975461819411 464
1694359508846 0.40212764307589627 465
1694359508885 0.4017925629728434 466
1694359508914 0.401435588597061 467
1694359508945 0.40107415946606156 468
1694359508978 0.4007086523937352 469
1694359509009 0.4003425253642526 470
1694359509039 0.40001626309279276 471
1694359509072 0.3996398847878889 472
1694359509104 0.39927354490808714 473
1694359509143 0.39891276407876336 474
1694359509174 0.39856234577921557 475
1694359509205 0.3981922634436927 476
1694359509234 0.39782059489859833 477
1694359509261 0.39745525534983606 478
1694359509295 0.39709268614967813 479
1694359509327 0.3967323563712272 480
1694359509358 0.3963582128767079 481
1694359509395 0.3959888817275549 482
1694359509426 0.3956171537942193 483
1694359509456 0.39528960899715443 484
1694359509487 0.3949604613135657 485
1694359509523 0.3946021132326677 486
1694359509554 0.3942589874898707 487
1694359509581 0.39389839925083747 488
1694359509611 0.39353258402926955 489
1694359509678 0.3931775944389468 490
1694359509711 0.39282724254327306 491
1694359509748 0.39249690089583594 492
1694359509778 0.39212481807047983 493
1694359509809 0.3918004673541727 494
1694359509840 0.39148077112183416 495
1694359509880 0.39116150239139896 496
1694359509940 0.39080471667862243 497
1694359510031 0.3904370306919765 498
1694359510069 0.3900832201235721 499
1694359510185 0.3900832201235721 500
