1694358784300 1.9108673829053535 0
1694358784335 1.8743461219500084 1
1694358784365 1.8412938098578737 2
1694358784395 1.809853880155774 3
1694358784421 1.7802509900275572 4
1694358784444 1.7520117032338802 5
1694358784470 1.7253580480519053 6
1694358784494 1.699991526217217 7
1694358784519 1.6753022021156196 8
1694358784543 1.6516414608094496 9
1694358784568 1.62895002480878 10
1694358784592 1.6071749950828202 11
1694358784616 1.5859538725382292 12
1694358784710 1.5656270345527008 13
1694358784734 1.5460378845377596 14
1694358784762 1.5270762799908317 15
1694358784786 1.5085442196396932 16
1694358784815 1.4905136373654821 17
1694358784840 1.4730411133007366 18
1694358784864 1.4562073925137586 19
1694358784894 1.440084395729123 20
1694358784997 1.423899966112288 21
1694358785026 1.4083508591402003 22
1694358785050 1.393272198367461 23
1694358785075 1.3784996189013319 24
1694358785099 1.3641985837476245 25
1694358785125 1.350039253789118 26
1694358785151 1.3360051034208085 27
1694358785201 1.3225112737140088 28
1694358785227 1.3093452147405291 29
1694358785251 1.2967199899190303 30
1694358785278 1.2840487694099898 31
1694358785304 1.2717081206813516 32
1694358785332 1.2597378798896186 33
1694358785363 1.2480412976993525 34
1694358785393 1.236604424241353 35
1694358785419 1.2252208569777536 36
1694358785444 1.2142682119471495 37
1694358785470 1.2035893298125848 38
1694358785525 1.192926723170772 39
1694358785577 1.1825800962852424 40
1694358785605 1.1724867654569024 41
1694358785629 1.1626746379380541 42
1694358785655 1.1528376732610894 43
1694358785682 1.1431348613660541 44
1694358785706 1.1336175245789533 45
1694358785731 1.1243322482037579 46
1694358785756 1.115312574821511 47
1694358785781 1.1062885324932152 48
1694358785807 1.0976457206536878 49
1694358785833 1.0891799376713756 50
1694358785861 1.080791178528874 51
1694358785893 1.0725332161351468 52
1694358785920 1.064402651602143 53
1694358785946 1.0564820135156832 54
1694358785972 1.0486540691895627 55
1694358785999 1.0410165587579754 56
1694358786025 1.0334381871002811 57
1694358786052 1.025978372127661 58
1694358786078 1.0187291564835614 59
1694358786104 1.011612681892941 60
1694358786130 1.0045030712863543 61
1694358786158 0.9975483434119741 62
1694358786188 0.9907396739634715 63
1694358786215 0.9840135683902987 64
1694358786243 0.9774340185912139 65
1694358786270 0.9709941374048506 66
1694358786298 0.9646022795086179 67
1694358786323 0.9583125203269223 68
1694358786348 0.9521799521549573 69
1694358786375 0.9461098810924374 70
1694358786412 0.9401451097173514 71
1694358786438 0.9342926347609688 72
1694358786465 0.928410228798838 73
1694358786492 0.9227506384937869 74
1694358786518 0.9170838057768053 75
1694358786544 0.9114610722798462 76
1694358786572 0.9060550063875624 77
1694358786601 0.9006984401006016 78
1694358786628 0.8954366596080302 79
1694358786655 0.8902762108134059 80
1694358786686 0.8852301377085545 81
1694358786714 0.8801647647913505 82
1694358786740 0.875224589818416 83
1694358786765 0.8703263922819847 84
1694358786791 0.8654567790562067 85
1694358786818 0.8606587999862673 86
1694358786843 0.8559855873828235 87
1694358786869 0.8513786548884279 88
1694358786900 0.8467899719075543 89
1694358786930 0.8423529771246164 90
1694358786956 0.8379418454569312 91
1694358786980 0.8336049613234332 92
1694358787079 0.8293217659708295 93
1694358787104 0.8250563471898829 94
1694358787132 0.8208608360216574 95
1694358787158 0.816752630488003 96
1694358787185 0.8127733986345936 97
1694358787209 0.8088201435904461 98
1694358787234 0.8048780162362543 99
1694358787269 0.800993321530773 100
1694358787294 0.7971580627078217 101
1694358787320 0.7934299644031886 102
1694358787344 0.7896254598410678 103
1694358787371 0.7859851935596549 104
1694358787402 0.7823412906583321 105
1694358787428 0.7788306961261295 106
1694358787458 0.7752296700696749 107
1694358787485 0.7716884975680217 108
1694358787540 0.7681603341923323 109
1694358787565 0.7647620432525567 110
1694358787620 0.7613479595495605 111
1694358787644 0.7580340201703398 112
1694358787670 0.7548454336504299 113
1694358787703 0.751515777505351 114
1694358787728 0.7483205816875539 115
1694358787754 0.7452470422757451 116
1694358787779 0.7421798659525881 117
1694358787805 0.7390861687595923 118
1694358787833 0.7360173409094768 119
1694358787858 0.7330368232959533 120
1694358787890 0.7300591258640978 121
1694358787916 0.7272114330780834 122
1694358787943 0.7243478684237937 123
1694358787972 0.7215095497418825 124
1694358787998 0.7186759546968128 125
1694358788025 0.7159054190449471 126
1694358788052 0.7131667275711479 127
1694358788077 0.710450796235945 128
1694358788102 0.7078091476275207 129
1694358788128 0.7051467384741937 130
1694358788154 0.7025103847060176 131
1694358788180 0.6998943483359743 132
1694358788212 0.6973923984594094 133
1694358788237 0.6948919868419116 134
1694358788264 0.6922723283432743 135
1694358788290 0.6897885082942816 136
1694358788316 0.6873695830137843 137
1694358788342 0.684921056325058 138
1694358788369 0.6825558712702303 139
1694358788400 0.6801763732180997 140
1694358788426 0.6778448048814433 141
1694358788455 0.6755219632264972 142
1694358788482 0.6732381714124581 143
1694358788512 0.6709793517047521 144
1694358788538 0.6687377728876911 145
1694358788564 0.6665351937484515 146
1694358788591 0.6643245970233455 147
1694358788618 0.6621781257994692 148
1694358788643 0.6600450362544614 149
1694358788669 0.657918205905537 150
1694358788696 0.6558696730434022 151
1694358788728 0.6538121947961028 152
1694358788753 0.6518004820201851 153
1694358788778 0.6497437197815391 154
1694358788805 0.6477440035057269 155
1694358788831 0.6457927875200851 156
1694358788857 0.6438091150939516 157
1694358788889 0.6418661942570876 158
1694358788915 0.6399258912406091 159
1694358788942 0.63805134768435 160
1694358788968 0.6361026673702336 161
1694358788994 0.63422460144072 162
1694358789021 0.6323611533226354 163
1694358789050 0.6305334257250387 164
1694358789162 0.628734283055869 165
1694358789191 0.6269327108116872 166
1694358789218 0.6251580834175638 167
1694358789243 0.6234136589196847 168
1694358789268 0.6216604271675913 169
1694358789293 0.6199611105142055 170
1694358789319 0.6182388508175437 171
1694358789344 0.6165394165476007 172
1694358789371 0.6148589136636293 173
1694358789402 0.613169626240692 174
1694358789427 0.6115239554491071 175
1694358789455 0.6098823330996864 176
1694358789482 0.6082450540121718 177
1694358789508 0.6066297201718157 178
1694358789533 0.60506595518125 179
1694358789590 0.6034768115161602 180
1694358789639 0.6019080828702313 181
1694358789667 0.6003399254398292 182
1694358789693 0.5988074467832656 183
1694358789718 0.5972506019321138 184
1694358789744 0.5957732316823238 185
1694358789769 0.5943019584342663 186
1694358789794 0.5927962744246946 187
1694358789821 0.5913275635925012 188
1694358789847 0.5898473683999454 189
1694358789873 0.5883686749150547 190
1694358789904 0.5869219941869466 191
1694358789931 0.5854935041724548 192
1694358789957 0.5840994816561242 193
1694358789982 0.5827404666574768 194
1694358790008 0.5813717362770214 195
1694358790034 0.5800609755266122 196
1694358790061 0.5787238454773157 197
1694358790087 0.577393088283044 198
1694358790118 0.5760586763063525 199
1694358790146 0.5747382971185638 200
1694358790182 0.5734721346305366 201
1694358790215 0.5721751277697932 202
1694358790243 0.5708816787630386 203
1694358790268 0.569590764214161 204
1694358790295 0.5683327482678023 205
1694358790322 0.5670853927455471 206
1694358790349 0.5658278588961492 207
1694358790376 0.5646133490119905 208
1694358790407 0.563422250972699 209
1694358790432 0.5622215221183329 210
1694358790459 0.5610075987742653 211
1694358790484 0.5597671785702392 212
1694358790509 0.5585498848892173 213
1694358790535 0.5573383441717115 214
1694358790561 0.5562081007982279 215
1694358790588 0.5550733175089627 216
1694358790612 0.5539433971030072 217
1694358790641 0.552806411551229 218
1694358790670 0.551688863435946 219
1694358790696 0.5505689779865351 220
1694358790723 0.5494771736777769 221
1694358790749 0.5483999061070401 222
1694358790773 0.5473004724150362 223
1694358790798 0.5462240595013844 224
1694358790826 0.5451183817701186 225
1694358790850 0.5440725408775337 226
1694358790875 0.5430215340791756 227
1694358790906 0.5419642759621406 228
1694358790932 0.5409484312133823 229
1694358790958 0.5399450810435587 230
1694358790982 0.5388978773925694 231
1694358791008 0.5378752214446199 232
1694358791033 0.5368464347582225 233
1694358791059 0.5358363774700027 234
1694358791084 0.5348310954543346 235
1694358791133 0.5338448050044058 236
1694358791172 0.5328749809546525 237
1694358791200 0.5318891411126723 238
1694358791263 0.5309158896188017 239
1694358791312 0.5299730416461185 240
1694358791346 0.5290154876707407 241
1694358791373 0.5280657052737405 242
1694358791405 0.5271242446292479 243
1694358791433 0.526209341467132 244
1694358791459 0.525291257906742 245
1694358791487 0.5243119335494876 246
1694358791511 0.5233659502654117 247
1694358791537 0.5224374347403692 248
1694358791561 0.5215346329558953 249
1694358791616 0.5206416913809974 250
1694358791640 0.5197268041508225 251
1694358791697 0.5188044655292543 252
1694358791724 0.5179566206913473 253
1694358791752 0.5170538925076427 254
1694358791779 0.516181551778969 255
1694358791804 0.515306592003398 256
1694358791830 0.5144453667397744 257
1694358791856 0.5135962769276948 258
1694358791898 0.5127411584738499 259
1694358791924 0.5118920006737281 260
1694358791949 0.5110508109785202 261
1694358791973 0.510226242962677 262
1694358791996 0.5093776801999937 263
1694358792024 0.5085292929570523 264
1694358792048 0.5077442357264352 265
1694358792074 0.5069086527359533 266
1694358792099 0.5060968021303447 267
1694358792124 0.5052743776067317 268
1694358792150 0.5044966232340228 269
1694358792175 0.5036852139139384 270
1694358792200 0.5029056447811531 271
1694358792229 0.5021080634227718 272
1694358792255 0.5013149690266436 273
1694358792283 0.500535967829536 274
1694358792309 0.4997666613807164 275
1694358792334 0.4990162560282151 276
1694358792359 0.4982567276079623 277
1694358792384 0.4974739538780767 278
1694358792412 0.49672619423447817 279
1694358792437 0.49598421880440297 280
1694358792463 0.4952540230303445 281
1694358792489 0.4945053036135884 282
1694358792515 0.49379722430653156 283
1694358792541 0.4930320101972864 284
1694358792566 0.4923148804958261 285
1694358792591 0.4915735263569121 286
1694358792619 0.4908250087334063 287
1694358792646 0.4900876099327857 288
1694358792673 0.48935326852922373 289
1694358792699 0.48866756142682893 290
1694358792727 0.48797005488186634 291
1694358792758 0.48730069102717166 292
1694358792786 0.48662730152288686 293
1694358792815 0.485948771087884 294
1694358792844 0.48524564816498844 295
1694358792871 0.4845665390284573 296
1694358792904 0.48385710500564044 297
1694358792929 0.48320283809260334 298
1694358792957 0.48251069031410515 299
1694358792984 0.4818177386053115 300
1694358793011 0.4811459850197523 301
1694358793037 0.48049462528126113 302
1694358793067 0.47980884428725185 303
1694358793093 0.4791355147536736 304
1694358793119 0.4784723282612773 305
1694358793145 0.47779252524994065 306
1694358793173 0.4771369417141919 307
1694358793200 0.4764668687772827 308
1694358793227 0.47580938697566677 309
1694358793253 0.4751819339148119 310
1694358793284 0.4745442649532046 311
1694358793310 0.47389410737596593 312
1694358793351 0.4732400951997393 313
1694358793409 0.4726604502324013 314
1694358793459 0.4720448201082327 315
1694358793486 0.47142798152588955 316
1694358793512 0.4707946300455179 317
1694358793536 0.47020118400912647 318
1694358793560 0.46959494459059903 319
1694358793584 0.46899033998242967 320
1694358793610 0.46838287416898483 321
1694358793664 0.4677902247559511 322
1694358793698 0.4671889780820366 323
1694358793734 0.4665768756219326 324
1694358793761 0.46599060484379573 325
1694358793786 0.46541071193525074 326
1694358793810 0.46480084201947225 327
1694358793838 0.46420757049965805 328
1694358793863 0.4636151370348767 329
1694358793893 0.4630603637679374 330
1694358793918 0.46249947167700545 331
1694358793943 0.4619088280288172 332
1694358793967 0.4613155885994606 333
1694358793993 0.4607270271415601 334
1694358794018 0.4601574139637262 335
1694358794044 0.45956636043756954 336
1694358794069 0.4590191985212471 337
1694358794096 0.4584518402302624 338
1694358794121 0.4578690520653662 339
1694358794146 0.45730418389313054 340
1694358794172 0.4567205780754633 341
1694358794197 0.4561509402910315 342
1694358794224 0.4555909775470623 343
1694358794256 0.45502389128345644 344
1694358794281 0.4544919754230923 345
1694358794305 0.4539559751814915 346
1694358794329 0.4534268451248117 347
1694358794357 0.452841812612452 348
1694358794386 0.45234339114201544 349
1694358794410 0.4518205495907046 350
1694358794438 0.45130835649126366 351
1694358794463 0.4508246435761236 352
1694358794487 0.45028490688480655 353
1694358794513 0.44977405582642177 354
1694358794539 0.4492265494583624 355
1694358794564 0.4487018017941075 356
1694358794595 0.44820631762474256 357
1694358794620 0.4476966605931722 358
1694358794644 0.4472149994118363 359
1694358794670 0.44670595479805597 360
1694358794695 0.4461863270358598 361
1694358794720 0.4456971708244972 362
1694358794745 0.44519280853076837 363
1694358794772 0.44469992967395255 364
1694358794798 0.4441968711945092 365
1694358794824 0.4437005349268974 366
1694358794848 0.4432043726261787 367
1694358794876 0.4426959279186834 368
1694358794906 0.4421775987657076 369
1694358794930 0.4416873786487798 370
1694358794954 0.44117652197302737 371
1694358794978 0.44069742676333923 372
1694358795004 0.4402188428544322 373
1694358795030 0.4396873655605618 374
1694358795053 0.4392178944970149 375
1694358795078 0.4387190527585812 376
1694358795103 0.43825038700244384 377
1694358795128 0.4377837960747061 378
1694358795156 0.4373097943774034 379
1694358795181 0.4368052070132083 380
1694358795207 0.4363523051258694 381
1694358795234 0.4358759656672347 382
1694358795260 0.435385559400661 383
1694358795296 0.4349205665367149 384
1694358795323 0.43444869714688583 385
1694358795350 0.4339758431642881 386
1694358795383 0.4335093682921069 387
1694358795596 0.4330333615246742 388
1694358795769 0.4325653436787308 389
1694358795796 0.432112281719495 390
1694358795820 0.4316593300855765 391
1694358795846 0.4312060851198068 392
1694358795870 0.43074309426117197 393
1694358795899 0.43027056430939054 394
1694358795924 0.4298129760881199 395
1694358795953 0.4293570921025478 396
1694358795979 0.4289147713025535 397
1694358796005 0.4284361051205656 398
1694358796031 0.42796970697281417 399
1694358796057 0.4275250166211078 400
1694358796080 0.4271303301607684 401
1694358796106 0.4267077877877021 402
1694358796131 0.4262494746511488 403
1694358796157 0.42579466033478036 404
1694358796182 0.4253456338496401 405
1694358796207 0.42490953939812737 406
1694358796238 0.4244810758489279 407
1694358796266 0.4240321197150421 408
1694358796290 0.42359132089948515 409
1694358796317 0.4231543969039955 410
1694358796341 0.42271021419229177 411
1694358796366 0.4223008704888909 412
1694358796394 0.4218501528965272 413
1694358796422 0.4214366284552066 414
1694358796448 0.4210137580057915 415
1694358796476 0.42058303916726286 416
1694358796502 0.420143152439817 417
1694358796526 0.41970084454004153 418
1694358796551 0.4192691378582855 419
1694358796576 0.4188655254245493 420
1694358796600 0.41843816328492917 421
1694358796626 0.41803195057651443 422
1694358796652 0.41761199323509873 423
1694358796677 0.4172173624783716 424
1694358796702 0.41681222397132156 425
1694358796727 0.41641001949678214 426
1694358796753 0.4160147986141024 427
1694358796780 0.41560918133953845 428
1694358796806 0.4152191245884876 429
1694358796830 0.41482092604789095 430
1694358796855 0.4144008979197857 431
1694358796885 0.4140096578117471 432
1694358796911 0.413585678106851 433
1694358796938 0.41319616100533496 434
1694358796963 0.41279610241014425 435
1694358796992 0.4124117172424963 436
1694358797018 0.41202666480661276 437
1694358797044 0.41163911493777566 438
1694358797071 0.4112356057577572 439
1694358797096 0.41087411712221245 440
1694358797123 0.4104564655103345 441
1694358797149 0.4100722145795423 442
1694358797175 0.4096909655895976 443
1694358797200 0.4092858270959033 444
1694358797227 0.40889700158314396 445
1694358797254 0.40851594996415047 446
1694358797287 0.40807551051811086 447
1694358797313 0.4076693512354288 448
1694358797340 0.4072806933924751 449
1694358797367 0.4068860918389019 450
1694358797398 0.4065149204918022 451
1694358797425 0.40611745763018786 452
1694358797449 0.4057561673896615 453
1694358797477 0.4053605205597769 454
1694358797505 0.40494349020513354 455
1694358797534 0.4045491009513349 456
1694358797560 0.4041836822427049 457
1694358797675 0.4038299667900483 458
1694358797731 0.40344825105188215 459
1694358797781 0.403074661133482 460
1694358797810 0.4027247684298418 461
1694358797834 0.4023822742979888 462
1694358797859 0.40199076144138585 463
1694358797890 0.4016131015088663 464
1694358797914 0.401256528707417 465
1694358797941 0.40088587815834903 466
1694358797965 0.4005161495629878 467
1694358797990 0.400144891470269 468
1694358798015 0.3997691829213044 469
1694358798040 0.3994450077206174 470
1694358798068 0.3991077039993264 471
1694358798092 0.3987524088928769 472
1694358798116 0.39837807206548975 473
1694358798142 0.39801799340663996 474
1694358798167 0.39766708584651705 475
1694358798192 0.39730944976045085 476
1694358798217 0.39697448743926883 477
1694358798242 0.3966040230518701 478
1694358798266 0.3962344156904259 479
1694358798291 0.39588678910115527 480
1694358798315 0.395532789462182 481
1694358798343 0.3951936241795002 482
1694358798366 0.3948567461532134 483
1694358798396 0.39449670739288967 484
1694358798420 0.3941283861272205 485
1694358798444 0.3938050507375172 486
1694358798469 0.39346237022389663 487
1694358798494 0.39310582817024636 488
1694358798519 0.39276816810927734 489
1694358798544 0.39241460086471097 490
1694358798569 0.3920452003459237 491
1694358798597 0.3917277677412158 492
1694358798623 0.3913768908045404 493
1694358798648 0.39101254294577786 494
1694358798674 0.3906692427276579 495
1694358798699 0.390306377126772 496
1694358798726 0.390022771157746 497
1694358798753 0.38966071355825876 498
1694358798779 0.3893150595775681 499
1694358798916 0.3893150595775681 500
