1694357076803 1.9112559708306014 0
1694357076842 1.874921114145196 1
1694357076875 1.8420563924212046 2
1694357076901 1.810430233587537 3
1694357076934 1.7807909723099327 4
1694357076959 1.7523693454119456 5
1694357076988 1.7256789309932483 6
1694357077014 1.7002696761228009 7
1694357077101 1.675533048762924 8
1694357077139 1.652075670673125 9
1694357077171 1.62929157105139 10
1694357077240 1.607508034134585 11
1694357077264 1.5863146803010502 12
1694357077290 1.565990996771489 13
1694357077319 1.5463117985547976 14
1694357077347 1.5274009805526911 15
1694357077381 1.5087165595684282 16
1694357077406 1.4908607470585264 17
1694357077439 1.4735261253239047 18
1694357077465 1.4565848639000682 19
1694357077489 1.4405003527272324 20
1694357077542 1.4244690709162704 21
1694357077568 1.408965405817832 22
1694357077595 1.3938859672965624 23
1694357077625 1.3790751474994862 24
1694357077652 1.3647023931457731 25
1694357077678 1.3505486792144346 26
1694357077702 1.33662319411213 27
1694357077743 1.3230397452074951 28
1694357077770 1.3099312423843747 29
1694357077796 1.2972204328005554 30
1694357077822 1.2846402468952056 31
1694357077861 1.272290509675846 32
1694357077889 1.2603801393942367 33
1694357077919 1.2486699404780877 34
1694357077946 1.237214589884323 35
1694357077972 1.2259230816822837 36
1694357077998 1.2149289440079016 37
1694357078025 1.204289835563015 38
1694357078050 1.193775230511066 39
1694357078077 1.1833800736601565 40
1694357078102 1.1731959330819481 41
1694357078130 1.1634330402767596 42
1694357078157 1.153603549990022 43
1694357078226 1.1440271502814061 44
1694357078254 1.1346302145200973 45
1694357078282 1.1253626972579254 46
1694357078312 1.1163356366020276 47
1694357078355 1.1073460967606459 48
1694357078384 1.098695684580064 49
1694357078415 1.0901929249927578 50
1694357078444 1.081899613805843 51
1694357078469 1.0736837106364572 52
1694357078495 1.0656240754984878 53
1694357078529 1.0577601491515782 54
1694357078558 1.0500078982901229 55
1694357078587 1.0422953723828579 56
1694357078615 1.0347983948969228 57
1694357078643 1.0273136257954323 58
1694357078695 1.0199992935902626 59
1694357078719 1.0128580827274436 60
1694357078745 1.0057898373571295 61
1694357078772 0.9988779247605227 62
1694357078799 0.9921373822529641 63
1694357078831 0.9853346129458661 64
1694357078858 0.9788019473556858 65
1694357078883 0.9723358387153778 66
1694357078915 0.9659981039660447 67
1694357078941 0.9598126508969407 68
1694357078967 0.9537381903550085 69
1694357078993 0.947699675746616 70
1694357079020 0.9417380870511188 71
1694357079058 0.9357912876929959 72
1694357079084 0.9300171780927167 73
1694357079111 0.9242615469747087 74
1694357079146 0.9186106838544418 75
1694357079178 0.9129957036630953 76
1694357079237 0.9076192738170238 77
1694357079293 0.9022719175852616 78
1694357079321 0.8969984070210647 79
1694357079347 0.891832994982057 80
1694357079375 0.886750807241524 81
1694357079400 0.8817336850953323 82
1694357079432 0.8767487157345409 83
1694357079459 0.8719152013705104 84
1694357079494 0.8670866270438045 85
1694357079519 0.8622621853665897 86
1694357079580 0.8576276090928978 87
1694357079606 0.8530637179395252 88
1694357079635 0.8485400404949353 89
1694357079665 0.844028549665568 90
1694357079692 0.8396225898511278 91
1694357079717 0.8353314226732471 92
1694357079743 0.8311089869650063 93
1694357079768 0.8268689724434504 94
1694357079793 0.8226805539300934 95
1694357079820 0.8185501604076555 96
1694357079846 0.8146285795827596 97
1694357079875 0.8107224423052756 98
1694357079903 0.8067542038378359 99
1694357079957 0.8028752058238998 100
1694357079983 0.7990225455297728 101
1694357080010 0.7952939324620671 102
1694357080039 0.7915306130605368 103
1694357080065 0.7878732231737853 104
1694357080091 0.7842382921348013 105
1694357080118 0.7807343658304232 106
1694357080144 0.777233779571029 107
1694357080171 0.7736581249297599 108
1694357080197 0.7701606009516033 109
1694357080225 0.7667609167130938 110
1694357080251 0.7633508932172709 111
1694357080277 0.7600510589339327 112
1694357080304 0.7568531233444965 113
1694357080331 0.7536200176824699 114
1694357080358 0.7504124382718063 115
1694357080387 0.7473337738634888 116
1694357080417 0.7442834496019184 117
1694357080458 0.7411767466462389 118
1694357080487 0.7381648847647838 119
1694357080513 0.7352009644431339 120
1694357080543 0.7322262399404029 121
1694357080571 0.7293624113497013 122
1694357080598 0.7264583545316341 123
1694357080624 0.7235956755330187 124
1694357080650 0.7207688382904404 125
1694357080677 0.717961342586622 126
1694357080729 0.7152436811533368 127
1694357080756 0.7125007816796027 128
1694357080781 0.7098449726279864 129
1694357080812 0.707123982946933 130
1694357080856 0.7044975852274138 131
1694357080898 0.7019220222101108 132
1694357080950 0.6994692036142655 133
1694357080986 0.6969150422911226 134
1694357081022 0.6944422178426596 135
1694357081066 0.6919668200599238 136
1694357081102 0.689527180178457 137
1694357081137 0.6870524320862772 138
1694357081169 0.6846650012560628 139
1694357081212 0.6822757523167892 140
1694357081250 0.6799266362424145 141
1694357081363 0.6776454370330645 142
1694357081396 0.675362571332608 143
1694357081432 0.6731398303975978 144
1694357081467 0.6709290886391946 145
1694357081498 0.6688034194643652 146
1694357081531 0.6665719575528996 147
1694357081562 0.6643957307316107 148
1694357081618 0.662287099782642 149
1694357081650 0.6601633569159743 150
1694357081680 0.6580937736518694 151
1694357081713 0.6560681738653614 152
1694357081744 0.6540939409467351 153
1694357081772 0.6520526942572249 154
1694357081801 0.6500386087402854 155
1694357081833 0.6480602383838056 156
1694357081865 0.646106449590132 157
1694357081896 0.6442097554193374 158
1694357081931 0.642284967908501 159
1694357081963 0.6403848467772943 160
1694357081995 0.6384494477247252 161
1694357082025 0.6365760892744141 162
1694357082071 0.6347001687465283 163
1694357082102 0.6328998491099482 164
1694357082133 0.6311201140873585 165
1694357082165 0.6293398032137478 166
1694357082197 0.6275971798696552 167
1694357082231 0.6258514099339292 168
1694357082264 0.6240755896748768 169
1694357082299 0.6224013801893986 170
1694357082330 0.6207222727749102 171
1694357082361 0.6190475751630486 172
1694357082389 0.617387877917698 173
1694357082427 0.6157104430578121 174
1694357082458 0.6140498341843574 175
1694357082489 0.6124206272554881 176
1694357082521 0.610755476447719 177
1694357082553 0.6091308009445936 178
1694357082583 0.6075354866770442 179
1694357082612 0.6059750384545838 180
1694357082643 0.6044278559475653 181
1694357082675 0.602886229295652 182
1694357082704 0.6013594708408717 183
1694357082737 0.5998471013510986 184
1694357082794 0.5983763356889926 185
1694357082822 0.5968529243943451 186
1694357082850 0.5953725929270506 187
1694357082884 0.5939286974172128 188
1694357082918 0.5924354874478626 189
1694357082952 0.5910149026005124 190
1694357082984 0.5895384854500432 191
1694357083015 0.5881343713812033 192
1694357083045 0.5867425213673622 193
1694357083084 0.5853260347320792 194
1694357083115 0.5839251054327643 195
1694357083146 0.5825971516403678 196
1694357083175 0.5812611622936026 197
1694357083204 0.5799365182128259 198
1694357083238 0.5786244752519232 199
1694357083267 0.577304646487871 200
1694357083301 0.576008397774052 201
1694357083332 0.5746532741883099 202
1694357083437 0.5733723143404679 203
1694357083470 0.5720661789172962 204
1694357083501 0.5708094829103985 205
1694357083532 0.5695910890743053 206
1694357083563 0.5683539314143063 207
1694357083649 0.5671148670416746 208
1694357083680 0.5659068780209168 209
1694357083712 0.5647055629206401 210
1694357083740 0.5635100725348278 211
1694357083771 0.5623114964917549 212
1694357083801 0.5611528872481564 213
1694357083832 0.559969931301887 214
1694357083863 0.5588173328710196 215
1694357083895 0.5576865712604022 216
1694357083929 0.5565532071516802 217
1694357083961 0.5554003748159917 218
1694357083991 0.5542775267746635 219
1694357084021 0.5531751655341871 220
1694357084052 0.5520983434743888 221
1694357084082 0.5509551570222407 222
1694357084114 0.5498688900596286 223
1694357084145 0.5487982125466155 224
1694357084173 0.5477463390949221 225
1694357084205 0.5466571994033568 226
1694357084237 0.5455365280211432 227
1694357084272 0.5445206470995766 228
1694357084363 0.5434705882951936 229
1694357084393 0.5424239241166302 230
1694357084430 0.5414236188363393 231
1694357084459 0.5404580974053402 232
1694357084487 0.5394422537975574 233
1694357084519 0.5384672039145212 234
1694357084550 0.5374693699427042 235
1694357084580 0.536498727759355 236
1694357084610 0.5355019797969492 237
1694357084638 0.5345267312155079 238
1694357084669 0.533527161833211 239
1694357084702 0.5325912114986733 240
1694357084736 0.5316279658276717 241
1694357084765 0.5307056508966685 242
1694357084819 0.529774763037218 243
1694357084851 0.5288412700927513 244
1694357084879 0.5278960383942332 245
1694357084917 0.5269403661725784 246
1694357084947 0.5260484848436727 247
1694357085012 0.5251237854541525 248
1694357085039 0.5242335255507296 249
1694357085069 0.5233121360327386 250
1694357085149 0.5224021622854949 251
1694357085179 0.521496658746834 252
1694357085211 0.5206498740529405 253
1694357085243 0.519756101587746 254
1694357085270 0.5188908285197478 255
1694357085300 0.5180071379046508 256
1694357085330 0.5171494577630789 257
1694357085361 0.516301382339621 258
1694357085388 0.5154612495299776 259
1694357085421 0.5146201758503737 260
1694357085533 0.5137865509050284 261
1694357085566 0.5129745322844227 262
1694357085630 0.5121576494776309 263
1694357085687 0.5113389790733099 264
1694357085719 0.5105183682209089 265
1694357085765 0.5097174134875716 266
1694357085793 0.5089138259146291 267
1694357085821 0.5080949532830713 268
1694357085865 0.5072738640833651 269
1694357085900 0.5065009796665694 270
1694357085938 0.5056973597853706 271
1694357085973 0.5049185668444083 272
1694357086005 0.5041479903359491 273
1694357086036 0.5033866657123641 274
1694357086071 0.5025859053636744 275
1694357086104 0.5018512388943899 276
1694357086137 0.5010933343878248 277
1694357086168 0.5003048132493696 278
1694357086197 0.4995595937514664 279
1694357086225 0.4988138999340486 280
1694357086251 0.4980946555114534 281
1694357086285 0.4973525345785103 282
1694357086315 0.4965946029565147 283
1694357086345 0.4958949741936955 284
1694357086371 0.495172770136661 285
1694357086400 0.49444243373140373 286
1694357086432 0.49369876749317415 287
1694357086464 0.49293010902609835 288
1694357086499 0.49220080033401403 289
1694357086527 0.4914879953527306 290
1694357086556 0.49078459432476423 291
1694357086588 0.4900830027180312 292
1694357086615 0.48940816538599285 293
1694357086645 0.4887150990908479 294
1694357086672 0.48802952288549006 295
1694357086700 0.487371603979221 296
1694357086730 0.4866990371953818 297
1694357086792 0.48602064538981915 298
1694357086846 0.48534881568701743 299
1694357086879 0.48466873449964193 300
1694357086903 0.48401363724637503 301
1694357086934 0.48336600133219465 302
1694357086959 0.48270070721753194 303
1694357086985 0.48204112805642496 304
1694357087010 0.48138529120227286 305
1694357087035 0.48072096280588716 306
1694357087062 0.4800780671599243 307
1694357087099 0.4794533958322319 308
1694357087125 0.4788039791686721 309
1694357087149 0.47815873504154793 310
1694357087174 0.4775391523957989 311
1694357087200 0.4769220757021474 312
1694357087226 0.4762682013492606 313
1694357087251 0.47564720050396453 314
1694357087277 0.47500331005290486 315
1694357087307 0.4743738501085424 316
1694357087333 0.47375621568022225 317
1694357087358 0.47314829982755674 318
1694357087383 0.47252373338951165 319
1694357087414 0.4719288336966661 320
1694357087442 0.4713431477882292 321
1694357087470 0.47076367321342044 322
1694357087495 0.4701665428873053 323
1694357087614 0.46954648454814063 324
1694357087642 0.46895702083156127 325
1694357087666 0.46834831843137226 326
1694357087717 0.46777985702554714 327
1694357087770 0.46721606112492853 328
1694357087795 0.46661083970424505 329
1694357087821 0.4660537232833843 330
1694357087848 0.4654546509918577 331
1694357087873 0.4648570227428851 332
1694357087898 0.4642678622109258 333
1694357087929 0.46366159967709797 334
1694357087955 0.4630980110489204 335
1694357087982 0.46250575497142854 336
1694357088008 0.4619779894053383 337
1694357088033 0.4614162720378001 338
1694357088060 0.46081479280413074 339
1694357088085 0.46023795262102385 340
1694357088110 0.4596648393605047 341
1694357088136 0.45913806130457063 342
1694357088161 0.45861132981024555 343
1694357088187 0.45809770792031085 344
1694357088213 0.4575589825344083 345
1694357088240 0.456997631745123 346
1694357088264 0.45645067054868127 347
1694357088291 0.45590591884102666 348
1694357088317 0.4553374043790956 349
1694357088344 0.4548003663073729 350
1694357088370 0.4542920406514396 351
1694357088396 0.45380420971126517 352
1694357088427 0.45328492217194455 353
1694357088453 0.4527499526610831 354
1694357088481 0.45224897073455517 355
1694357088507 0.4517232347992388 356
1694357088533 0.4512119161901447 357
1694357088560 0.4506854074711454 358
1694357088587 0.4501793922595735 359
1694357088612 0.4496585755519253 360
1694357088637 0.44913197309391345 361
1694357088663 0.44859958580951426 362
1694357088687 0.4481256901438071 363
1694357088713 0.4475876042496517 364
1694357088738 0.447115732628956 365
1694357088763 0.446556301008997 366
1694357088789 0.44606320672304794 367
1694357088814 0.4455901641267964 368
1694357088841 0.44509158596788057 369
1694357088894 0.4446077454373779 370
1694357088921 0.44410762541141674 371
1694357088954 0.4436145371754977 372
1694357088983 0.4431393816940736 373
1694357089007 0.44268758467093805 374
1694357089031 0.4422220898668918 375
1694357089055 0.4417248875136749 376
1694357089081 0.4412838803803402 377
1694357089106 0.44079983407797413 378
1694357089132 0.4403178609474727 379
1694357089157 0.4398283346461863 380
1694357089183 0.43932419446500537 381
1694357089209 0.43881153163248543 382
1694357089235 0.4383455953883677 383
1694357089261 0.43788330236953193 384
1694357089290 0.4374376008694341 385
1694357089316 0.4369909666869237 386
1694357089344 0.4365277980453177 387
1694357089370 0.43606539335807165 388
1694357089397 0.43563359577512756 389
1694357089429 0.43518359229701786 390
1694357089455 0.4347584111621437 391
1694357089486 0.4343128160168002 392
1694357089514 0.4338778927986217 393
1694357089540 0.43342876412736253 394
1694357089567 0.43298423231455274 395
1694357089653 0.4325270877952861 396
1694357089702 0.43205280364952287 397
1694357089753 0.4315951932255153 398
1694357089778 0.43115379771296936 399
1694357089802 0.4306764263728828 400
1694357089828 0.43021173211097374 401
1694357089858 0.4297340074494945 402
1694357089884 0.4292546204407214 403
1694357089909 0.42881372495011505 404
1694357089938 0.4284069446351257 405
1694357089964 0.42798632414857823 406
1694357089989 0.42756987203907787 407
1694357090014 0.4271106459283934 408
1694357090040 0.42667380542807415 409
1694357090066 0.42625281421758926 410
1694357090094 0.4257682620932274 411
1694357090119 0.4253778670889294 412
1694357090145 0.4249679662532865 413
1694357090171 0.4245276521048944 414
1694357090197 0.42407025412753224 415
1694357090222 0.42366311877626595 416
1694357090249 0.4232447517940673 417
1694357090278 0.4228063265159064 418
1694357090303 0.42238316923605784 419
1694357090328 0.4219629646018557 420
1694357090353 0.4215377177084133 421
1694357090383 0.42107989531418916 422
1694357090413 0.42065341212433893 423
1694357090452 0.4202300056511062 424
1694357090475 0.4198261902302992 425
1694357090503 0.41938274637608036 426
1694357090526 0.41898932333001415 427
1694357090551 0.41856537177478054 428
1694357090575 0.41815425466728573 429
1694357090602 0.417708248527451 430
1694357090633 0.4173234588733592 431
1694357090659 0.4169053739438096 432
1694357090684 0.4164855138522907 433
1694357090709 0.4160907011769827 434
1694357090735 0.41567552425636306 435
1694357090761 0.41527940516431655 436
1694357090785 0.4148905581295544 437
1694357090811 0.4144814667985798 438
1694357090837 0.4140996458356546 439
1694357090865 0.41371363884650175 440
1694357090894 0.4133199553439188 441
1694357091220 0.4129172015428257 442
1694357091245 0.412516066314751 443
1694357091270 0.41209184574176316 444
1694357091297 0.41168550301554646 445
1694357091325 0.4113045427332372 446
1694357091349 0.4109187549250507 447
1694357091375 0.4105309668659058 448
1694357091399 0.4101653901978716 449
1694357091430 0.4097750100052836 450
1694357091456 0.4093968241768329 451
1694357091480 0.40902500141713294 452
1694357091507 0.40863957655022765 453
1694357091533 0.40824824121051356 454
1694357091559 0.40789065296797505 455
1694357091583 0.40752641438733794 456
1694357091609 0.40717205782203636 457
1694357091633 0.40684215625621273 458
1694357091659 0.4064739486354077 459
1694357091694 0.40610083219910464 460
1694357091721 0.405735969682569 461
1694357091819 0.40534616629535763 462
1694357091844 0.4049795637384928 463
1694357091874 0.4046028213123869 464
1694357091898 0.4042309387167744 465
1694357091929 0.4038612901410459 466
1694357091954 0.4035008792774366 467
1694357091980 0.40312789453191106 468
1694357092003 0.4028060420376472 469
1694357092028 0.4024470653092048 470
1694357092053 0.40208666334105436 471
1694357092080 0.40171435199053546 472
1694357092107 0.4013538760595598 473
1694357092133 0.4009626628535546 474
1694357092157 0.40062043578103684 475
1694357092183 0.4002622115820015 476
1694357092208 0.399902143147978 477
1694357092234 0.39956084024774696 478
1694357092259 0.3992143803704061 479
1694357092285 0.39885075574917545 480
1694357092312 0.39848587961474424 481
1694357092337 0.39815271674350694 482
1694357092362 0.3978273093033187 483
1694357092390 0.39744450505568335 484
1694357092415 0.3971008683985879 485
1694357092444 0.3967470365437988 486
1694357092472 0.396423184663112 487
1694357092500 0.39604379106830884 488
1694357092525 0.3957123966824104 489
1694357092549 0.39533478529119886 490
1694357092575 0.39498566625612314 491
1694357092599 0.3946541988848178 492
1694357092625 0.39430409347172507 493
1694357092651 0.3939718351841043 494
1694357092675 0.39362807327035637 495
1694357092700 0.39328326840673505 496
1694357092726 0.39296515354678174 497
1694357092754 0.39262956327340415 498
1694357092778 0.3923265593792768 499
1694357092888 0.3923265593792768 500
