1694355926516 1.9112559708306014 0
1694355926551 1.874921114145196 1
1694355926580 1.8420563924212048 2
1694355926603 1.8104302335875364 3
1694355926628 1.7807909723099322 4
1694355926653 1.7523693454119453 5
1694355926680 1.7256789309932483 6
1694355926706 1.700269676122801 7
1694355926730 1.675533048762924 8
1694355926757 1.652075670673125 9
1694355926784 1.62929157105139 10
1694355926843 1.6075080341345855 11
1694355926870 1.5863146803010502 12
1694355926898 1.565990996771489 13
1694355926926 1.5463117985547976 14
1694355926952 1.5274009805526911 15
1694355926977 1.5087165595684287 16
1694355927004 1.4908607470585264 17
1694355927101 1.4735261253239045 18
1694355927126 1.4565848639000682 19
1694355927155 1.4405003527272329 20
1694355927180 1.4244690709162704 21
1694355927206 1.4089654058178318 22
1694355927232 1.3938859672965624 23
1694355927258 1.3790751474994862 24
1694355927379 1.364702393145773 25
1694355927407 1.3505486792144346 26
1694355927433 1.33662319411213 27
1694355927459 1.3230397452074956 28
1694355927484 1.3099312423843747 29
1694355927510 1.2972204328005554 30
1694355927535 1.2846402468952056 31
1694355927561 1.272290509675846 32
1694355927586 1.2603801393942367 33
1694355927775 1.2486699404780877 34
1694355927949 1.2372145898843234 35
1694355927974 1.2259230816822837 36
1694355928000 1.2149289440079016 37
1694355928026 1.204289835563015 38
1694355928052 1.1937752305110656 39
1694355928079 1.1833800736601563 40
1694355928105 1.173195933081948 41
1694355928132 1.1634330402767594 42
1694355928158 1.1536035499900221 43
1694355928183 1.144027150281406 44
1694355928208 1.1346302145200975 45
1694355928235 1.1253626972579254 46
1694355928263 1.1163356366020276 47
1694355928288 1.1073460967606459 48
1694355928315 1.0986956845800642 49
1694355928342 1.0901929249927578 50
1694355928369 1.0818996138058432 51
1694355928401 1.0736837106364572 52
1694355928434 1.0656240754984876 53
1694355928464 1.0577601491515785 54
1694355928501 1.0500078982901229 55
1694355928528 1.0422953723828579 56
1694355928555 1.0347983948969228 57
1694355928584 1.0273136257954323 58
1694355928610 1.0199992935902626 59
1694355928638 1.0128580827274436 60
1694355928665 1.0057898373571295 61
1694355928693 0.9988779247605225 62
1694355928719 0.9921373822529641 63
1694355928746 0.9853346129458661 64
1694355928776 0.9788019473556858 65
1694355928801 0.9723358387153778 66
1694355928826 0.9659981039660446 67
1694355928877 0.9598126508969407 68
1694355928902 0.9537381903550085 69
1694355928927 0.9476996757466157 70
1694355928952 0.9417380870511188 71
1694355928980 0.9357912876929957 72
1694355929006 0.9300171780927167 73
1694355929032 0.9242615469747087 74
1694355929087 0.9186106838544418 75
1694355929112 0.9129957036630951 76
1694355929139 0.9076192738170239 77
1694355929168 0.9022719175852616 78
1694355929262 0.8969984070210648 79
1694355929286 0.8918329949820568 80
1694355929315 0.886750807241524 81
1694355929340 0.8817336850953323 82
1694355929373 0.8767487157345409 83
1694355929450 0.8719152013705104 84
1694355929492 0.8670866270438045 85
1694355929533 0.8622621853665897 86
1694355929557 0.8576276090928977 87
1694355929593 0.8530637179395251 88
1694355929623 0.8485400404949353 89
1694355929649 0.8440285496655682 90
1694355929676 0.8396225898511278 91
1694355929702 0.8353314226732471 92
1694355929730 0.8311089869650063 93
1694355929756 0.8268689724434504 94
1694355929784 0.8226805539300934 95
1694355929811 0.8185501604076555 96
1694355929837 0.8146285795827594 97
1694355929863 0.8107224423052756 98
1694355929888 0.8067542038378359 99
1694355929916 0.8028752058239 100
1694355929943 0.799022545529773 101
1694355929967 0.7952939324620671 102
1694355929992 0.7915306130605368 103
1694355930017 0.7878732231737853 104
1694355930045 0.7842382921348015 105
1694355930073 0.7807343658304232 106
1694355930100 0.777233779571029 107
1694355930125 0.7736581249297599 108
1694355930152 0.7701606009516033 109
1694355930179 0.7667609167130938 110
1694355930204 0.7633508932172709 111
1694355930229 0.7600510589339327 112
1694355930255 0.7568531233444965 113
1694355930283 0.7536200176824698 114
1694355930308 0.7504124382718063 115
1694355930334 0.7473337738634885 116
1694355930359 0.7442834496019186 117
1694355930386 0.7411767466462388 118
1694355930412 0.7381648847647836 119
1694355930438 0.7352009644431339 120
1694355930464 0.7322262399404029 121
1694355930491 0.7293624113497013 122
1694355930517 0.7264583545316341 123
1694355930545 0.7235956755330187 124
1694355930571 0.7207688382904404 125
1694355930598 0.717961342586622 126
1694355930625 0.7152436811533368 127
1694355930652 0.7125007816796027 128
1694355930678 0.7098449726279862 129
1694355930704 0.707123982946933 130
1694355930732 0.7044975852274138 131
1694355930760 0.7019220222101109 132
1694355930788 0.6994692036142655 133
1694355930816 0.6969150422911224 134
1694355930842 0.6944422178426597 135
1694355930868 0.6919668200599238 136
1694355930920 0.6895271801784569 137
1694355930946 0.6870524320862773 138
1694355930973 0.6846650012560628 139
1694355931005 0.6822757523167892 140
1694355931051 0.6799266362424145 141
1694355931077 0.6776454370330645 142
1694355931129 0.675362571332608 143
1694355931154 0.6731398303975977 144
1694355931180 0.6709290886391946 145
1694355931208 0.6688034194643652 146
1694355931234 0.6665719575528993 147
1694355931259 0.6643957307316107 148
1694355931285 0.662287099782642 149
1694355931310 0.6601633569159744 150
1694355931336 0.6580937736518694 151
1694355931361 0.6560681738653615 152
1694355931386 0.6540939409467352 153
1694355931412 0.6520526942572249 154
1694355931438 0.6500386087402854 155
1694355931465 0.6480602383838056 156
1694355931586 0.646106449590132 157
1694355931619 0.6442097554193374 158
1694355931645 0.6422849679085009 159
1694355931671 0.6403848467772943 160
1694355931699 0.6384494477247251 161
1694355931725 0.6365760892744141 162
1694355931752 0.6347001687465283 163
1694355931780 0.6328998491099482 164
1694355931809 0.6311201140873586 165
1694355931850 0.6293398032137478 166
1694355931877 0.6275971798696552 167
1694355931903 0.6258514099339293 168
1694355931928 0.6240755896748768 169
1694355931956 0.6224013801893986 170
1694355931983 0.6207222727749103 171
1694355932007 0.6190475751630486 172
1694355932033 0.617387877917698 173
1694355932059 0.6157104430578121 174
1694355932086 0.6140498341843573 175
1694355932117 0.6124206272554881 176
1694355932145 0.610755476447719 177
1694355932173 0.6091308009445936 178
1694355932198 0.6075354866770442 179
1694355932223 0.6059750384545838 180
1694355932250 0.6044278559475651 181
1694355932275 0.602886229295652 182
1694355932301 0.6013594708408718 183
1694355932327 0.5998471013510986 184
1694355932352 0.5983763356889926 185
1694355932380 0.5968529243943451 186
1694355932405 0.5953725929270506 187
1694355932430 0.5939286974172128 188
1694355932457 0.5924354874478625 189
1694355932483 0.5910149026005123 190
1694355932507 0.5895384854500432 191
1694355932533 0.5881343713812031 192
1694355932558 0.5867425213673623 193
1694355932585 0.5853260347320792 194
1694355932610 0.5839251054327643 195
1694355932638 0.5825971516403678 196
1694355932663 0.5812611622936026 197
1694355932690 0.5799365182128259 198
1694355932717 0.5786244752519232 199
1694355932743 0.5773046464878712 200
1694355932769 0.5760083977740521 201
1694355932797 0.5746532741883098 202
1694355932824 0.5733723143404679 203
1694355932848 0.5720661789172963 204
1694355932873 0.5708094829103985 205
1694355932899 0.5695910890743053 206
1694355932951 0.5683539314143063 207
1694355932975 0.5671148670416746 208
1694355933000 0.565906878020917 209
1694355933082 0.5647055629206402 210
1694355933107 0.5635100725348278 211
1694355933159 0.5623114964917549 212
1694355933184 0.5611528872481564 213
1694355933208 0.559969931301887 214
1694355933234 0.5588173328710199 215
1694355933261 0.5576865712604022 216
1694355933286 0.5565532071516802 217
1694355933313 0.5554003748159918 218
1694355933340 0.5542775267746635 219
1694355933365 0.5531751655341871 220
1694355933391 0.5520983434743889 221
1694355933416 0.5509551570222407 222
1694355933441 0.5498688900596286 223
1694355933467 0.5487982125466155 224
1694355933494 0.547746339094922 225
1694355933519 0.5466571994033567 226
1694355933561 0.5455365280211433 227
1694355933591 0.5445206470995766 228
1694355933644 0.5434705882951936 229
1694355933699 0.5424239241166302 230
1694355933729 0.5414236188363393 231
1694355933754 0.5404580974053402 232
1694355933780 0.5394422537975574 233
1694355933809 0.5384672039145212 234
1694355933837 0.5374693699427041 235
1694355933862 0.536498727759355 236
1694355933888 0.5355019797969492 237
1694355933913 0.534526731215508 238
1694355933938 0.533527161833211 239
1694355933963 0.5325912114986733 240
1694355933989 0.5316279658276717 241
1694355934015 0.5307056508966685 242
1694355934041 0.529774763037218 243
1694355934065 0.5288412700927514 244
1694355934091 0.527896038394233 245
1694355934116 0.5269403661725784 246
1694355934141 0.5260484848436727 247
1694355934167 0.5251237854541525 248
1694355934192 0.5242335255507294 249
1694355934219 0.5233121360327385 250
1694355934246 0.5224021622854949 251
1694355934274 0.521496658746834 252
1694355934302 0.5206498740529405 253
1694355934329 0.519756101587746 254
1694355934357 0.5188908285197478 255
1694355934385 0.5180071379046508 256
1694355934414 0.517149457763079 257
1694355934440 0.5163013823396211 258
1694355934467 0.5154612495299777 259
1694355934494 0.5146201758503736 260
1694355934521 0.5137865509050284 261
1694355934548 0.5129745322844227 262
1694355934574 0.5121576494776308 263
1694355934602 0.5113389790733098 264
1694355934628 0.5105183682209089 265
1694355934654 0.5097174134875715 266
1694355934681 0.5089138259146291 267
1694355934711 0.5080949532830714 268
1694355934736 0.5072738640833651 269
1694355934761 0.5065009796665693 270
1694355934786 0.5056973597853706 271
1694355934812 0.5049185668444083 272
1694355934842 0.5041479903359491 273
1694355934866 0.5033866657123641 274
1694355934891 0.5025859053636744 275
1694355934919 0.5018512388943899 276
1694355934944 0.5010933343878247 277
1694355934994 0.5003048132493696 278
1694355935018 0.4995595937514663 279
1694355935045 0.4988138999340486 280
1694355935069 0.49809465551145343 281
1694355935094 0.4973525345785102 282
1694355935118 0.4965946029565147 283
1694355935142 0.4958949741936955 284
1694355935192 0.49517277013666094 285
1694355935216 0.49444243373140373 286
1694355935242 0.4936987674931742 287
1694355935267 0.49293010902609835 288
1694355935295 0.49220080033401403 289
1694355935319 0.4914879953527306 290
1694355935346 0.4907845943247642 291
1694355935371 0.4900830027180312 292
1694355935396 0.48940816538599285 293
1694355935420 0.4887150990908479 294
1694355935446 0.4880295228854901 295
1694355935470 0.48737160397922097 296
1694355935496 0.4866990371953818 297
1694355935520 0.48602064538981915 298
1694355935545 0.48534881568701754 299
1694355935569 0.4846687344996419 300
1694355935595 0.48401363724637503 301
1694355935620 0.48336600133219465 302
1694355935645 0.48270070721753194 303
1694355935671 0.48204112805642496 304
1694355935752 0.48138529120227286 305
1694355935787 0.48072096280588716 306
1694355935828 0.48007806715992424 307
1694355935856 0.4794533958322319 308
1694355935881 0.47880397916867207 309
1694355935908 0.4781587350415479 310
1694355935934 0.477539152395799 311
1694355935970 0.4769220757021474 312
1694355935996 0.4762682013492606 313
1694355936021 0.4756472005039645 314
1694355936046 0.47500331005290486 315
1694355936070 0.4743738501085424 316
1694355936097 0.47375621568022225 317
1694355936122 0.47314829982755674 318
1694355936147 0.47252373338951165 319
1694355936173 0.4719288336966662 320
1694355936198 0.4713431477882292 321
1694355936223 0.47076367321342044 322
1694355936249 0.4701665428873053 323
1694355936275 0.4695464845481406 324
1694355936299 0.46895702083156127 325
1694355936327 0.46834831843137226 326
1694355936352 0.46777985702554714 327
1694355936377 0.46721606112492853 328
1694355936402 0.46661083970424505 329
1694355936426 0.4660537232833843 330
1694355936452 0.4654546509918578 331
1694355936479 0.4648570227428851 332
1694355936507 0.46426786221092586 333
1694355936533 0.46366159967709786 334
1694355936557 0.4630980110489204 335
1694355936584 0.46250575497142854 336
1694355936611 0.4619779894053384 337
1694355936636 0.4614162720378001 338
1694355936661 0.46081479280413074 339
1694355936686 0.46023795262102385 340
1694355936712 0.45966483936050473 341
1694355936736 0.45913806130457063 342
1694355936762 0.45861132981024555 343
1694355936787 0.45809770792031085 344
1694355936813 0.4575589825344083 345
1694355936843 0.456997631745123 346
1694355936871 0.45645067054868127 347
1694355936896 0.45590591884102655 348
1694355936920 0.4553374043790956 349
1694355936945 0.45480036630737297 350
1694355936972 0.4542920406514396 351
1694355937150 0.4538042097112651 352
1694355937177 0.4532849221719445 353
1694355937204 0.4527499526610831 354
1694355937248 0.45224897073455517 355
1694355937273 0.4517232347992388 356
1694355937300 0.4512119161901448 357
1694355937326 0.45068540747114527 358
1694355937351 0.45017939225957365 359
1694355937378 0.4496585755519253 360
1694355937404 0.44913197309391345 361
1694355937431 0.44859958580951426 362
1694355937456 0.44812569014380715 363
1694355937483 0.4475876042496517 364
1694355937510 0.447115732628956 365
1694355937536 0.446556301008997 366
1694355937573 0.44606320672304794 367
1694355937599 0.44559016412679636 368
1694355937630 0.44509158596788057 369
1694355937655 0.4446077454373779 370
1694355937682 0.4441076254114167 371
1694355937708 0.44361453717549765 372
1694355937736 0.4431393816940736 373
1694355937761 0.442687584670938 374
1694355937867 0.4422220898668919 375
1694355937891 0.44172488751367495 376
1694355937915 0.4412838803803401 377
1694355937940 0.44079983407797413 378
1694355937966 0.4403178609474728 379
1694355937992 0.4398283346461863 380
1694355938017 0.43932419446500537 381
1694355938043 0.43881153163248543 382
1694355938072 0.43834559538836765 383
1694355938097 0.43788330236953193 384
1694355938122 0.4374376008694342 385
1694355938148 0.4369909666869237 386
1694355938175 0.4365277980453177 387
1694355938201 0.4360653933580717 388
1694355938225 0.4356335957751276 389
1694355938251 0.43518359229701786 390
1694355938278 0.43475841116214375 391
1694355938304 0.43431281601680016 392
1694355938330 0.4338778927986217 393
1694355938356 0.43342876412736253 394
1694355938382 0.4329842323145528 395
1694355938413 0.432527087795286 396
1694355938439 0.4320528036495229 397
1694355938466 0.4315951932255153 398
1694355938493 0.43115379771296936 399
1694355938522 0.4306764263728828 400
1694355938549 0.43021173211097374 401
1694355938575 0.4297340074494945 402
1694355938603 0.4292546204407214 403
1694355938630 0.4288137249501151 404
1694355938659 0.4284069446351257 405
1694355938683 0.42798632414857823 406
1694355938707 0.4275698720390778 407
1694355938731 0.4271106459283934 408
1694355938756 0.42667380542807415 409
1694355938781 0.42625281421758926 410
1694355938806 0.42576826209322743 411
1694355938831 0.42537786708892933 412
1694355938857 0.4249679662532864 413
1694355938884 0.42452765210489435 414
1694355938910 0.42407025412753224 415
1694355938935 0.423663118776266 416
1694355938980 0.4232447517940673 417
1694355939006 0.4228063265159064 418
1694355939030 0.42238316923605784 419
1694355939081 0.4219629646018556 420
1694355939105 0.4215377177084133 421
1694355939130 0.42107989531418916 422
1694355939154 0.42065341212433893 423
1694355939183 0.4202300056511062 424
1694355939206 0.4198261902302992 425
1694355939231 0.41938274637608036 426
1694355939280 0.41898932333001415 427
1694355939304 0.4185653717747805 428
1694355939327 0.41815425466728573 429
1694355939352 0.4177082485274509 430
1694355939376 0.4173234588733592 431
1694355939402 0.4169053739438096 432
1694355939429 0.4164855138522907 433
1694355939454 0.4160907011769827 434
1694355939479 0.41567552425636295 435
1694355939503 0.41527940516431655 436
1694355939529 0.41489055812955444 437
1694355939553 0.4144814667985798 438
1694355939578 0.41409964583565473 439
1694355939603 0.41371363884650186 440
1694355939629 0.4133199553439188 441
1694355939654 0.4129172015428257 442
1694355939680 0.412516066314751 443
1694355939708 0.41209184574176316 444
1694355939732 0.41168550301554646 445
1694355939758 0.4113045427332371 446
1694355939784 0.4109187549250507 447
1694355939809 0.4105309668659058 448
1694355939834 0.4101653901978716 449
1694355939875 0.40977501000528355 450
1694355939903 0.409396824176833 451
1694355939955 0.40902500141713294 452
1694355939985 0.40863957655022765 453
1694355940025 0.40824824121051356 454
1694355940054 0.40789065296797516 455
1694355940078 0.40752641438733794 456
1694355940103 0.4071720578220363 457
1694355940128 0.40684215625621273 458
1694355940152 0.40647394863540776 459
1694355940176 0.4061008321991046 460
1694355940203 0.405735969682569 461
1694355940227 0.4053461662953576 462
1694355940252 0.4049795637384928 463
1694355940277 0.40460282131238695 464
1694355940302 0.4042309387167745 465
1694355940328 0.4038612901410458 466
1694355940353 0.4035008792774365 467
1694355940378 0.40312789453191106 468
1694355940401 0.4028060420376472 469
1694355940427 0.4024470653092047 470
1694355940452 0.40208666334105436 471
1694355940476 0.40171435199053546 472
1694355940501 0.40135387605955986 473
1694355940527 0.4009626628535546 474
1694355940552 0.4006204357810369 475
1694355940580 0.4002622115820015 476
1694355940606 0.399902143147978 477
1694355940632 0.3995608402477469 478
1694355940659 0.3992143803704061 479
1694355940686 0.39885075574917545 480
1694355940713 0.3984858796147444 481
1694355940738 0.39815271674350705 482
1694355940765 0.3978273093033187 483
1694355940794 0.39744450505568324 484
1694355940820 0.3971008683985879 485
1694355940847 0.3967470365437987 486
1694355940874 0.396423184663112 487
1694355940904 0.39604379106830884 488
1694355940929 0.39571239668241054 489
1694355940955 0.3953347852911988 490
1694355940983 0.39498566625612314 491
1694355941010 0.39465419888481784 492
1694355941035 0.39430409347172507 493
1694355941064 0.3939718351841043 494
1694355941115 0.39362807327035626 495
1694355941138 0.3932832684067351 496
1694355941162 0.39296515354678174 497
1694355941186 0.39262956327340404 498
1694355941214 0.3923265593792768 499
1694355941238 0.39198088111569973 500
1694355941262 0.39163709594410867 501
1694355941313 0.3912947267283544 502
1694355941336 0.39095607949440664 503
1694355941360 0.3906137645060336 504
1694355941383 0.3902951831914659 505
1694355941411 0.3899388741715925 506
1694355941437 0.38960920608509064 507
1694355941462 0.3892759971593421 508
1694355941486 0.3889429794059004 509
1694355941510 0.38861331678442473 510
1694355941541 0.3882799637649614 511
1694355941567 0.38796292468342475 512
1694355941601 0.38763362645798555 513
1694355941626 0.3872995151289251 514
1694355941652 0.3869860640323338 515
1694355941677 0.3866850297384675 516
1694355941704 0.38634953104892683 517
1694355941729 0.38600744111461965 518
1694355941753 0.38570028921974026 519
1694355941779 0.3853905365341367 520
1694355941805 0.38506578427826493 521
1694355941845 0.38472687395223226 522
1694355941869 0.3844141715345417 523
1694355941894 0.38407794966837633 524
1694355941921 0.3837383443528349 525
1694355941946 0.38340265368499504 526
1694355941971 0.3830791049491718 527
1694355941996 0.38276078930083884 528
1694355942104 0.38242799174160474 529
1694355942133 0.38210235292872113 530
1694355942158 0.38180730060766704 531
1694355942183 0.38150404559074846 532
1694355942207 0.38117764466821186 533
1694355942231 0.3808417301457839 534
1694355942255 0.3805681546872409 535
1694355942280 0.3802344572566123 536
1694355942304 0.37993028270307744 537
1694355942331 0.37961851269813235 538
1694355942357 0.3793042978299907 539
1694355942384 0.37900808135897723 540
1694355942408 0.3786816089269622 541
1694355942435 0.3783562582558858 542
1694355942461 0.37805311991570734 543
1694355942485 0.37778511093287714 544
1694355942509 0.37747357133467796 545
1694355942536 0.3771477945710026 546
1694355942562 0.37682573713961426 547
1694355942587 0.37649451798376055 548
1694355942613 0.37618534468266474 549
1694355942639 0.37587554803855605 550
1694355942665 0.37556837361607626 551
1694355942691 0.37522855516781717 552
1694355942717 0.3749239691323453 553
1694355942741 0.3746267013563517 554
1694355942765 0.37434430288662157 555
1694355942790 0.3740450111050753 556
1694355942819 0.3737431920027422 557
1694355942845 0.373439038382315 558
1694355942870 0.37312123639350336 559
1694355942895 0.37281623059962826 560
1694355942919 0.37253771067742264 561
1694355942946 0.3722289768724826 562
1694355942970 0.3719309613341997 563
1694355942994 0.3716686076420719 564
1694355943017 0.37137873553986617 565
1694355943043 0.37109027609777456 566
1694355943067 0.3708106317103287 567
1694355943092 0.3704987104947524 568
1694355943143 0.3701871278245168 569
1694355943171 0.369887716048039 570
1694355943195 0.369583268245 571
1694355943218 0.3692786126190331 572
1694355943242 0.3689888404144015 573
1694355943266 0.36873938396187017 574
1694355943291 0.36842406572244 575
1694355943320 0.36810094103183516 576
1694355943363 0.36780946042937274 577
1694355943388 0.3675249174404672 578
1694355943413 0.36724377532582786 579
1694355943436 0.3669456070391396 580
1694355943461 0.3666649140788286 581
1694355943487 0.3663690059353503 582
1694355943513 0.3660396437807974 583
1694355943538 0.3657641387548004 584
1694355943565 0.3654769185163419 585
1694355943590 0.36517539315509195 586
1694355943616 0.3648982129685747 587
1694355943641 0.3646315908400852 588
1694355943668 0.3643599366603447 589
1694355943694 0.3640730177751122 590
1694355943721 0.3637775526394939 591
1694355943751 0.3634813848236239 592
1694355943778 0.3631782559045392 593
1694355943805 0.36286822999161317 594
1694355943831 0.3625772388762306 595
1694355943858 0.36230793112467014 596
1694355943884 0.36199578315749126 597
1694355943911 0.3617162435072371 598
1694355943939 0.36141233371032583 599
1694355944281 0.36116446958370285 600
1694355944304 0.36090234954600314 601
1694355944329 0.3606293525084992 602
1694355944352 0.3603963762257511 603
1694355944377 0.36010709407692587 604
1694355944403 0.3598323038742564 605
1694355944428 0.35951567982958665 606
1694355944454 0.35923829642567134 607
1694355944478 0.3589514272174812 608
1694355944504 0.35869078752341094 609
1694355944530 0.35842684616170134 610
1694355944555 0.35816069462711025 611
1694355944580 0.3579144075271342 612
1694355944606 0.35767632830425133 613
1694355944633 0.3574101116604573 614
1694355944659 0.35717001775559865 615
1694355944685 0.35690144562234916 616
1694355944710 0.35664905251756496 617
1694355944737 0.3563648101573552 618
1694355944761 0.35610879302892945 619
1694355944787 0.35583079873716034 620
1694355944812 0.35557363065594816 621
1694355944841 0.3553033304042147 622
1694355944865 0.35502301173051376 623
1694355944890 0.3547373937389653 624
1694355944913 0.3544461964095448 625
1694355944940 0.3541547848613242 626
1694355944968 0.3538974327652483 627
1694355944992 0.35362533060360046 628
1694355945017 0.35336381203520967 629
1694355945042 0.35308298652306247 630
1694355945067 0.35284193710116435 631
1694355945092 0.3525799281561674 632
1694355945121 0.35228143368073594 633
1694355945146 0.35200800718871206 634
1694355945195 0.3517453620426629 635
1694355945220 0.3514577641570994 636
1694355945244 0.35120371056447053 637
1694355945268 0.3509441367447159 638
1694355945295 0.35068990808868294 639
1694355945319 0.35041872210314556 640
1694355945343 0.35014720752766737 641
1694355945393 0.34987844028627435 642
1694355945416 0.34962034099475575 643
1694355945440 0.3493442826010085 644
1694355945463 0.3490964506996682 645
1694355945487 0.3488279088832171 646
1694355945512 0.3486174031464989 647
1694355945537 0.3483250379088732 648
1694355945562 0.3480751218263761 649
1694355945586 0.3478188280761609 650
1694355945625 0.3475610544466096 651
1694355945650 0.347283009041932 652
1694355945677 0.34702704052930144 653
1694355945702 0.3467826122410556 654
1694355945726 0.34650725978506536 655
1694355945749 0.3462478887935489 656
1694355945774 0.3460317168967788 657
1694355945801 0.34577159283657827 658
1694355945825 0.3455127258213831 659
1694355945851 0.3452355542029338 660
1694355945876 0.3449812855788389 661
1694355945902 0.3446850059332383 662
1694355945927 0.3444428594884446 663
1694355945951 0.3441984963826385 664
1694355945976 0.3439384757025484 665
1694355946000 0.343675501284636 666
1694355946024 0.34341074810116856 667
1694355946049 0.3431621404850088 668
1694355946074 0.34290946270006367 669
1694355946100 0.3426645409403384 670
1694355946125 0.3424126604284179 671
1694355946154 0.34215668245551967 672
1694355946179 0.34190411456503894 673
1694355946203 0.34165729106319315 674
1694355946238 0.34139112491223583 675
1694355946341 0.3411759875993758 676
1694355946365 0.3409181217470685 677
1694355946393 0.3406801708252234 678
1694355946417 0.3404312003915091 679
1694355946442 0.34020829765208965 680
1694355946466 0.33997450381922295 681
1694355946490 0.3397184435305076 682
1694355946515 0.339465388340425 683
1694355946538 0.3392496184735151 684
1694355946565 0.3390055907732601 685
1694355946590 0.338746805563767 686
1694355946615 0.338536616099824 687
1694355946641 0.33829487280354104 688
1694355946669 0.3380253040362152 689
1694355946696 0.3378032580810582 690
1694355946722 0.33756886258208557 691
1694355946748 0.33731230382763616 692
1694355946774 0.3370744192753881 693
1694355946801 0.33682573339744254 694
1694355946827 0.3365889568002452 695
1694355946855 0.33636352177842027 696
1694355946879 0.336124659115528 697
1694355946904 0.33590510020162284 698
1694355946928 0.3356363356827782 699
1694355946953 0.33538570640691184 700
1694355946979 0.33515624068597777 701
1694355947003 0.3348800878124208 702
1694355947028 0.3346568877404888 703
1694355947051 0.33440999733643667 704
1694355947076 0.33416757813629294 705
1694355947104 0.33391897703636253 706
1694355947128 0.3336779481003263 707
1694355947155 0.3334454836261167 708
1694355947209 0.3331845959020506 709
1694355947231 0.3329664816024648 710
1694355947256 0.3327069481926154 711
1694355947282 0.33246516620410904 712
1694355947308 0.33223109755593155 713
1694355947332 0.33198709051265496 714
1694355947356 0.3317493346145188 715
1694355947381 0.33152566995997257 716
1694355947430 0.3312798971904246 717
1694355947453 0.3310376208205641 718
1694355947483 0.3308030211265725 719
1694355947508 0.33054050355754877 720
1694355947535 0.3303096761485767 721
1694355947559 0.33006119027843667 722
1694355947584 0.3298103759135573 723
1694355947613 0.32959194477157144 724
1694355947638 0.3293620838395284 725
1694355947662 0.32913290917045657 726
1694355947686 0.3289210126391695 727
1694355947710 0.32867437942265343 728
1694355947734 0.32844301204761306 729
1694355947757 0.32823170081694686 730
1694355947783 0.3279810856503151 731
1694355947812 0.3277565055598134 732
1694355947836 0.3275404674051532 733
1694355947862 0.3273112172113444 734
1694355947885 0.3270914798367319 735
1694355947910 0.3268661718933263 736
1694355947935 0.3266546674906987 737
1694355947960 0.32642502410576796 738
1694355947989 0.3262009066016162 739
1694355948013 0.32598082721879035 740
1694355948036 0.32573841398722225 741
1694355948063 0.32552227701577585 742
1694355948087 0.3252957217275008 743
1694355948114 0.3250616386332359 744
1694355948138 0.32482534664917434 745
1694355948164 0.3245918651928879 746
1694355948189 0.3243705737999828 747
1694355948214 0.32414271103967407 748
1694355948238 0.3238982083586538 749
1694355948263 0.32368263642001976 750
1694355948288 0.3234596042006784 751
1694355948340 0.3232151740453033 752
1694355948395 0.3229908071708139 753
1694355948432 0.32276259563011206 754
1694355948467 0.3225654989528636 755
1694355948492 0.3223186121644951 756
1694355948516 0.32210187880064983 757
1694355948539 0.3218792637389061 758
1694355948564 0.32165497748310445 759
1694355948588 0.3214332535059124 760
1694355948614 0.32121147951926443 761
1694355948639 0.3210135002021352 762
1694355948664 0.3208161831480165 763
1694355948689 0.3205885396481316 764
1694355948715 0.32037208300013886 765
1694355948739 0.32013205587308724 766
1694355948764 0.31992223891890625 767
1694355948788 0.3197290401819444 768
1694355948813 0.3195045332165132 769
1694355948838 0.3192859413009278 770
1694355948865 0.31906215738081145 771
1694355948890 0.3188464152648368 772
1694355948913 0.31865570898720696 773
1694355948938 0.3184361350583168 774
1694355948966 0.31820165190033767 775
1694355948998 0.3179732382972863 776
1694355949023 0.3177618236233466 777
1694355949049 0.31757482927485176 778
1694355949075 0.317351521931392 779
1694355949101 0.31715849251824957 780
1694355949124 0.3169405068651085 781
1694355949149 0.3167464698013845 782
1694355949174 0.3165230641574852 783
1694355949199 0.3163218217545584 784
1694355949249 0.31610868584866236 785
1694355949530 0.31590061775527256 786
1694355949553 0.3156808156588057 787
1694355949576 0.31547298879765745 788
1694355949599 0.3152645716054026 789
1694355949632 0.31506304351525083 790
1694355949657 0.3148742860804132 791
1694355949681 0.3146730281962736 792
1694355949756 0.3144460166760144 793
1694355949782 0.31422591181350834 794
1694355949805 0.31402384859198856 795
1694355949832 0.31383229616888697 796
1694355949858 0.3136222644955066 797
1694355949882 0.3134280542442268 798
1694355949906 0.31321679253623586 799
1694355949930 0.3130081163659015 800
1694355949954 0.31280078031827185 801
1694355949980 0.3125720022161838 802
1694355950006 0.3123606881108383 803
1694355950030 0.3121705163036533 804
1694355950055 0.31194196485959963 805
1694355950081 0.31172811906858994 806
1694355950106 0.311514655456743 807
1694355950131 0.31128291476416897 808
1694355950155 0.31110161232143785 809
1694355950182 0.3108834117034603 810
1694355950210 0.31066109237351397 811
1694355950234 0.3104379785385073 812
1694355950258 0.31024653697356686 813
1694355950282 0.31002625346951845 814
1694355950306 0.3098273535584358 815
1694355950335 0.30960917462267823 816
1694355950360 0.3094102260385446 817
1694355950386 0.30918450851645185 818
1694355950412 0.30896442387975476 819
1694355950449 0.30877054672199994 820
1694355950479 0.30858439923773684 821
1694355950504 0.3083707744206816 822
1694355950584 0.30814512586701354 823
1694355950609 0.30794186761561165 824
1694355950636 0.3077271197688374 825
1694355950660 0.3075449557241906 826
1694355950683 0.30733623732998944 827
1694355950708 0.3071034195065025 828
1694355950734 0.30689285128950156 829
1694355950780 0.3066843867056549 830
1694355950808 0.3065143408903094 831
1694355950833 0.3063009166740749 832
1694355950858 0.3061137890825148 833
1694355950883 0.30593103083774664 834
1694355950910 0.3057356319973194 835
1694355950978 0.3055339973700995 836
1694355951006 0.30535876501118586 837
1694355951030 0.30516500168335475 838
1694355951058 0.3049552223014168 839
1694355951081 0.30472463415990403 840
1694355951106 0.30453235321928424 841
1694355951130 0.3043345180249197 842
1694355951154 0.3041243000883 843
1694355951177 0.30391913730592984 844
1694355951202 0.3037143717864034 845
1694355951226 0.3035229492276523 846
1694355951278 0.30329870212661986 847
1694355951301 0.3031220469041483 848
1694355951324 0.3029224894798782 849
1694355951349 0.30271424614447995 850
1694355951376 0.30251123627236287 851
1694355951399 0.302301916594671 852
1694355951423 0.302114116714567 853
1694355951447 0.30191692502294953 854
1694355951496 0.30172594345029763 855
1694355951519 0.30151077647572966 856
1694355951545 0.3013112698435401 857
1694355951571 0.3010865823797693 858
1694355951596 0.30091467910903613 859
1694355951622 0.3007035070415309 860
1694355951647 0.30050439783425814 861
1694355951674 0.3002934223443535 862
1694355951701 0.3000823755078633 863
1694355951726 0.29988338272936804 864
1694355951749 0.2997356332998103 865
1694355951775 0.2995261888721919 866
1694355951803 0.29932389355985867 867
1694355951829 0.29914348010192987 868
1694355951867 0.2989600677399448 869
1694355951894 0.2987718310916591 870
1694355951917 0.29859870293573815 871
1694355951941 0.29839067528719493 872
1694355951964 0.29816304441733565 873
1694355951987 0.2979752746068327 874
1694355952015 0.29780211113793337 875
1694355952039 0.2976170755272543 876
1694355952064 0.29741794948413725 877
1694355952088 0.2972087508127291 878
1694355952113 0.29702548052256145 879
1694355952139 0.29683921740982033 880
1694355952164 0.2966506841921195 881
1694355952190 0.2964678212866036 882
1694355952215 0.2962543713712157 883
1694355952239 0.2960570172265485 884
1694355952266 0.29585919253985576 885
1694355952292 0.2956565959216363 886
1694355952316 0.29547497019401553 887
1694355952339 0.29529180644081854 888
1694355952365 0.29511748277310373 889
1694355952388 0.29495561418680205 890
1694355952416 0.29475795404233457 891
1694355952441 0.2945539465153014 892
1694355952466 0.29435886352649493 893
1694355952490 0.2941796780603037 894
1694355952514 0.2940104748806441 895
1694355952539 0.293821515525879 896
1694355952563 0.2936522845525602 897
1694355952676 0.29347557230941623 898
1694355952705 0.2932973152485776 899
1694355952728 0.29311259776925125 900
1694355952753 0.29292549583118593 901
1694355952779 0.29273355941210644 902
1694355952805 0.2925614970605382 903
1694355952830 0.29239980339433147 904
1694355952856 0.2922229729547985 905
1694355952881 0.2920115805763197 906
1694355952905 0.2918342902355621 907
1694355952930 0.29164612366380843 908
1694355952955 0.29145459980687205 909
1694355952981 0.29125886877450213 910
1694355953006 0.29107651178995275 911
1694355953032 0.2909186655343953 912
1694355953055 0.2907453213412257 913
1694355953078 0.29057081192026946 914
1694355953102 0.29039083568025303 915
1694355953126 0.2902374439574544 916
1694355953151 0.2900687095100994 917
1694355953174 0.2898927843038778 918
1694355953197 0.2897091808230422 919
1694355953225 0.2895389207153767 920
1694355953250 0.2893515598681524 921
1694355953301 0.2891852293774239 922
1694355953324 0.28900903945513384 923
1694355953347 0.2888432193038361 924
1694355953372 0.28866135955480093 925
1694355953398 0.2884868631484356 926
1694355953422 0.2882932385725053 927
1694355953446 0.2881199451755273 928
1694355953470 0.2879319645685974 929
1694355953519 0.2877551306029838 930
1694355953542 0.2876004951339886 931
1694355953566 0.2874114748157957 932
1694355953591 0.28723325187933363 933
1694355953614 0.2870529408638758 934
1694355953650 0.28685964920264945 935
1694355953676 0.28665950613524194 936
1694355953702 0.28647874887732844 937
1694355953726 0.28630081555762077 938
1694355953748 0.28614020625151265 939
1694355953771 0.2859607228120144 940
1694355953795 0.28577997044938497 941
1694355953820 0.2855875083805999 942
1694355953843 0.2854037776599007 943
1694355953867 0.28520433748185 944
1694355953891 0.28503972307596076 945
1694355953919 0.28487540668696076 946
1694355953943 0.28471610046869994 947
1694355953969 0.2845210637611571 948
1694355953993 0.28433575950505496 949
1694355954017 0.2841471053917124 950
1694355954042 0.28397581426951735 951
1694355954065 0.2838244168413172 952
1694355954088 0.28364499675158045 953
1694355954114 0.28344811267711256 954
1694355954138 0.2832584553363956 955
1694355954163 0.28308737298935355 956
1694355954186 0.28290673103028585 957
1694355954210 0.28274261058120054 958
1694355954235 0.2825718876110477 959
1694355954260 0.28239764489091146 960
1694355954283 0.28223509639352046 961
1694355954307 0.2820637576071699 962
1694355954331 0.2818808319799077 963
1694355954356 0.2816999705342161 964
1694355954380 0.2815427816932693 965
1694355954404 0.28135866220681516 966
1694355954431 0.2811884901054352 967
1694355954455 0.281015901075556 968
1694355954481 0.280854115766546 969
1694355954506 0.2806891224389807 970
1694355954530 0.2805184584408906 971
1694355954554 0.28032048077417526 972
1694355954578 0.28014626229860284 973
1694355954604 0.2799612340204245 974
1694355954628 0.27978964281878616 975
1694355954652 0.2795913387184072 976
1694355954723 0.2794103427411946 977
1694355954751 0.27925102514366146 978
1694355954804 0.2790734893522732 979
1694355954828 0.2788995676046107 980
1694355954852 0.27871780600222273 981
1694355954875 0.278564623731232 982
1694355954907 0.27840022840823686 983
1694355954931 0.27822668167810266 984
1694355954955 0.27806195342240914 985
1694355954979 0.2778915970366494 986
1694355955007 0.2777252186040909 987
1694355955031 0.2775476643911936 988
1694355955057 0.2773886739245741 989
1694355955082 0.2772226323291914 990
1694355955106 0.277052266967144 991
1694355955130 0.27689267648753907 992
1694355955156 0.2767014839336987 993
1694355955180 0.27652678727501545 994
1694355955205 0.2763536801040645 995
1694355955230 0.2761857866311894 996
1694355955254 0.2760112211182063 997
1694355955278 0.27583477071218354 998
1694355955310 0.27566379363948573 999
1694355955356 0.27549224993732385 1000
1694355955380 0.27533380587203476 1001
1694355955410 0.27516567102618905 1002
1694355955435 0.27499482695161886 1003
1694355955459 0.2748337710592597 1004
1694355955484 0.27465981513811033 1005
1694355955508 0.27448746416220526 1006
1694355955545 0.2742998618726456 1007
1694355955579 0.2741403591294707 1008
1694355955603 0.27398057412836896 1009
1694355955626 0.27381578785684674 1010
1694355955651 0.27363563299479293 1011
1694355955677 0.2734598588682576 1012
1694355955702 0.2732854835298871 1013
1694355955728 0.2731189541318288 1014
1694355955754 0.272937620132179 1015
1694355955779 0.27276856304259056 1016
1694355955803 0.27260530518285536 1017
1694355955826 0.2724354470655666 1018
1694355955850 0.2722578209189129 1019
1694355955876 0.2720927848567441 1020
1694355955900 0.27194005815172384 1021
1694355955929 0.2717654572315039 1022
1694355955952 0.2715822472301236 1023
1694355955978 0.27141190748890204 1024
1694355956002 0.2712456055543433 1025
1694355956030 0.2710663572786868 1026
1694355956056 0.27090349132085356 1027
1694355956080 0.270738923966191 1028
1694355956104 0.2705665765059867 1029
1694355956129 0.2704192349661059 1030
1694355956152 0.27023219850103813 1031
1694355956178 0.2700745985845167 1032
1694355956205 0.26990780535075737 1033
1694355956228 0.26975700159012095 1034
1694355956253 0.26956550193962026 1035
1694355956279 0.26937775885478676 1036
1694355956303 0.26921368675226126 1037
1694355956330 0.2690500923730152 1038
1694355956355 0.2688823990495964 1039
1694355956382 0.2687210530177599 1040
1694355956407 0.26857884810079324 1041
1694355956435 0.2684203281194977 1042
1694355956460 0.26826404474172083 1043
1694355956485 0.26811413376911036 1044
1694355956511 0.2679352520565331 1045
1694355956537 0.26778326223455845 1046
1694355956565 0.2676073886888083 1047
1694355956590 0.2674587084531015 1048
1694355956616 0.2672990642982939 1049
1694355956643 0.2671437251816011 1050
1694355956669 0.26697563590874795 1051
1694355956698 0.26681643767130125 1052
1694355956723 0.2666647648970013 1053
1694355956748 0.266495524514552 1054
1694355956831 0.2663452696130701 1055
1694355956867 0.2661854039237388 1056
1694355956896 0.2660150114333603 1057
1694355956921 0.26586739984619184 1058
1694355956946 0.2657069061487191 1059
1694355956969 0.2655595763293161 1060
1694355956995 0.26540063395978836 1061
1694355957018 0.2652496569971727 1062
1694355957042 0.2650798408977559 1063
1694355957065 0.26494794946156397 1064
1694355957092 0.2647939709238321 1065
1694355957117 0.26462245543506036 1066
1694355957143 0.2644485278571604 1067
1694355957166 0.264291215043258 1068
1694355957193 0.26414776690387287 1069
1694355957217 0.2639911602960436 1070
1694355957243 0.263829739420479 1071
1694355957267 0.26367949012142 1072
1694355957291 0.26353369434604085 1073
1694355957315 0.26338639094853084 1074
1694355957340 0.26324114630726964 1075
1694355957390 0.2630832714708154 1076
1694355957419 0.26293528462007265 1077
1694355957444 0.2627724041123077 1078
1694355957469 0.26261786487236427 1079
1694355957492 0.26244218231069 1080
1694355957541 0.2622916778818946 1081
1694355957565 0.2621408379339029 1082
1694355957613 0.2619802995966581 1083
1694355957648 0.26180520816887665 1084
1694355957673 0.2616514628647312 1085
1694355957697 0.2614846550494741 1086
1694355957720 0.26136556830166435 1087
1694355957743 0.2612013478998988 1088
1694355957767 0.2610431675277065 1089
1694355957791 0.26088807111379664 1090
1694355957814 0.2607434661071184 1091
1694355957839 0.2606026750133294 1092
1694355957864 0.2604482682053491 1093
1694355957886 0.2603007965879208 1094
1694355957911 0.2601610730036578 1095
1694355957936 0.2600068645268942 1096
1694355957961 0.25984563746809347 1097
1694355957985 0.2597041846354235 1098
1694355958013 0.25953710157994275 1099
1694355958036 0.25938350975280206 1100
1694355958061 0.25924046784239496 1101
1694355958087 0.2590884799154301 1102
1694355958111 0.258964620259996 1103
1694355958142 0.25883041237109483 1104
1694355958171 0.2586729435703191 1105
1694355958197 0.25850671808405273 1106
1694355958222 0.2583673672865703 1107
1694355958248 0.25820458561634857 1108
1694355958274 0.2580325864980924 1109
1694355958298 0.25788984926606656 1110
1694355958321 0.25772958260732726 1111
1694355958345 0.2575816461725502 1112
1694355958369 0.25741788918324904 1113
1694355958393 0.25727846769107726 1114
1694355958423 0.25715164726606626 1115
1694355958453 0.25699086362302676 1116
1694355958481 0.2568359855652428 1117
1694355958510 0.2566763962431385 1118
1694355958535 0.2565586837503487 1119
1694355958559 0.25641018163722357 1120
1694355958583 0.2562481748231972 1121
1694355958608 0.2560978128195123 1122
1694355958633 0.2559527403355695 1123
1694355958659 0.2557942573248593 1124
1694355958683 0.2556475869631215 1125
1694355958707 0.25551138584208916 1126
1694355958732 0.25536022844807726 1127
1694355958757 0.25522886704594294 1128
1694355958782 0.2550863162793827 1129
1694355958806 0.2549390249805526 1130
1694355958831 0.2547777406688101 1131
1694355958937 0.2546237166963593 1132
1694355958964 0.25448177122823445 1133
1694355958989 0.25433427614162835 1134
1694355959012 0.2541846387436137 1135
1694355959036 0.2540409071742122 1136
1694355959059 0.253895792359262 1137
1694355959085 0.25375461622327533 1138
1694355959112 0.25360939283607037 1139
1694355959139 0.25346154465478526 1140
1694355959174 0.2533253866097309 1141
1694355959200 0.253180335192613 1142
1694355959225 0.25303291675083905 1143
1694355959251 0.25285465201744856 1144
1694355959275 0.25268655370721227 1145
1694355959301 0.2525407220637701 1146
1694355959324 0.252407703733842 1147
1694355959348 0.2522543127890287 1148
1694355959372 0.25213792596524726 1149
1694355959424 0.2520115596561562 1150
1694355959448 0.25186788519378617 1151
1694355959473 0.2517155596782452 1152
1694355959497 0.2515854914900943 1153
1694355959524 0.2514224297086681 1154
1694355959548 0.2512806230266115 1155
1694355959573 0.25113342395613963 1156
1694355959596 0.2509905968337939 1157
1694355959645 0.2508355302893238 1158
1694355959668 0.2506929582254468 1159
1694355959689 0.25054136944241906 1160
1694355959716 0.25039336567332665 1161
1694355959740 0.25023776302255346 1162
1694355959765 0.25008453956567206 1163
1694355959788 0.24994586185759862 1164
1694355959816 0.24979187990209573 1165
1694355959841 0.24963201630528306 1166
1694355959867 0.24949572734665923 1167
1694355959893 0.2493455668157167 1168
1694355959917 0.24919567790140998 1169
1694355959942 0.24905021678565042 1170
1694355959965 0.2489026167858652 1171
1694355959988 0.24877595540613598 1172
1694355960027 0.2486180538841807 1173
1694355960052 0.24847008833985904 1174
1694355960075 0.24832445674606943 1175
1694355960100 0.24817621047836094 1176
1694355960125 0.24803270527791796 1177
1694355960149 0.24788863115744694 1178
1694355960172 0.24774504575541317 1179
1694355960196 0.24759124271105307 1180
1694355960221 0.24744329904445123 1181
1694355960248 0.24729592977297551 1182
1694355960273 0.2471352721242718 1183
1694355960297 0.24699810034698988 1184
1694355960321 0.24686500940005812 1185
1694355960347 0.24672423705987054 1186
1694355960371 0.24658019913221238 1187
1694355960396 0.24645964048924657 1188
1694355960421 0.24632583847848 1189
1694355960446 0.24619831826376995 1190
1694355960474 0.2460726415462031 1191
1694355960507 0.2459365018308388 1192
1694355960536 0.24578520203598006 1193
1694355960562 0.24563938253289916 1194
1694355960588 0.24548578250835357 1195
1694355960613 0.24535357886231543 1196
1694355960638 0.2452090885195668 1197
1694355960664 0.24507762587301168 1198
1694355960689 0.24494746343306578 1199
1694355960713 0.24479609230626104 1200
1694355960739 0.24466105532448312 1201
1694355960763 0.24453501000798086 1202
1694355960800 0.24439572871985174 1203
1694355960823 0.24425327324616633 1204
1694355960845 0.2441063563769187 1205
1694355960869 0.2439642621426496 1206
1694355960892 0.2438276972384883 1207
1694355960917 0.24368869059230167 1208
1694355960985 0.24354315901933224 1209
1694355961030 0.2434122501035763 1210
1694355961057 0.24325536662718691 1211
1694355961082 0.24310943255821318 1212
1694355961108 0.2429767974998029 1213
1694355961134 0.24282061444322164 1214
1694355961158 0.24267621413746773 1215
1694355961182 0.24253939547132 1216
1694355961206 0.24239048866008292 1217
1694355961231 0.24224948965682322 1218
1694355961256 0.24211962503420126 1219
1694355961281 0.24200197138865184 1220
1694355961307 0.24186959556254028 1221
1694355961333 0.24171190906013454 1222
1694355961359 0.24156382056703915 1223
1694355961383 0.24145049340025648 1224
1694355961409 0.24132727512211385 1225
1694355961458 0.24120041696486125 1226
1694355961483 0.24105871184564986 1227
1694355961506 0.24092567920480365 1228
1694355961530 0.24079608808513026 1229
1694355961554 0.2406725622224148 1230
1694355961581 0.24054826915625765 1231
1694355961604 0.2404245370826769 1232
1694355961629 0.24028795903540318 1233
1694355961679 0.24014612221296452 1234
1694355961702 0.24003129176719154 1235
1694355961725 0.2398899789562666 1236
1694355961749 0.23974301303954568 1237
1694355961775 0.23960233546974077 1238
1694355961799 0.2394656532695332 1239
1694355961822 0.23932577755341206 1240
1694355961860 0.2391880445875884 1241
1694355961884 0.23904387101441285 1242
1694355961908 0.23892020808415632 1243
1694355961932 0.2387704296005286 1244
1694355961958 0.23861900937832814 1245
1694355961980 0.23848871957364431 1246
1694355962004 0.23835812599355025 1247
1694355962029 0.23822753204614794 1248
1694355962052 0.23809246035916604 1249
1694355962076 0.23796292611327782 1250
1694355962102 0.2378132757337553 1251
1694355962127 0.2376801722136121 1252
1694355962151 0.23754603771029784 1253
1694355962176 0.23739224639565185 1254
1694355962201 0.23725572918388155 1255
1694355962226 0.2371239005645122 1256
1694355962250 0.2369948627459995 1257
1694355962273 0.2368476701893346 1258
1694355962303 0.23671612445553974 1259
1694355962327 0.236582579354455 1260
1694355962350 0.23643973986743388 1261
1694355962374 0.23630663058721765 1262
1694355962398 0.23616955093424175 1263
1694355962422 0.23605630732934296 1264
1694355962446 0.2359415268664018 1265
1694355962473 0.2357885300884401 1266
1694355962498 0.23565251981883228 1267
1694355962523 0.23552656130659266 1268
1694355962548 0.2354139657058835 1269
1694355962571 0.23528347361704724 1270
1694355962596 0.235136306808322 1271
1694355962620 0.23499660988142396 1272
1694355962645 0.23486073539468377 1273
1694355962671 0.23473801040963804 1274
1694355962695 0.23461994747264253 1275
1694355962720 0.23447832369033533 1276
1694355962744 0.23435026478506168 1277
1694355962769 0.23422935098019038 1278
1694355962795 0.23409837359994728 1279
1694355962821 0.2339620527497725 1280
1694355962846 0.2338392707675934 1281
1694355962873 0.23370215037066733 1282
1694355962897 0.2335939639227712 1283
1694355962922 0.23349915648712397 1284
1694355962967 0.23336074292050898 1285
1694355962992 0.23326637191608196 1286
1694355963015 0.23315619510988542 1287
1694355963051 0.2330155128817238 1288
1694355963147 0.23287798643354968 1289
1694355963169 0.23274387290010654 1290
1694355963198 0.2326056854933269 1291
1694355963222 0.23248690703110778 1292
1694355963246 0.23234181504242143 1293
1694355963271 0.2322057018738029 1294
1694355963294 0.23208752808255942 1295
1694355963320 0.23195307883912336 1296
1694355963345 0.23180980396641526 1297
1694355963368 0.23169051656446746 1298
1694355963392 0.2315627831621083 1299
1694355963417 0.2314120409911502 1300
1694355963442 0.2312899065132433 1301
1694355963492 0.23117809420380256 1302
1694355963516 0.23103805818693376 1303
1694355963540 0.230928662135027 1304
1694355963567 0.23080376372788616 1305
1694355963590 0.23068341330091577 1306
1694355963614 0.23055383212381989 1307
1694355963638 0.23042009127649138 1308
1694355963663 0.23029221209600767 1309
1694355963713 0.23015265584709996 1310
1694355963736 0.23002012971294483 1311
1694355963761 0.2298871325890443 1312
1694355963785 0.22974364575815018 1313
1694355963808 0.22961418549194343 1314
1694355963830 0.22948829344389454 1315
1694355963855 0.22936125279796543 1316
1694355963879 0.2292381146645397 1317
1694355963901 0.2291125833188672 1318
1694355963925 0.22898058879285052 1319
1694355963950 0.2288429933719401 1320
1694355963972 0.22872443645562726 1321
1694355963996 0.22859986395965404 1322
1694355964021 0.22845811003909475 1323
1694355964050 0.2283240962090375 1324
1694355964074 0.2281979000365033 1325
1694355964098 0.22807397426058187 1326
1694355964128 0.22794573536451274 1327
1694355964161 0.22782470042029254 1328
1694355964186 0.2276988497406788 1329
1694355964215 0.2275707023740629 1330
1694355964241 0.22745653794114784 1331
1694355964267 0.22732011917594988 1332
1694355964292 0.227187822196615 1333
1694355964317 0.22707157304941003 1334
1694355964343 0.2269420504392282 1335
1694355964368 0.22681454520370903 1336
1694355964392 0.22668412780276664 1337
1694355964416 0.22655821740889864 1338
1694355964440 0.22643660629551907 1339
1694355964465 0.2263120722230787 1340
1694355964489 0.22617477378212786 1341
1694355964514 0.22605791856498184 1342
1694355964538 0.2259183852661374 1343
1694355964564 0.22579606627484386 1344
1694355964590 0.22567418802089934 1345
1694355964615 0.22555857745297836 1346
1694355964640 0.225430926492791 1347
1694355964664 0.22530498089141687 1348
1694355964689 0.22518725877781012 1349
1694355964721 0.22504046830944716 1350
1694355964746 0.22491322107685074 1351
1694355964771 0.2248078493582105 1352
1694355964796 0.22467699025646148 1353
1694355964821 0.22456769236132668 1354
1694355964846 0.2244438367978327 1355
1694355964871 0.2243259875500344 1356
1694355964895 0.22419743178718887 1357
1694355964919 0.22408625010411404 1358
1694355964946 0.22395112760760746 1359
1694355964972 0.2238329125865833 1360
1694355964997 0.22370915351165277 1361
1694355965023 0.223596215832785 1362
1694355965049 0.22347766266371588 1363
1694355965075 0.22335389001983014 1364
1694355965100 0.2232247509666812 1365
1694355965142 0.2231191748140283 1366
1694355965173 0.22299903902804352 1367
1694355965260 0.22287628652541433 1368
1694355965285 0.22274089577857362 1369
1694355965321 0.22261150063815777 1370
1694355965345 0.22249277146977584 1371
1694355965369 0.22237280872548235 1372
1694355965394 0.22224375996556656 1373
1694355965419 0.22211380213434506 1374
1694355965442 0.2220082750913266 1375
1694355965466 0.22187636607748082 1376
1694355965490 0.22174791895108611 1377
1694355965538 0.22163724141280605 1378
1694355965562 0.22151643438917057 1379
1694355965585 0.22141289874795408 1380
1694355965611 0.22130458088852273 1381
1694355965634 0.2211894106874678 1382
1694355965659 0.2210675180850967 1383
1694355965694 0.22094259264504848 1384
1694355965745 0.22080968508287283 1385
1694355965767 0.22069155467355092 1386
1694355965790 0.22056277485887932 1387
1694355965815 0.22045208889137916 1388
1694355965844 0.2203356161185686 1389
1694355965867 0.22021465186617215 1390
1694355965892 0.22009425650666853 1391
1694355965917 0.21997055657784714 1392
1694355965941 0.21985398308001713 1393
1694355965965 0.21974851202607704 1394
1694355965989 0.21961496722113674 1395
1694355966012 0.21948759595523168 1396
1694355966035 0.21938166293516256 1397
1694355966066 0.219275979872532 1398
1694355966091 0.2191606100668568 1399
1694355966116 0.21903443052635554 1400
1694355966140 0.21893072334660227 1401
1694355966166 0.2188079467066669 1402
1694355966192 0.21867496860122243 1403
1694355966215 0.21854632593054502 1404
1694355966239 0.21842240101935378 1405
1694355966265 0.21830626814810086 1406
1694355966291 0.2181934736837753 1407
1694355966316 0.21806887457450652 1408
1694355966342 0.21794788496844078 1409
1694355966367 0.21782425427189908 1410
1694355966393 0.21772058174456416 1411
1694355966418 0.2176138878136935 1412
1694355966442 0.21749923195633547 1413
1694355966466 0.21739664350339327 1414
1694355966492 0.2172705770149971 1415
1694355966518 0.21714925008455302 1416
1694355966541 0.21703024419588654 1417
1694355966565 0.21691203385802793 1418
1694355966589 0.21678575119817953 1419
1694355966614 0.21667278320765468 1420
1694355966638 0.21655951209223007 1421
1694355966664 0.21643983631576488 1422
1694355966689 0.2163180033563365 1423
1694355966714 0.21621118746499812 1424
1694355966739 0.21609350009732495 1425
1694355966765 0.21597190369479394 1426
1694355966791 0.215858664112496 1427
1694355966816 0.2157429781894268 1428
1694355966841 0.2156279981080715 1429
1694355966876 0.21550383968326245 1430
1694355966900 0.21538167608349412 1431
1694355966923 0.21526807216327914 1432
1694355966948 0.2151477295901824 1433
1694355966973 0.2150332371098719 1434
1694355966999 0.2149212663941918 1435
1694355967023 0.21479656091573332 1436
1694355967048 0.21468924577351872 1437
1694355967071 0.2145698039196037 1438
1694355967098 0.21446275849453802 1439
1694355967123 0.21435438683076283 1440
1694355967148 0.21422556048429292 1441
1694355967172 0.21411946954866287 1442
1694355967199 0.2140108986849665 1443
1694355967224 0.21391351506028655 1444
1694355967248 0.2138046114939929 1445
1694355967284 0.21368980650017166 1446
1694355967311 0.21356683066854157 1447
1694355967407 0.21346420097385504 1448
1694355967432 0.21336560553697909 1449
1694355967458 0.21324783325912772 1450
1694355967482 0.21313296193223635 1451
1694355967506 0.21301448881496152 1452
1694355967530 0.21290553521924116 1453
1694355967577 0.2127893993607338 1454
1694355967600 0.21268065571951322 1455
1694355967624 0.21255435874249032 1456
1694355967653 0.21244032371101337 1457
1694355967677 0.21233546103299777 1458
1694355967702 0.21220490969726288 1459
1694355967726 0.2120904011833951 1460
1694355967750 0.21198738850924076 1461
1694355967799 0.21188197516123666 1462
1694355967823 0.2117781766705664 1463
1694355967846 0.21166871012046498 1464
1694355967869 0.21155814145673524 1465
1694355967896 0.2114334355122472 1466
1694355967919 0.21130056481760606 1467
1694355967947 0.21118886807825088 1468
1694355967971 0.21107528223376473 1469
1694355967996 0.21096741453283185 1470
1694355968020 0.21086880418262005 1471
1694355968046 0.21074404077576403 1472
1694355968069 0.21064255318657235 1473
1694355968095 0.21051466849164982 1474
1694355968120 0.21038958921327502 1475
1694355968145 0.21028373205010942 1476
1694355968170 0.21017190758029275 1477
1694355968194 0.21005084455275147 1478
1694355968218 0.20994177407993428 1479
1694355968242 0.20983821236781505 1480
1694355968267 0.2097238753158367 1481
1694355968293 0.20961682212983054 1482
1694355968318 0.2094953082140689 1483
1694355968343 0.20937982802257707 1484
1694355968367 0.20928300268667108 1485
1694355968391 0.2091521246709426 1486
1694355968416 0.20904903251064427 1487
1694355968457 0.20894669631534912 1488
1694355968488 0.20885434951950813 1489
1694355968510 0.2087318003844563 1490
1694355968533 0.2086235177167258 1491
1694355968557 0.2085088974729891 1492
1694355968582 0.2083979145831082 1493
1694355968604 0.20829043214498477 1494
1694355968629 0.20817185289017112 1495
1694355968653 0.20806321897736338 1496
1694355968680 0.2079516669663462 1497
1694355968704 0.2078428305326048 1498
1694355968728 0.20772981547665098 1499
1694355969057 0.2078428305326048 1500
