1694357816797 1.9112559708306016 0
1694357816834 1.874921114145196 1
1694357816866 1.8420563924212046 2
1694357816890 1.8104302335875366 3
1694357816914 1.7807909723099327 4
1694357816939 1.7523693454119456 5
1694357816966 1.7256789309932483 6
1694357816991 1.7002696761228009 7
1694357817015 1.675533048762924 8
1694357817041 1.652075670673125 9
1694357817065 1.62929157105139 10
1694357817100 1.607508034134585 11
1694357817126 1.5863146803010504 12
1694357817190 1.565990996771489 13
1694357817231 1.5463117985547978 14
1694357817296 1.5274009805526911 15
1694357817323 1.5087165595684282 16
1694357817347 1.490860747058527 17
1694357817376 1.4735261253239047 18
1694357817403 1.4565848639000682 19
1694357817428 1.4405003527272324 20
1694357817478 1.4244690709162704 21
1694357817505 1.4089654058178318 22
1694357817531 1.3938859672965622 23
1694357817560 1.3790751474994862 24
1694357817584 1.364702393145773 25
1694357817608 1.3505486792144346 26
1694357817634 1.33662319411213 27
1694357817659 1.3230397452074956 28
1694357817685 1.3099312423843747 29
1694357817712 1.2972204328005552 30
1694357817740 1.2846402468952054 31
1694357817768 1.272290509675846 32
1694357817794 1.2603801393942367 33
1694357817822 1.2486699404780877 34
1694357817852 1.237214589884323 35
1694357817881 1.2259230816822837 36
1694357817908 1.2149289440079014 37
1694357817935 1.2042898355630152 38
1694357817963 1.1937752305110658 39
1694357817991 1.1833800736601565 40
1694357818016 1.173195933081948 41
1694357818041 1.1634330402767592 42
1694357818068 1.153603549990022 43
1694357818095 1.144027150281406 44
1694357818119 1.1346302145200973 45
1694357818144 1.1253626972579254 46
1694357818169 1.1163356366020276 47
1694357818195 1.1073460967606459 48
1694357818220 1.098695684580064 49
1694357818246 1.0901929249927578 50
1694357818272 1.0818996138058432 51
1694357818299 1.0736837106364574 52
1694357818347 1.0656240754984876 53
1694357818386 1.057760149151578 54
1694357818416 1.0500078982901229 55
1694357818441 1.042295372382858 56
1694357818493 1.0347983948969228 57
1694357818519 1.0273136257954323 58
1694357818544 1.0199992935902626 59
1694357818569 1.0128580827274436 60
1694357818596 1.0057898373571295 61
1694357818623 0.9988779247605225 62
1694357818649 0.9921373822529641 63
1694357818675 0.9853346129458661 64
1694357818702 0.9788019473556858 65
1694357818738 0.9723358387153778 66
1694357818783 0.9659981039660447 67
1694357818808 0.9598126508969407 68
1694357818835 0.9537381903550085 69
1694357818872 0.947699675746616 70
1694357818901 0.9417380870511188 71
1694357818936 0.9357912876929959 72
1694357818962 0.9300171780927164 73
1694357818991 0.9242615469747085 74
1694357819016 0.9186106838544417 75
1694357819043 0.9129957036630951 76
1694357819072 0.9076192738170238 77
1694357819108 0.9022719175852614 78
1694357819134 0.8969984070210648 79
1694357819160 0.8918329949820568 80
1694357819187 0.8867508072415241 81
1694357819212 0.8817336850953323 82
1694357819321 0.8767487157345409 83
1694357819349 0.8719152013705104 84
1694357819376 0.8670866270438043 85
1694357819402 0.8622621853665897 86
1694357819431 0.8576276090928978 87
1694357819458 0.8530637179395251 88
1694357819509 0.8485400404949353 89
1694357819535 0.8440285496655682 90
1694357819562 0.8396225898511278 91
1694357819587 0.8353314226732471 92
1694357819613 0.8311089869650063 93
1694357819639 0.8268689724434504 94
1694357819665 0.8226805539300934 95
1694357819692 0.8185501604076555 96
1694357819716 0.8146285795827596 97
1694357819742 0.8107224423052756 98
1694357819769 0.8067542038378359 99
1694357819795 0.8028752058239 100
1694357819821 0.799022545529773 101
1694357819849 0.7952939324620671 102
1694357819876 0.7915306130605368 103
1694357819902 0.7878732231737853 104
1694357819929 0.7842382921348013 105
1694357819959 0.7807343658304231 106
1694357819991 0.777233779571029 107
1694357820035 0.7736581249297602 108
1694357820073 0.7701606009516033 109
1694357820099 0.7667609167130938 110
1694357820128 0.7633508932172709 111
1694357820155 0.7600510589339327 112
1694357820183 0.7568531233444965 113
1694357820212 0.7536200176824698 114
1694357820238 0.7504124382718064 115
1694357820266 0.7473337738634885 116
1694357820292 0.7442834496019184 117
1694357820320 0.7411767466462389 118
1694357820344 0.7381648847647836 119
1694357820370 0.7352009644431339 120
1694357820396 0.7322262399404029 121
1694357820422 0.7293624113497013 122
1694357820449 0.7264583545316339 123
1694357820478 0.7235956755330187 124
1694357820529 0.7207688382904404 125
1694357820554 0.717961342586622 126
1694357820580 0.7152436811533368 127
1694357820605 0.7125007816796027 128
1694357820633 0.7098449726279864 129
1694357820660 0.707123982946933 130
1694357820685 0.7044975852274138 131
1694357820711 0.7019220222101109 132
1694357820750 0.6994692036142657 133
1694357820775 0.6969150422911224 134
1694357820808 0.6944422178426598 135
1694357820834 0.6919668200599238 136
1694357820863 0.6895271801784569 137
1694357820890 0.6870524320862773 138
1694357820928 0.6846650012560627 139
1694357820954 0.6822757523167893 140
1694357820979 0.6799266362424146 141
1694357821010 0.6776454370330645 142
1694357821036 0.675362571332608 143
1694357821062 0.6731398303975977 144
1694357821090 0.6709290886391946 145
1694357821119 0.6688034194643651 146
1694357821146 0.6665719575528996 147
1694357821172 0.6643957307316107 148
1694357821198 0.6622870997826421 149
1694357821225 0.6601633569159744 150
1694357821285 0.6580937736518694 151
1694357821336 0.6560681738653613 152
1694357821390 0.6540939409467351 153
1694357821438 0.6520526942572249 154
1694357821467 0.6500386087402854 155
1694357821501 0.6480602383838056 156
1694357821559 0.646106449590132 157
1694357821591 0.6442097554193374 158
1694357821649 0.6422849679085009 159
1694357821686 0.6403848467772943 160
1694357821719 0.6384494477247251 161
1694357821752 0.6365760892744141 162
1694357821782 0.6347001687465283 163
1694357821812 0.6328998491099482 164
1694357821936 0.6311201140873586 165
1694357822212 0.6293398032137479 166
1694357822242 0.6275971798696554 167
1694357822271 0.6258514099339293 168
1694357822301 0.6240755896748768 169
1694357822335 0.6224013801893987 170
1694357822366 0.6207222727749102 171
1694357822402 0.6190475751630488 172
1694357822448 0.617387877917698 173
1694357822478 0.6157104430578122 174
1694357822509 0.6140498341843573 175
1694357822564 0.6124206272554881 176
1694357822600 0.610755476447719 177
1694357822630 0.6091308009445936 178
1694357822660 0.6075354866770443 179
1694357822692 0.6059750384545838 180
1694357822722 0.6044278559475651 181
1694357822751 0.602886229295652 182
1694357822792 0.6013594708408717 183
1694357822821 0.5998471013510986 184
1694357822849 0.5983763356889926 185
1694357822933 0.596852924394345 186
1694357822973 0.5953725929270506 187
1694357823001 0.5939286974172128 188
1694357823029 0.5924354874478625 189
1694357823055 0.5910149026005124 190
1694357823228 0.5895384854500432 191
1694357823255 0.5881343713812031 192
1694357823282 0.5867425213673623 193
1694357823311 0.5853260347320791 194
1694357823338 0.5839251054327644 195
1694357823365 0.5825971516403678 196
1694357823392 0.5812611622936026 197
1694357823508 0.5799365182128259 198
1694357823537 0.5786244752519232 199
1694357823588 0.5773046464878712 200
1694357823612 0.5760083977740519 201
1694357823636 0.5746532741883099 202
1694357823664 0.5733723143404679 203
1694357823698 0.5720661789172963 204
1694357823729 0.5708094829103985 205
1694357823753 0.5695910890743054 206
1694357823781 0.5683539314143063 207
1694357823806 0.5671148670416746 208
1694357823833 0.5659068780209169 209
1694357823868 0.5647055629206402 210
1694357823903 0.5635100725348278 211
1694357823929 0.562311496491755 212
1694357823954 0.5611528872481564 213
1694357823985 0.559969931301887 214
1694357824014 0.5588173328710199 215
1694357824043 0.5576865712604022 216
1694357824069 0.5565532071516802 217
1694357824099 0.5554003748159919 218
1694357824123 0.5542775267746635 219
1694357824160 0.5531751655341871 220
1694357824197 0.5520983434743888 221
1694357824224 0.5509551570222407 222
1694357824249 0.5498688900596285 223
1694357824275 0.5487982125466155 224
1694357824301 0.547746339094922 225
1694357824328 0.5466571994033567 226
1694357824353 0.5455365280211432 227
1694357824378 0.5445206470995766 228
1694357824403 0.5434705882951936 229
1694357824429 0.5424239241166302 230
1694357824460 0.5414236188363393 231
1694357824487 0.5404580974053402 232
1694357824512 0.5394422537975575 233
1694357824537 0.5384672039145212 234
1694357824588 0.5374693699427041 235
1694357824612 0.536498727759355 236
1694357824637 0.5355019797969492 237
1694357824661 0.534526731215508 238
1694357824695 0.533527161833211 239
1694357824722 0.5325912114986732 240
1694357824749 0.5316279658276717 241
1694357824775 0.5307056508966685 242
1694357824820 0.529774763037218 243
1694357824844 0.5288412700927513 244
1694357824873 0.5278960383942332 245
1694357824902 0.5269403661725783 246
1694357824930 0.5260484848436727 247
1694357824962 0.5251237854541524 248
1694357825006 0.5242335255507296 249
1694357825057 0.5233121360327385 250
1694357825091 0.5224021622854949 251
1694357825118 0.521496658746834 252
1694357825145 0.5206498740529405 253
1694357825173 0.519756101587746 254
1694357825198 0.5188908285197478 255
1694357825223 0.5180071379046508 256
1694357825433 0.5171494577630789 257
1694357825670 0.516301382339621 258
1694357825696 0.5154612495299777 259
1694357825723 0.5146201758503737 260
1694357825748 0.5137865509050286 261
1694357825774 0.5129745322844227 262
1694357825804 0.5121576494776308 263
1694357825830 0.5113389790733098 264
1694357825858 0.5105183682209089 265
1694357825883 0.5097174134875716 266
1694357825909 0.5089138259146291 267
1694357825938 0.5080949532830713 268
1694357825968 0.5072738640833651 269
1694357825996 0.5065009796665693 270
1694357826023 0.5056973597853706 271
1694357826051 0.5049185668444083 272
1694357826082 0.5041479903359491 273
1694357826105 0.503386665712364 274
1694357826130 0.5025859053636744 275
1694357826154 0.5018512388943899 276
1694357826179 0.5010933343878247 277
1694357826204 0.5003048132493696 278
1694357826229 0.4995595937514664 279
1694357826255 0.4988138999340486 280
1694357826278 0.4980946555114534 281
1694357826306 0.4973525345785102 282
1694357826331 0.4965946029565146 283
1694357826357 0.49589497419369544 284
1694357826382 0.49517277013666094 285
1694357826407 0.4944424337314037 286
1694357826432 0.49369876749317415 287
1694357826464 0.4929301090260985 288
1694357826489 0.49220080033401403 289
1694357826515 0.4914879953527305 290
1694357826541 0.49078459432476423 291
1694357826565 0.4900830027180312 292
1694357826619 0.4894081653859929 293
1694357826644 0.488715099090848 294
1694357826672 0.4880295228854901 295
1694357826702 0.487371603979221 296
1694357826727 0.48669903719538193 297
1694357826753 0.48602064538981915 298
1694357826790 0.48534881568701743 299
1694357826817 0.4846687344996419 300
1694357826844 0.48401363724637503 301
1694357826870 0.48336600133219465 302
1694357826934 0.482700707217532 303
1694357826970 0.48204112805642496 304
1694357826996 0.48138529120227286 305
1694357827036 0.4807209628058872 306
1694357827063 0.4800780671599243 307
1694357827090 0.47945339583223184 308
1694357827114 0.47880397916867207 309
1694357827140 0.4781587350415479 310
1694357827164 0.477539152395799 311
1694357827192 0.4769220757021474 312
1694357827217 0.47626820134926073 313
1694357827242 0.47564720050396453 314
1694357827268 0.4750033100529048 315
1694357827298 0.4743738501085425 316
1694357827325 0.47375621568022225 317
1694357827349 0.4731482998275567 318
1694357827375 0.47252373338951165 319
1694357827400 0.4719288336966661 320
1694357827424 0.4713431477882293 321
1694357827454 0.47076367321342044 322
1694357827485 0.4701665428873053 323
1694357827510 0.4695464845481406 324
1694357827538 0.4689570208315613 325
1694357827563 0.4683483184313722 326
1694357827590 0.4677798570255471 327
1694357827617 0.4672160611249286 328
1694357827672 0.46661083970424505 329
1694357827753 0.46605372328338435 330
1694357827777 0.4654546509918577 331
1694357827802 0.4648570227428851 332
1694357827829 0.4642678622109258 333
1694357827855 0.46366159967709786 334
1694357827880 0.4630980110489204 335
1694357827906 0.46250575497142854 336
1694357827931 0.4619779894053383 337
1694357827963 0.46141627203780006 338
1694357827989 0.46081479280413074 339
1694357828015 0.4602379526210239 340
1694357828042 0.4596648393605047 341
1694357828066 0.4591380613045705 342
1694357828096 0.45861132981024555 343
1694357828119 0.4580977079203108 344
1694357828144 0.4575589825344083 345
1694357828169 0.456997631745123 346
1694357828192 0.45645067054868127 347
1694357828218 0.45590591884102666 348
1694357828243 0.45533740437909553 349
1694357828268 0.4548003663073729 350
1694357828295 0.4542920406514396 351
1694357828339 0.4538042097112651 352
1694357828363 0.4532849221719445 353
1694357828388 0.4527499526610832 354
1694357828412 0.45224897073455517 355
1694357828438 0.4517232347992388 356
1694357828467 0.4512119161901448 357
1694357828497 0.45068540747114527 358
1694357828525 0.45017939225957365 359
1694357828549 0.44965857555192534 360
1694357828574 0.4491319730939135 361
1694357828600 0.44859958580951426 362
1694357828650 0.4481256901438071 363
1694357828674 0.4475876042496517 364
1694357828698 0.447115732628956 365
1694357828723 0.446556301008997 366
1694357828748 0.44606320672304794 367
1694357828773 0.4455901641267963 368
1694357828798 0.44509158596788057 369
1694357828823 0.4446077454373779 370
1694357828858 0.4441076254114166 371
1694357828884 0.44361453717549765 372
1694357828913 0.4431393816940735 373
1694357828939 0.442687584670938 374
1694357828969 0.4422220898668918 375
1694357828996 0.44172488751367495 376
1694357829026 0.4412838803803402 377
1694357829052 0.44079983407797413 378
1694357829078 0.4403178609474728 379
1694357829108 0.4398283346461863 380
1694357829132 0.43932419446500537 381
1694357829157 0.43881153163248543 382
1694357829182 0.4383455953883677 383
1694357829206 0.43788330236953193 384
1694357829230 0.4374376008694341 385
1694357829254 0.4369909666869237 386
1694357829280 0.4365277980453177 387
1694357829305 0.4360653933580717 388
1694357829329 0.43563359577512756 389
1694357829358 0.4351835922970179 390
1694357829382 0.43475841116214375 391
1694357829409 0.4343128160168002 392
1694357829438 0.4338778927986216 393
1694357829468 0.4334287641273625 394
1694357829493 0.43298423231455274 395
1694357829519 0.4325270877952861 396
1694357829544 0.43205280364952287 397
1694357829573 0.43159519322551537 398
1694357829599 0.43115379771296947 399
1694357829627 0.4306764263728828 400
1694357829652 0.43021173211097374 401
1694357829702 0.4297340074494945 402
1694357829726 0.4292546204407214 403
1694357829756 0.4288137249501151 404
1694357829818 0.4284069446351257 405
1694357829863 0.4279863241485783 406
1694357829889 0.42756987203907787 407
1694357829914 0.4271106459283934 408
1694357829940 0.4266738054280741 409
1694357829973 0.42625281421758937 410
1694357830000 0.42576826209322743 411
1694357830025 0.42537786708892933 412
1694357830050 0.4249679662532865 413
1694357830076 0.4245276521048944 414
1694357830107 0.42407025412753224 415
1694357830133 0.423663118776266 416
1694357830158 0.4232447517940672 417
1694357830184 0.4228063265159064 418
1694357830208 0.42238316923605784 419
1694357830232 0.4219629646018557 420
1694357830257 0.4215377177084133 421
1694357830282 0.42107989531418916 422
1694357830307 0.42065341212433893 423
1694357830332 0.4202300056511062 424
1694357830356 0.4198261902302992 425
1694357830381 0.4193827463760803 426
1694357830410 0.41898932333001415 427
1694357830436 0.41856537177478054 428
1694357830466 0.4181542546672857 429
1694357830494 0.4177082485274509 430
1694357830521 0.4173234588733592 431
1694357830547 0.41690537394380967 432
1694357830574 0.4164855138522907 433
1694357830601 0.4160907011769826 434
1694357830681 0.41567552425636306 435
1694357830703 0.41527940516431655 436
1694357830726 0.4148905581295544 437
1694357830754 0.4144814667985798 438
1694357830779 0.41409964583565473 439
1694357830814 0.41371363884650186 440
1694357830839 0.4133199553439188 441
1694357830863 0.4129172015428257 442
1694357830891 0.412516066314751 443
1694357830916 0.41209184574176316 444
1694357830942 0.41168550301554646 445
1694357830971 0.4113045427332372 446
1694357830998 0.4109187549250506 447
1694357831022 0.4105309668659058 448
1694357831047 0.4101653901978716 449
1694357831071 0.40977501000528355 450
1694357831098 0.409396824176833 451
1694357831123 0.40902500141713294 452
1694357831152 0.40863957655022765 453
1694357831177 0.4082482412105136 454
1694357831201 0.40789065296797516 455
1694357831226 0.40752641438733794 456
1694357831417 0.40717205782203636 457
1694357831441 0.40684215625621273 458
1694357831472 0.40647394863540776 459
1694357831497 0.4061008321991046 460
1694357831524 0.405735969682569 461
1694357831550 0.40534616629535763 462
1694357831577 0.4049795637384928 463
1694357831600 0.40460282131238695 464
1694357831625 0.4042309387167745 465
1694357831649 0.4038612901410459 466
1694357831674 0.4035008792774365 467
1694357831726 0.40312789453191095 468
1694357831749 0.4028060420376472 469
1694357831773 0.4024470653092047 470
1694357831797 0.40208666334105436 471
1694357831880 0.40171435199053546 472
1694357831906 0.4013538760595597 473
1694357831968 0.4009626628535546 474
1694357832014 0.40062043578103684 475
1694357832041 0.40026221158200137 476
1694357832066 0.3999021431479781 477
1694357832091 0.3995608402477469 478
1694357832114 0.39921438037040596 479
1694357832139 0.39885075574917545 480
1694357832164 0.39848587961474435 481
1694357832188 0.39815271674350694 482
1694357832216 0.3978273093033187 483
1694357832242 0.39744450505568335 484
1694357832266 0.3971008683985878 485
1694357832293 0.3967470365437988 486
1694357832318 0.396423184663112 487
1694357832343 0.39604379106830884 488
1694357832366 0.3957123966824104 489
1694357832392 0.39533478529119886 490
1694357832416 0.39498566625612314 491
1694357832441 0.3946541988848178 492
1694357832470 0.39430409347172507 493
1694357832494 0.39397183518410434 494
1694357832520 0.39362807327035626 495
1694357832544 0.3932832684067351 496
1694357832572 0.39296515354678174 497
1694357832596 0.39262956327340415 498
1694357832621 0.3923265593792767 499
1694357832732 0.3923265593792767 500
