1694359183172 1.9108673829053537 0
1694359183206 1.8743461219500088 1
1694359183235 1.8412938098578737 2
1694359183273 1.809853880155774 3
1694359183303 1.780250990027557 4
1694359183327 1.75201170323388 5
1694359183376 1.725358048051905 6
1694359183404 1.699991526217217 7
1694359183430 1.6753022021156196 8
1694359183460 1.6516414608094498 9
1694359183489 1.6289500248087798 10
1694359183518 1.6071749950828202 11
1694359183574 1.585953872538229 12
1694359183606 1.565627034552701 13
1694359183633 1.5460378845377594 14
1694359183721 1.527076279990832 15
1694359183750 1.5085442196396932 16
1694359183778 1.4905136373654821 17
1694359183806 1.4730411133007366 18
1694359183834 1.4562073925137582 19
1694359183861 1.4400843957291234 20
1694359183889 1.423899966112288 21
1694359183919 1.4083508591402003 22
1694359183946 1.393272198367461 23
1694359183977 1.3784996189013319 24
1694359184004 1.3641985837476243 25
1694359184036 1.3500392537891177 26
1694359184077 1.3360051034208085 27
1694359184111 1.3225112737140088 28
1694359184145 1.3093452147405291 29
1694359184235 1.2967199899190305 30
1694359184261 1.2840487694099898 31
1694359184320 1.2717081206813516 32
1694359184345 1.2597378798896184 33
1694359184373 1.2480412976993525 34
1694359184405 1.2366044242413528 35
1694359184435 1.2252208569777536 36
1694359184463 1.2142682119471495 37
1694359184491 1.2035893298125848 38
1694359184522 1.192926723170772 39
1694359184551 1.1825800962852426 40
1694359184583 1.1724867654569024 41
1694359184610 1.1626746379380541 42
1694359184638 1.1528376732610894 43
1694359184667 1.1431348613660541 44
1694359184696 1.133617524578953 45
1694359184724 1.124332248203758 46
1694359184754 1.115312574821511 47
1694359184784 1.1062885324932152 48
1694359184821 1.097645720653688 49
1694359184856 1.0891799376713756 50
1694359184957 1.080791178528874 51
1694359184989 1.0725332161351468 52
1694359185018 1.064402651602143 53
1694359185045 1.0564820135156832 54
1694359185072 1.0486540691895627 55
1694359185135 1.0410165587579752 56
1694359185175 1.0334381871002811 57
1694359185212 1.0259783721276607 58
1694359185240 1.0187291564835614 59
1694359185269 1.011612681892941 60
1694359185304 1.0045030712863545 61
1694359185335 0.9975483434119741 62
1694359185366 0.9907396739634716 63
1694359185397 0.9840135683902989 64
1694359185428 0.9774340185912139 65
1694359185472 0.9709941374048505 66
1694359185574 0.9646022795086179 67
1694359185641 0.9583125203269223 68
1694359185684 0.9521799521549573 69
1694359185724 0.9461098810924372 70
1694359185767 0.9401451097173514 71
1694359185804 0.9342926347609688 72
1694359185845 0.9284102287988379 73
1694359185877 0.9227506384937869 74
1694359185907 0.9170838057768053 75
1694359185937 0.9114610722798461 76
1694359185972 0.9060550063875622 77
1694359186004 0.9006984401006016 78
1694359186033 0.8954366596080302 79
1694359186062 0.8902762108134059 80
1694359186095 0.8852301377085545 81
1694359186129 0.8801647647913503 82
1694359186161 0.875224589818416 83
1694359186189 0.8703263922819847 84
1694359186222 0.8654567790562067 85
1694359186252 0.8606587999862673 86
1694359186282 0.8559855873828235 87
1694359186341 0.8513786548884279 88
1694359186367 0.8467899719075541 89
1694359186398 0.8423529771246162 90
1694359186432 0.8379418454569311 91
1694359186496 0.8336049613234331 92
1694359186534 0.8293217659708296 93
1694359186567 0.825056347189883 94
1694359186601 0.8208608360216574 95
1694359186629 0.816752630488003 96
1694359186653 0.8127733986345936 97
1694359186680 0.8088201435904461 98
1694359186706 0.8048780162362543 99
1694359186731 0.8009933215307729 100
1694359186756 0.7971580627078217 101
1694359186783 0.7934299644031884 102
1694359186808 0.7896254598410678 103
1694359186835 0.7859851935596549 104
1694359186861 0.7823412906583321 105
1694359186888 0.7788306961261295 106
1694359186915 0.7752296700696751 107
1694359186953 0.7716884975680216 108
1694359187009 0.7681603341923324 109
1694359187055 0.7647620432525565 110
1694359187087 0.7613479595495605 111
1694359187145 0.7580340201703398 112
1694359187169 0.7548454336504299 113
1694359187194 0.751515777505351 114
1694359187224 0.7483205816875539 115
1694359187251 0.7452470422757449 116
1694359187278 0.7421798659525881 117
1694359187306 0.7390861687595924 118
1694359187334 0.7360173409094768 119
1694359187361 0.7330368232959533 120
1694359187388 0.7300591258640978 121
1694359187415 0.7272114330780834 122
1694359187442 0.7243478684237938 123
1694359187482 0.7215095497418825 124
1694359187508 0.7186759546968128 125
1694359187533 0.7159054190449471 126
1694359187561 0.7131667275711481 127
1694359187591 0.7104507962359448 128
1694359187615 0.7078091476275207 129
1694359187641 0.7051467384741937 130
1694359187667 0.7025103847060176 131
1694359187693 0.6998943483359743 132
1694359187719 0.6973923984594094 133
1694359187745 0.6948919868419116 134
1694359187771 0.6922723283432742 135
1694359187798 0.6897885082942816 136
1694359187825 0.6873695830137841 137
1694359187850 0.684921056325058 138
1694359187876 0.6825558712702303 139
1694359187902 0.6801763732180997 140
1694359187927 0.6778448048814432 141
1694359187954 0.6755219632264972 142
1694359187986 0.6732381714124582 143
1694359188014 0.670979351704752 144
1694359188040 0.668737772887691 145
1694359188065 0.6665351937484515 146
1694359188097 0.6643245970233453 147
1694359188124 0.6621781257994692 148
1694359188149 0.6600450362544614 149
1694359188174 0.657918205905537 150
1694359188200 0.6558696730434022 151
1694359188227 0.6538121947961028 152
1694359188254 0.6518004820201853 153
1694359188279 0.6497437197815392 154
1694359188305 0.6477440035057269 155
1694359188332 0.6457927875200852 156
1694359188384 0.6438091150939517 157
1694359188409 0.6418661942570876 158
1694359188433 0.6399258912406091 159
1694359188459 0.63805134768435 160
1694359188487 0.6361026673702336 161
1694359188513 0.63422460144072 162
1694359188540 0.6323611533226354 163
1694359188569 0.6305334257250387 164
1694359188600 0.628734283055869 165
1694359188626 0.6269327108116872 166
1694359188653 0.6251580834175638 167
1694359188680 0.6234136589196848 168
1694359188706 0.6216604271675913 169
1694359188733 0.6199611105142055 170
1694359188762 0.6182388508175438 171
1694359188790 0.6165394165476007 172
1694359188818 0.6148589136636294 173
1694359188846 0.6131696262406922 174
1694359188874 0.6115239554491071 175
1694359188902 0.6098823330996864 176
1694359188928 0.6082450540121717 177
1694359188955 0.6066297201718157 178
1694359188986 0.60506595518125 179
1694359189015 0.6034768115161602 180
1694359189188 0.6019080828702312 181
1694359189213 0.6003399254398293 182
1694359189239 0.5988074467832656 183
1694359189264 0.5972506019321138 184
1694359189290 0.5957732316823237 185
1694359189317 0.5943019584342663 186
1694359189343 0.5927962744246946 187
1694359189370 0.5913275635925012 188
1694359189395 0.5898473683999454 189
1694359189421 0.5883686749150547 190
1694359189446 0.5869219941869466 191
1694359189472 0.5854935041724547 192
1694359189499 0.5840994816561242 193
1694359189524 0.5827404666574767 194
1694359189552 0.5813717362770215 195
1694359189585 0.5800609755266122 196
1694359189613 0.5787238454773157 197
1694359189638 0.5773930882830441 198
1694359189666 0.5760586763063527 199
1694359189692 0.5747382971185637 200
1694359189719 0.5734721346305367 201
1694359189745 0.5721751277697933 202
1694359189775 0.5708816787630386 203
1694359189803 0.5695907642141609 204
1694359189830 0.5683327482678024 205
1694359189856 0.5670853927455471 206
1694359189883 0.5658278588961491 207
1694359189910 0.5646133490119905 208
1694359189937 0.563422250972699 209
1694359189963 0.5622215221183329 210
1694359189989 0.5610075987742653 211
1694359190019 0.559767178570239 212
1694359190045 0.5585498848892172 213
1694359190082 0.5573383441717115 214
1694359190107 0.5562081007982279 215
1694359190133 0.5550733175089627 216
1694359190163 0.5539433971030072 217
1694359190191 0.552806411551229 218
1694359190217 0.551688863435946 219
1694359190245 0.5505689779865351 220
1694359190270 0.5494771736777769 221
1694359190296 0.5483999061070401 222
1694359190321 0.5473004724150362 223
1694359190348 0.5462240595013845 224
1694359190402 0.5451183817701187 225
1694359190427 0.5440725408775338 226
1694359190453 0.5430215340791756 227
1694359190482 0.5419642759621406 228
1694359190506 0.5409484312133823 229
1694359190531 0.5399450810435587 230
1694359190556 0.5388978773925694 231
1694359190591 0.5378752214446199 232
1694359190616 0.5368464347582226 233
1694359190646 0.5358363774700027 234
1694359190673 0.5348310954543346 235
1694359190699 0.5338448050044058 236
1694359190726 0.5328749809546525 237
1694359190755 0.5318891411126723 238
1694359190783 0.5309158896188018 239
1694359190810 0.5299730416461185 240
1694359190837 0.5290154876707407 241
1694359190865 0.5280657052737405 242
1694359190899 0.5271242446292478 243
1694359190926 0.5262093414671322 244
1694359190952 0.5252912579067419 245
1694359190983 0.5243119335494876 246
1694359191011 0.5233659502654117 247
1694359191040 0.5224374347403692 248
1694359191072 0.5215346329558953 249
1694359191098 0.5206416913809974 250
1694359191152 0.5197268041508225 251
1694359191242 0.5188044655292543 252
1694359191267 0.5179566206913473 253
1694359191292 0.5170538925076426 254
1694359191317 0.516181551778969 255
1694359191342 0.5153065920033979 256
1694359191368 0.5144453667397743 257
1694359191394 0.5135962769276948 258
1694359191420 0.5127411584738499 259
1694359191449 0.5118920006737281 260
1694359191477 0.5110508109785202 261
1694359191504 0.5102262429626769 262
1694359191530 0.5093776801999939 263
1694359191558 0.5085292929570522 264
1694359191590 0.5077442357264352 265
1694359191618 0.5069086527359533 266
1694359191647 0.5060968021303446 267
1694359191675 0.5052743776067316 268
1694359191702 0.5044966232340228 269
1694359191729 0.5036852139139385 270
1694359191756 0.5029056447811533 271
1694359191784 0.5021080634227718 272
1694359191814 0.5013149690266436 273
1694359191842 0.500535967829536 274
1694359191869 0.4997666613807164 275
1694359191897 0.4990162560282151 276
1694359191924 0.49825672760796225 277
1694359191951 0.49747395387807664 278
1694359191979 0.4967261942344781 279
1694359192004 0.49598421880440285 280
1694359192030 0.4952540230303445 281
1694359192057 0.4945053036135884 282
1694359192087 0.4937972243065314 283
1694359192113 0.49303201019728643 284
1694359192151 0.49231488049582606 285
1694359192174 0.4915735263569121 286
1694359192199 0.4908250087334063 287
1694359192226 0.4900876099327857 288
1694359192251 0.48935326852922373 289
1694359192276 0.4886675614268289 290
1694359192301 0.4879700548818664 291
1694359192327 0.48730069102717155 292
1694359192355 0.4866273015228869 293
1694359192380 0.48594877108788403 294
1694359192431 0.48524564816498844 295
1694359192455 0.4845665390284573 296
1694359192479 0.4838571050056404 297
1694359192503 0.4832028380926032 298
1694359192533 0.48251069031410504 299
1694359192562 0.4818177386053115 300
1694359192593 0.48114598501975236 301
1694359192619 0.48049462528126125 302
1694359192648 0.4798088442872519 303
1694359192675 0.4791355147536736 304
1694359192702 0.4784723282612773 305
1694359192729 0.4777925252499407 306
1694359192755 0.47713694171419196 307
1694359192782 0.4764668687772827 308
1694359192809 0.4758093869756669 309
1694359192835 0.4751819339148119 310
1694359192862 0.4745442649532046 311
1694359192889 0.47389410737596604 312
1694359192914 0.4732400951997393 313
1694359192940 0.4726604502324013 314
1694359192966 0.4720448201082327 315
1694359192993 0.47142798152588955 316
1694359193023 0.4707946300455179 317
1694359193049 0.47020118400912647 318
1694359193080 0.46959494459059903 319
1694359193107 0.46899033998242984 320
1694359193133 0.46838287416898483 321
1694359193171 0.46779022475595117 322
1694359193200 0.4671889780820366 323
1694359193323 0.4665768756219327 324
1694359193351 0.46599060484379573 325
1694359193375 0.46541071193525074 326
1694359193399 0.46480084201947225 327
1694359193425 0.46420757049965805 328
1694359193451 0.4636151370348767 329
1694359193475 0.46306036376793747 330
1694359193500 0.4624994716770054 331
1694359193525 0.46190882802881716 332
1694359193550 0.4613155885994606 333
1694359193579 0.46072702714156005 334
1694359193607 0.46015741396372617 335
1694359193633 0.45956636043756954 336
1694359193659 0.459019198521247 337
1694359193685 0.4584518402302624 338
1694359193710 0.4578690520653662 339
1694359193734 0.4573041838931306 340
1694359193761 0.45672057807546323 341
1694359193786 0.4561509402910315 342
1694359193812 0.4555909775470623 343
1694359193841 0.45502389128345644 344
1694359193867 0.4544919754230923 345
1694359193893 0.4539559751814915 346
1694359193917 0.4534268451248117 347
1694359193943 0.45284181261245204 348
1694359193967 0.45234339114201544 349
1694359193992 0.4518205495907046 350
1694359194018 0.45130835649126366 351
1694359194044 0.4508246435761236 352
1694359194076 0.45028490688480655 353
1694359194101 0.44977405582642177 354
1694359194127 0.4492265494583624 355
1694359194151 0.4487018017941075 356
1694359194175 0.44820631762474256 357
1694359194200 0.44769666059317226 358
1694359194224 0.4472149994118363 359
1694359194250 0.44670595479805597 360
1694359194277 0.4461863270358599 361
1694359194302 0.4456971708244972 362
1694359194327 0.4451928085307683 363
1694359194353 0.44469992967395255 364
1694359194381 0.4441968711945092 365
1694359194406 0.4437005349268974 366
1694359194430 0.4432043726261787 367
1694359194480 0.44269592791868345 368
1694359194505 0.4421775987657076 369
1694359194530 0.4416873786487798 370
1694359194556 0.44117652197302737 371
1694359194588 0.4406974267633393 372
1694359194618 0.4402188428544322 373
1694359194645 0.4396873655605617 374
1694359194670 0.4392178944970149 375
1694359194698 0.4387190527585812 376
1694359194723 0.43825038700244384 377
1694359194749 0.4377837960747061 378
1694359194776 0.4373097943774034 379
1694359194803 0.4368052070132083 380
1694359194831 0.4363523051258694 381
1694359194858 0.4358759656672347 382
1694359194888 0.4353855594006611 383
1694359194915 0.434920566536715 384
1694359194942 0.4344486971468859 385
1694359194969 0.4339758431642881 386
1694359194997 0.43350936829210696 387
1694359195027 0.43303336152467425 388
1694359195053 0.4325653436787309 389
1694359195084 0.43211228171949495 390
1694359195110 0.4316593300855764 391
1694359195138 0.4312060851198068 392
1694359195165 0.43074309426117197 393
1694359195192 0.43027056430939054 394
1694359195218 0.4298129760881199 395
1694359195247 0.4293570921025477 396
1694359195310 0.4289147713025534 397
1694359195338 0.4284361051205656 398
1694359195396 0.4279697069728142 399
1694359195421 0.4275250166211078 400
1694359195464 0.4271303301607685 401
1694359195492 0.4267077877877021 402
1694359195516 0.4262494746511488 403
1694359195540 0.4257946603347804 404
1694359195571 0.4253456338496401 405
1694359195597 0.42490953939812737 406
1694359195623 0.4244810758489279 407
1694359195647 0.4240321197150421 408
1694359195670 0.42359132089948515 409
1694359195695 0.4231543969039955 410
1694359195720 0.42271021419229177 411
1694359195746 0.4223008704888909 412
1694359195777 0.4218501528965272 413
1694359195801 0.4214366284552066 414
1694359195827 0.4210137580057915 415
1694359195853 0.42058303916726286 416
1694359195879 0.420143152439817 417
1694359195903 0.41970084454004153 418
1694359195929 0.4192691378582855 419
1694359195953 0.41886552542454925 420
1694359195979 0.41843816328492917 421
1694359196009 0.41803195057651454 422
1694359196035 0.4176119932350987 423
1694359196062 0.41721736247837155 424
1694359196095 0.41681222397132156 425
1694359196118 0.41641001949678214 426
1694359196142 0.4160147986141024 427
1694359196166 0.4156091813395385 428
1694359196192 0.4152191245884876 429
1694359196217 0.41482092604789095 430
1694359196255 0.4144008979197857 431
1694359196278 0.4140096578117471 432
1694359196303 0.41358567810685104 433
1694359196328 0.4131961610053349 434
1694359196352 0.41279610241014425 435
1694359196376 0.41241171724249637 436
1694359196401 0.41202666480661293 437
1694359196427 0.41163911493777566 438
1694359196458 0.4112356057577572 439
1694359196510 0.41087411712221245 440
1694359196536 0.4104564655103345 441
1694359196561 0.4100722145795423 442
1694359196587 0.4096909655895976 443
1694359196613 0.4092858270959034 444
1694359196640 0.40889700158314396 445
1694359196664 0.4085159499641506 446
1694359196688 0.40807551051811086 447
1694359196713 0.4076693512354288 448
1694359196738 0.4072806933924751 449
1694359196765 0.4068860918389019 450
1694359196789 0.40651492049180227 451
1694359196815 0.4061174576301878 452
1694359196839 0.4057561673896615 453
1694359196864 0.4053605205597769 454
1694359196890 0.4049434902051334 455
1694359196915 0.4045491009513349 456
1694359196940 0.4041836822427049 457
1694359196965 0.4038299667900483 458
1694359196989 0.40344825105188226 459
1694359197016 0.4030746611334819 460
1694359197041 0.40272476842984173 461
1694359197070 0.4023822742979889 462
1694359197099 0.40199076144138585 463
1694359197126 0.40161310150886637 464
1694359197151 0.401256528707417 465
1694359197176 0.40088587815834903 466
1694359197210 0.4005161495629878 467
1694359197237 0.400144891470269 468
1694359197263 0.3997691829213044 469
1694359197288 0.3994450077206174 470
1694359197344 0.3991077039993264 471
1694359197368 0.39875240889287705 472
1694359197392 0.39837807206548986 473
1694359197420 0.39801799340663996 474
1694359197444 0.397667085846517 475
1694359197557 0.3973094497604509 476
1694359197589 0.3969744874392687 477
1694359197615 0.3966040230518701 478
1694359197639 0.3962344156904259 479
1694359197663 0.3958867891011553 480
1694359197689 0.395532789462182 481
1694359197713 0.39519362417950016 482
1694359197737 0.3948567461532134 483
1694359197762 0.39449670739288956 484
1694359197788 0.3941283861272206 485
1694359197812 0.3938050507375172 486
1694359197849 0.3934623702238966 487
1694359197873 0.39310582817024636 488
1694359197898 0.3927681681092773 489
1694359197923 0.3924146008647109 490
1694359197947 0.3920452003459238 491
1694359197973 0.39172776774121587 492
1694359198000 0.39137689080454047 493
1694359198027 0.39101254294577786 494
1694359198052 0.39066924272765785 495
1694359198087 0.3903063771267719 496
1694359198111 0.390022771157746 497
1694359198137 0.38966071355825876 498
1694359198160 0.3893150595775681 499
1694359198273 0.3893150595775681 500
