1694243376722 1.8718821985061969 0
1694243376775 1.8051056151234135 1
1694243376812 1.747719890053085 2
1694243376838 1.6945762078243802 3
1694243376866 1.646301739859092 4
1694243376890 1.6016044100679325 5
1694243376929 1.5602874210788624 6
1694243376959 1.5217247603738009 7
1694243376993 1.4851452963116023 8
1694243377043 1.4507003323902201 9
1694243377068 1.4182766237131283 10
1694243377094 1.3877031990123319 11
1694243377120 1.3582425614455957 12
1694243377149 1.3303049705440173 13
1694243377173 1.3041722517585541 14
1694243377199 1.2791379003906262 15
1694243377225 1.25477442042572 16
1694243377251 1.2318276316161434 17
1694243377281 1.2097859766050267 18
1694243377306 1.1884163309744225 19
1694243377332 1.1683360181029998 20
1694243377366 1.148456899456355 21
1694243377391 1.1293761469026253 22
1694243377421 1.1114267996754186 23
1694243377463 1.093997170841476 24
1694243377491 1.0772124652426303 25
1694243377517 1.0608071571309334 26
1694243377544 1.0449024734812027 27
1694243377574 1.0297148934512454 28
1694243377600 1.0152155711938426 29
1694243377626 1.0012400612928605 30
1694243377652 0.9875941671422782 31
1694243377679 0.9743343569700672 32
1694243377709 0.9615777335315545 33
1694243377736 0.9494558202769612 34
1694243377762 0.9374853974211946 35
1694243377788 0.9259452082085606 36
1694243377816 0.9147469564293704 37
1694243377849 0.9037501437366938 38
1694243377881 0.8932321249779782 39
1694243377907 0.8830511673476426 40
1694243377933 0.8732308421477366 41
1694243377964 0.8638400031654221 42
1694243378003 0.854333219655485 43
1694243378029 0.8451114143614498 44
1694243378057 0.8362582914187995 45
1694243378083 0.8275694564872759 46
1694243378112 0.8193310813721855 47
1694243378138 0.8111487747939345 48
1694243378163 0.8033810849988261 49
1694243378190 0.7957003228702033 50
1694243378220 0.7883389681369951 51
1694243378246 0.78116654093238 52
1694243378270 0.7741788461593841 53
1694243378297 0.7672517960658428 54
1694243378327 0.7604963870333066 55
1694243378355 0.7538774529274501 56
1694243378385 0.7476008009380656 57
1694243378421 0.741445540626567 58
1694243378459 0.7353542960433521 59
1694243378488 0.7295050682364648 60
1694243378545 0.7236978180052452 61
1694243378586 0.7180568194871347 62
1694243378625 0.7125213459609688 63
1694243378650 0.7070673867865266 64
1694243378677 0.7018435770987429 65
1694243378726 0.6967460214400203 66
1694243378752 0.6917220791242457 67
1694243378803 0.686796313570546 68
1694243378829 0.6820255646657741 69
1694243378856 0.6773953917281503 70
1694243378887 0.6727827378595201 71
1694243378912 0.6683033272887493 72
1694243378939 0.6639596771038819 73
1694243378971 0.6597048400371113 74
1694243379001 0.6555209266424122 75
1694243379028 0.6514074944896867 76
1694243379187 0.6474703469697031 77
1694243379221 0.6434257791000226 78
1694243379253 0.6395996726824479 79
1694243379282 0.6358043922822777 80
1694243379369 0.6321297994217746 81
1694243379405 0.6284809006475796 82
1694243379480 0.6250183475215776 83
1694243379528 0.6215334545642668 84
1694243379557 0.6180751586112543 85
1694243379587 0.6146512371356132 86
1694243379618 0.6113463730520704 87
1694243379648 0.6080623564033151 88
1694243379676 0.6048423450103534 89
1694243379703 0.6017679770704748 90
1694243379729 0.598699692598957 91
1694243379756 0.5957306696205227 92
1694243379781 0.5928679824164381 93
1694243379809 0.5899618256488558 94
1694243379840 0.5871360984449417 95
1694243379877 0.5843053173977708 96
1694243379902 0.5815222056173288 97
1694243379933 0.5788383911567074 98
1694243379958 0.5762227658843088 99
1694243379995 0.5736222745529304 100
1694243380020 0.5710596298788218 101
1694243380051 0.5685559125312116 102
1694243380076 0.5661259162116135 103
1694243380108 0.5637451071950872 104
1694243380132 0.5613398848334483 105
1694243380159 0.5590033808952203 106
1694243380184 0.5566850538947757 107
1694243380210 0.5543380239643403 108
1694243380243 0.5521762881081236 109
1694243380270 0.5499520340657444 110
1694243380295 0.5477619823598439 111
1694243380320 0.5455853442963031 112
1694243380349 0.5434326195106539 113
1694243380376 0.5413065656892848 114
1694243380405 0.5392496334291983 115
1694243380431 0.5372329779879543 116
1694243380474 0.5352355640745166 117
1694243380500 0.5332057598062268 118
1694243380532 0.5312665138269268 119
1694243380560 0.5293561697984583 120
1694243380593 0.5274200549022737 121
1694243380681 0.5255923725527948 122
1694243380711 0.5237030101756456 123
1694243380763 0.5218971953325461 124
1694243380814 0.5201000660812104 125
1694243380837 0.5183958046354793 126
1694243380869 0.5167213918396001 127
1694243380893 0.5150320080287091 128
1694243380918 0.5132770331630321 129
1694243380950 0.5116329636087106 130
1694243380974 0.5099980505717296 131
1694243381002 0.5083592786232178 132
1694243381029 0.5067866484339786 133
1694243381057 0.5052794127875282 134
1694243381085 0.5036446889354463 135
1694243381113 0.5021415695164919 136
1694243381144 0.5006045190009999 137
1694243381172 0.49907739909723475 138
1694243381197 0.4975903627833432 139
1694243381222 0.49606821988897326 140
1694243381249 0.49456907701823394 141
1694243381278 0.4931262226402313 142
1694243381302 0.4917161854549588 143
1694243381328 0.4903803065278276 144
1694243381355 0.48900008995466554 145
1694243381381 0.48763861690992466 146
1694243381413 0.486233975862607 147
1694243381438 0.4849348587316094 148
1694243381469 0.48360739418441895 149
1694243381495 0.4822556297145984 150
1694243381524 0.48086986124181313 151
1694243381552 0.47948429405830806 152
1694243381579 0.4781620787272554 153
1694243381603 0.47683267722898254 154
1694243381628 0.47558366323496587 155
1694243381652 0.47437668026278057 156
1694243381682 0.47308634164589003 157
1694243381708 0.4719075002567697 158
1694243381744 0.4707430123922271 159
1694243381767 0.46956830108785047 160
1694243381792 0.4683378701963557 161
1694243381820 0.46722422766276595 162
1694243381846 0.46600203854144534 163
1694243381872 0.46478513848955716 164
1694243381898 0.46363127491464173 165
1694243381932 0.46247165307605875 166
1694243381964 0.46124890285726955 167
1694243381991 0.4600522949340415 168
1694243382018 0.45886705220722923 169
1694243382049 0.4577501060249231 170
1694243382076 0.4566103219252841 171
1694243382103 0.45550564130365023 172
1694243382129 0.45443220700373604 173
1694243382161 0.45331540812299154 174
1694243382190 0.452211601719753 175
1694243382223 0.4511575990155254 176
1694243382250 0.4500804952157875 177
1694243382281 0.4489943881460289 178
1694243382307 0.44798020722589543 179
1694243382333 0.4469788385557236 180
1694243382359 0.44589448014430505 181
1694243382384 0.44491168429524036 182
1694243382415 0.44388170831043283 183
1694243382447 0.4428542518800568 184
1694243382473 0.4418870635649423 185
1694243382499 0.4408512485980429 186
1694243382536 0.43985246852060395 187
1694243382560 0.4388963637445546 188
1694243382585 0.4379592700849077 189
1694243382612 0.4369920946705144 190
1694243382642 0.4360684181767997 191
1694243382673 0.4351244837088799 192
1694243382796 0.4342829022685261 193
1694243382848 0.433325865190993 194
1694243382879 0.43237248640619685 195
1694243382902 0.43137857740853075 196
1694243382930 0.43042217774971875 197
1694243382956 0.42953352029530895 198
1694243382985 0.42871921452896683 199
1694243383013 0.427845643463233 200
1694243383038 0.42696545732256963 201
1694243383063 0.42608070045290647 202
1694243383089 0.4252444638066677 203
1694243383113 0.4243530758730113 204
1694243383142 0.4234831193122416 205
1694243383168 0.4226274970385365 206
1694243383194 0.4216910709234892 207
1694243383219 0.42080093476151664 208
1694243383243 0.4200009170838324 209
1694243383267 0.41919780648721766 210
1694243383299 0.4183162497031161 211
1694243383324 0.41747843127161743 212
1694243383348 0.4166282394391271 213
1694243383374 0.4157628962822464 214
1694243383398 0.41503927205671326 215
1694243383430 0.41421294888658794 216
1694243383462 0.4134024191933521 217
1694243383487 0.41262061051675547 218
1694243383512 0.4118045047394746 219
1694243383538 0.4110490728850198 220
1694243383570 0.41029695522548953 221
1694243383596 0.40954951987624666 222
1694243383620 0.40876311597876086 223
1694243383646 0.4079925379431805 224
1694243383670 0.40722093089401035 225
1694243383700 0.40649450325583303 226
1694243383728 0.40569028399805207 227
1694243383755 0.40488084226217763 228
1694243383792 0.40414839871453606 229
1694243383822 0.4034417416105288 230
1694243383846 0.4026853907842809 231
1694243383871 0.4019310336534305 232
1694243383897 0.40122296560596804 233
1694243383925 0.4005622285586678 234
1694243383951 0.3998438525396485 235
1694243383978 0.3990937729503189 236
1694243384004 0.39840032554744276 237
1694243384032 0.3976589133970123 238
1694243384056 0.3968811820998229 239
1694243384079 0.39619891852548766 240
1694243384105 0.39549753638294505 241
1694243384130 0.39475166902228614 242
1694243384158 0.39409192207236077 243
1694243384502 0.3934173194480863 244
1694243384539 0.39271571424378 245
1694243384565 0.3920043973133937 246
1694243384590 0.3912907066037223 247
1694243384614 0.39066240995418106 248
1694243384643 0.39003807777092914 249
1694243384674 0.38927233358674973 250
1694243384699 0.3886175884345577 251
1694243384725 0.3878856617046502 252
1694243384756 0.3871878469419607 253
1694243384787 0.38649522690220683 254
1694243384886 0.385836503230482 255
1694243384912 0.3851736343820132 256
1694243384940 0.3844792282085467 257
1694243384972 0.38381746351741564 258
1694243385001 0.3832129174607154 259
1694243385029 0.38259370576340335 260
1694243385053 0.38197032065300596 261
1694243385076 0.38134607140083354 262
1694243385101 0.38069654946299436 263
1694243385125 0.38006954245447727 264
1694243385149 0.3794435860302004 265
1694243385221 0.3787499374907235 266
1694243385246 0.3781313901966608 267
1694243385270 0.37746066693357283 268
1694243385302 0.37682473202335337 269
1694243385327 0.37610926700192976 270
1694243385353 0.3754482122437105 271
1694243385378 0.3748026332949982 272
1694243385402 0.374209017132851 273
1694243385433 0.37359286734496916 274
1694243385467 0.37297599039237556 275
1694243385497 0.3724158032650801 276
1694243385524 0.37174653085785975 277
1694243385552 0.37116198359823976 278
1694243385584 0.37061598407223495 279
1694243385609 0.3700764492465248 280
1694243385638 0.3694169618854007 281
1694243385671 0.3687866032378541 282
1694243385704 0.3682487728756151 283
1694243385731 0.3676624319559525 284
1694243385759 0.3670181795720125 285
1694243385791 0.36642510584792265 286
1694243385815 0.3657799853444546 287
1694243385839 0.3651729467871503 288
1694243385867 0.3645913551854956 289
1694243385891 0.36399312159533526 290
1694243385922 0.3633861021802688 291
1694243385952 0.3628094662122453 292
1694243385982 0.3622154470994635 293
1694243386013 0.3616271195607298 294
1694243386042 0.361082063959631 295
1694243386068 0.36055417246547294 296
1694243386093 0.3600004437056867 297
1694243386117 0.35945369030358487 298
1694243386142 0.35887703789986297 299
1694243386167 0.3582766418345065 300
1694243386196 0.3577833861611648 301
1694243386221 0.3572497775211778 302
1694243386246 0.3566927880120858 303
1694243386270 0.3561068444654129 304
1694243386297 0.3555285791555643 305
1694243386328 0.35500607428818115 306
1694243386353 0.354424100768631 307
1694243386377 0.3539026223151101 308
1694243386402 0.3533871257236414 309
1694243386425 0.35287373889633306 310
1694243386455 0.3523106706833611 311
1694243386486 0.3517724147368657 312
1694243386510 0.3512470466328865 313
1694243386536 0.3507549188506828 314
1694243386560 0.3502647559710867 315
1694243386584 0.3497420497333675 316
1694243386621 0.3492417340697539 317
1694243386647 0.3486470726361439 318
1694243386671 0.34820922246355296 319
1694243386696 0.3476678843912016 320
1694243386722 0.34715135284627696 321
1694243386757 0.34662570824026584 322
1694243386782 0.34609475378218024 323
1694243386811 0.3454814436875921 324
1694243386837 0.3449366052879884 325
1694243386913 0.34440243402919785 326
1694243386987 0.34382888567196884 327
1694243387024 0.3432698030300547 328
1694243387054 0.34267539896050236 329
1694243387078 0.3422216972802846 330
1694243387107 0.34167746582495645 331
1694243387136 0.3411463845113916 332
1694243387162 0.3406501563322287 333
1694243387186 0.34014459092537497 334
1694243387218 0.33957065874554976 335
1694243387245 0.3390370354780012 336
1694243387272 0.3385430796263377 337
1694243387296 0.33804190076731633 338
1694243387320 0.33753466382103303 339
1694243387353 0.3370494540075982 340
1694243387376 0.3365224223662866 341
1694243387402 0.3360105436381019 342
1694243387429 0.3355007032958503 343
1694243387459 0.3350179933262586 344
1694243387488 0.3345642873445281 345
1694243387512 0.3341482041556498 346
1694243387536 0.33366874314153183 347
1694243387565 0.3331945480113351 348
1694243387590 0.33275717627840523 349
1694243387615 0.3322947430863891 350
1694243387643 0.33177832133185925 351
1694243387668 0.33135798117408427 352
1694243387691 0.33090568724641817 353
1694243387717 0.33041765044394195 354
1694243387745 0.32992124992269317 355
1694243387773 0.3294440942048014 356
1694243387797 0.3290112969105002 357
1694243387823 0.32849820060135937 358
1694243387847 0.32805319021183404 359
1694243387871 0.3276024734705148 360
1694243387897 0.32711524884010706 361
1694243387922 0.326680112529993 362
1694243387954 0.3261609544033451 363
1694243387978 0.3257134560763022 364
1694243388002 0.32526132535668445 365
1694243388031 0.3248098204563099 366
1694243388057 0.32437445234933115 367
1694243388084 0.32396782207793373 368
1694243388112 0.32357885653751406 369
1694243388140 0.32314229794212146 370
1694243388167 0.3226630803863172 371
1694243388192 0.3222416131604101 372
1694243388215 0.32181755840636345 373
1694243388241 0.3213342523549613 374
1694243388269 0.3209710182305791 375
1694243388293 0.3205463798430128 376
1694243388318 0.32009414188718377 377
1694243388343 0.31963410492667665 378
1694243388372 0.31915457757632626 379
1694243388396 0.31868645520832045 380
1694243388420 0.318260413220351 381
1694243388445 0.3178256970778765 382
1694243388474 0.31739186819324167 383
1694243388504 0.31697925245117914 384
1694243388529 0.3165362499666516 385
1694243388553 0.3161086767761294 386
1694243388578 0.3156162288162308 387
1694243388614 0.31518026835802526 388
1694243388647 0.31477396966419174 389
1694243388673 0.3143205671698432 390
1694243388698 0.31386451511925906 391
1694243388724 0.3134124995331753 392
1694243388755 0.3130007684025731 393
1694243388783 0.31258522744911815 394
1694243388808 0.3121865960320505 395
1694243388834 0.311735964276858 396
1694243388859 0.3113042598580983 397
1694243388883 0.31088155428083986 398
1694243388963 0.31048131056344885 399
1694243388988 0.3100125704552976 400
1694243389019 0.30964489483223284 401
1694243389047 0.3092484461820379 402
1694243389075 0.3088634460148444 403
1694243389122 0.30843445122746027 404
1694243389172 0.308002565213467 405
1694243389202 0.30757091336611586 406
1694243389233 0.3071159631063006 407
1694243389260 0.30670398279130945 408
1694243389284 0.3063145188547449 409
1694243389309 0.3059187393853801 410
1694243389336 0.30547497160627973 411
1694243389362 0.3050631850555898 412
1694243389390 0.3046239698629899 413
1694243389415 0.30426605876426227 414
1694243389530 0.30390730326931736 415
1694243389798 0.3035052856347066 416
1694243389826 0.30306034955810623 417
1694243389851 0.30265967672425237 418
1694243389873 0.3022329393729262 419
1694243389898 0.3018283700366802 420
1694243389924 0.3014375470163858 421
1694243389958 0.30106476771983387 422
1694243389986 0.30062119226965095 423
1694243390010 0.3002331089262836 424
1694243390034 0.29985649273744225 425
1694243390061 0.29944346654681275 426
1694243390087 0.2990919536147305 427
1694243390112 0.29867403114667895 428
1694243390136 0.29832486651705287 429
1694243390161 0.29800399053216525 430
1694243390188 0.29764805970240604 431
1694243390212 0.297257036695081 432
1694243390244 0.2968160549423003 433
1694243390271 0.2963808852592481 434
1694243390297 0.29596477765639395 435
1694243390322 0.2955538392701983 436
1694243390347 0.29516173584327 437
1694243390375 0.2947632240817749 438
1694243390399 0.29435848988368574 439
1694243390423 0.29397796591093983 440
1694243390448 0.2936051365806196 441
1694243390482 0.29327531977432514 442
1694243390507 0.2929045136761723 443
1694243390532 0.29243852885508087 444
1694243390555 0.2920881182833885 445
1694243390580 0.2917290022097606 446
1694243390609 0.29134053113053054 447
1694243390635 0.29098561742312856 448
1694243390668 0.2906116593570697 449
1694243390697 0.290219600267294 450
1694243390727 0.28983270378241477 451
1694243390752 0.28947083497826764 452
1694243390787 0.28910174902802255 453
1694243390812 0.2887875625804374 454
1694243390839 0.2883927681977697 455
1694243390863 0.2879854278463111 456
1694243390887 0.2876120691419862 457
1694243390911 0.2872426233183293 458
1694243390987 0.2868656405344883 459
1694243391010 0.28649304288441124 460
1694243391036 0.28614494437274096 461
1694243391062 0.28579488372509915 462
1694243391090 0.285428999459653 463
1694243391116 0.28502527995707105 464
1694243391140 0.2846887345049088 465
1694243391167 0.28435479037674716 466
1694243391264 0.28399303764496026 467
1694243391292 0.28364018074622654 468
1694243391323 0.28329593688856974 469
1694243391347 0.28294717941756115 470
1694243391376 0.28258798358536097 471
1694243391400 0.2822218612734273 472
1694243391424 0.2818708225538363 473
1694243391457 0.28149778691123567 474
1694243391482 0.28117127913237144 475
1694243391507 0.2808459546566827 476
1694243391533 0.2805235548558989 477
1694243391561 0.2801503030551945 478
1694243391585 0.2797779858759629 479
1694243391609 0.2794811648400561 480
1694243391633 0.2791503620659786 481
1694243391658 0.27885320844752526 482
1694243391687 0.2784909331181232 483
1694243391713 0.2781674468714605 484
1694243391750 0.277775495805762 485
1694243391774 0.27743727248776534 486
1694243391798 0.27706329566021287 487
1694243391831 0.2767475959434112 488
1694243391855 0.2763991399557735 489
1694243391880 0.27604261716592376 490
1694243391906 0.27567340038679167 491
1694243391931 0.2753261018467105 492
1694243391960 0.27497451272886364 493
1694243391987 0.2746353977346612 494
1694243392012 0.2742981517451449 495
1694243392038 0.2739427137692597 496
1694243392063 0.2736356686334139 497
1694243392087 0.2732832819957934 498
1694243392114 0.2729477373007927 499
1694243392138 0.2725866266293412 500
1694243392163 0.2722160616798419 501
1694243392186 0.2718981432537919 502
1694243392209 0.2715573238968121 503
1694243392234 0.2712038798524762 504
1694243392261 0.27087909433197627 505
1694243392284 0.2705405767888896 506
1694243392308 0.27020961818943445 507
1694243392332 0.269848289349616 508
1694243392366 0.26949374510139446 509
1694243392391 0.26919557600814603 510
1694243392414 0.26887960438687786 511
1694243392439 0.2685132005397024 512
1694243392473 0.2682310522488386 513
1694243392498 0.2679398340457045 514
1694243392521 0.26758334550395046 515
1694243392547 0.2673000590692085 516
1694243392573 0.266975877334425 517
1694243392603 0.2666759136009591 518
1694243392627 0.2663413182752426 519
1694243392655 0.26599224752300565 520
1694243392681 0.2656909933639635 521
1694243392716 0.26536048395878814 522
1694243392741 0.2650114931262845 523
1694243392769 0.2646975130770051 524
1694243392797 0.26437992689412704 525
1694243392823 0.2641133373098972 526
1694243392860 0.26377059843048706 527
1694243392883 0.263449849238823 528
1694243392912 0.26315502290354015 529
1694243392935 0.26283818136393255 530
1694243392986 0.26252910846145777 531
1694243393031 0.2622558000599496 532
1694243393057 0.2619446731677248 533
1694243393084 0.26161780631907705 534
1694243393107 0.26124636593117373 535
1694243393134 0.2609902197920681 536
1694243393157 0.26070057143888503 537
1694243393180 0.26043807606902764 538
1694243393203 0.26013131756470287 539
1694243393229 0.2598023138811195 540
1694243393264 0.25947753076421887 541
1694243393289 0.2591956388962017 542
1694243393340 0.25886814427920923 543
1694243393367 0.25856688709445796 544
1694243393409 0.25826903322022304 545
1694243393445 0.2579549615402911 546
1694243393476 0.2576468626843613 547
1694243393498 0.25734828358472117 548
1694243393522 0.2570074331137369 549
1694243393551 0.2567052772580902 550
1694243393573 0.256436635688999 551
1694243393597 0.2561400337141425 552
1694243393621 0.25587474683872796 553
1694243393644 0.25555795551834426 554
1694243393674 0.2552775752378291 555
1694243393697 0.2549699147027084 556
1694243393721 0.2546567222719722 557
1694243393746 0.25437387472043493 558
1694243393774 0.25407691359875856 559
1694243393799 0.25378972607853506 560
1694243393823 0.2534559358659996 561
1694243393848 0.25317487194645666 562
1694243393872 0.2528887148401533 563
1694243393902 0.25260922021193916 564
1694243393931 0.25230307995488416 565
1694243393964 0.25198861311607923 566
1694243393990 0.2516890142698673 567
1694243394021 0.2513570772199507 568
1694243394047 0.25106084243861254 569
1694243394074 0.2507311122227377 570
1694243394099 0.2504598846645261 571
1694243394125 0.2501671053348351 572
1694243394153 0.2498824266816389 573
1694243394176 0.24960142927624976 574
1694243394200 0.24929834510815038 575
1694243394224 0.24902277202260764 576
1694243394247 0.2487213658598219 577
1694243394270 0.24846012422761052 578
1694243394300 0.24818346701473867 579
1694243394326 0.247904469991498 580
1694243394350 0.2476089341224529 581
1694243394373 0.24733374867569058 582
1694243394396 0.2470625737027139 583
1694243394426 0.24677019204489611 584
1694243394459 0.2464811314632013 585
1694243394484 0.24620515315921387 586
1694243394511 0.24593868941023966 587
1694243394536 0.24562933406424362 588
1694243394565 0.2453456186906474 589
1694243394589 0.2450817892918051 590
1694243394613 0.2448195302084365 591
1694243394636 0.2445337014217144 592
1694243394661 0.24424906788935036 593
1694243394685 0.24396902356541839 594
1694243394721 0.2436776521653396 595
1694243394744 0.2434072292978367 596
1694243394768 0.2431500379245169 597
1694243394791 0.24290905977304383 598
1694243394814 0.24260704738819536 599
1694243394849 0.2423258611497524 600
1694243394875 0.2420396136488298 601
1694243394897 0.24176056532213538 602
1694243394919 0.24150447832163013 603
1694243394954 0.2412122407256053 604
1694243394981 0.24094169252576755 605
1694243395052 0.24067947177283291 606
1694243395076 0.24039158561242913 607
1694243395098 0.2401711897942049 608
1694243395126 0.23989352388472113 609
1694243395150 0.2396129399232804 610
1694243395177 0.23930123093868702 611
1694243395202 0.23900358680353542 612
1694243395226 0.2387362363110379 613
1694243395256 0.23843678114804193 614
1694243395284 0.23819035811871075 615
1694243395307 0.2379278668761567 616
1694243395331 0.23763826106966474 617
1694243395357 0.23736166731426836 618
1694243395380 0.2371544469424274 619
1694243395404 0.23691309489441645 620
1694243395439 0.2366591493160251 621
1694243395507 0.23641433445939278 622
1694243395561 0.23615934332170258 623
1694243395588 0.23589135993508387 624
1694243395612 0.23565218807500232 625
1694243395635 0.23540162480801372 626
1694243395664 0.2351219741835414 627
1694243395687 0.2348469252719566 628
1694243395711 0.23456506273867278 629
1694243395738 0.23428248383532335 630
1694243395764 0.23400098390022767 631
1694243395790 0.2337687759829124 632
1694243395813 0.23347587104554798 633
1694243395838 0.2332004119024575 634
1694243395862 0.23295358244482706 635
1694243395891 0.23270925418659344 636
1694243395915 0.23246044844433542 637
1694243395939 0.23218593569929297 638
1694243395971 0.23191074594751349 639
1694243395998 0.23164105749678143 640
1694243396027 0.23136384408419178 641
1694243396052 0.23107033449165804 642
1694243396076 0.2307835883159533 643
1694243396105 0.23049546238524712 644
1694243396130 0.230228930099756 645
1694243396159 0.2299341211502138 646
1694243396189 0.22969997247079205 647
1694243396214 0.22940924628713835 648
1694243396238 0.22914857468723673 649
1694243396262 0.2288832369718606 650
1694243396287 0.22862399378742926 651
1694243396324 0.22837080256809833 652
1694243396353 0.2280874165927603 653
1694243396377 0.22784541673024214 654
1694243396401 0.2276150696629877 655
1694243396428 0.22734465310317212 656
1694243396463 0.2270927894121546 657
1694243396488 0.22682550864895093 658
1694243396514 0.2265684756424297 659
1694243396540 0.22632067053694818 660
1694243396564 0.22603299181346323 661
1694243396591 0.22576460666451367 662
1694243396615 0.22550698207240244 663
1694243396643 0.22528080315675122 664
1694243396666 0.22502696443202508 665
1694243396692 0.2247900635761088 666
1694243396729 0.2245641818199974 667
1694243396753 0.22433442378016222 668
1694243396776 0.22409678963521734 669
1694243396800 0.22387416363802165 670
1694243396827 0.2236370014021221 671
1694243396858 0.22340677002399592 672
1694243396884 0.22314732636176265 673
1694243396910 0.22290486728728884 674
1694243396940 0.22264952446387837 675
1694243396970 0.22238714451581845 676
1694243396997 0.2221467676492537 677
1694243397025 0.221887797734774 678
1694243397097 0.22163270256369838 679
1694243397119 0.22140991415315892 680
1694243397142 0.22116269646014056 681
1694243397172 0.2209128832334601 682
1694243397202 0.2206919730465833 683
1694243397227 0.2204702186077459 684
1694243397252 0.22020286748951476 685
1694243397276 0.21995061486109463 686
1694243397302 0.21969611672022146 687
1694243397330 0.2194303004111005 688
1694243397360 0.21918498095946953 689
1694243397384 0.21893407490565847 690
1694243397409 0.21868930805460174 691
1694243397434 0.2184451609584858 692
1694243397467 0.21823694737108282 693
1694243397492 0.2179870225413914 694
1694243397516 0.2177334339582807 695
1694243397585 0.21749669617503062 696
1694243397625 0.21725787532404287 697
1694243397655 0.2170169518219237 698
1694243397678 0.21678421375463588 699
1694243397705 0.21653510682552202 700
1694243397728 0.21630417831450294 701
1694243397757 0.2160929987924396 702
1694243397782 0.2158579303475148 703
1694243397808 0.21565889495081306 704
1694243397832 0.2154400350073395 705
1694243397857 0.21518965756789768 706
1694243397887 0.21496733871931248 707
1694243397913 0.2147388419347699 708
1694243397939 0.21452616845421368 709
1694243397971 0.21428276816719263 710
1694243398000 0.2140480358480211 711
1694243398026 0.21381101592643917 712
1694243398050 0.2135759727506596 713
1694243398073 0.21335294167669255 714
1694243398097 0.213123019693272 715
1694243398127 0.21289214083221028 716
1694243398155 0.21265450321823937 717
1694243398180 0.21240815934930166 718
1694243398207 0.21216539226778544 719
1694243398236 0.21191597756582833 720
1694243398262 0.21168025980949473 721
1694243398287 0.21142720481622163 722
1694243398312 0.2112320985705475 723
1694243398341 0.21106268273512077 724
1694243398366 0.2108418224172878 725
1694243398389 0.21058436092913735 726
1694243398414 0.2103423605002305 727
1694243398439 0.21007870052507308 728
1694243398473 0.20984138846752762 729
1694243398500 0.20961000804907345 730
1694243398526 0.20938588340041533 731
1694243398550 0.20916653541897454 732
1694243398574 0.20891303255407348 733
1694243398597 0.20866255085143393 734
1694243398627 0.20844220348111048 735
1694243398657 0.20821164444539825 736
1694243398681 0.20800918628639953 737
1694243398705 0.20778455867413026 738
1694243398728 0.20756065763903223 739
1694243398754 0.20733731096152147 740
1694243398788 0.20709918860479637 741
1694243398814 0.20688163415556232 742
1694243398995 0.20664976611364883 743
1694243399022 0.2064744495661459 744
1694243399050 0.20627924451366797 745
1694243399099 0.20607785949607577 746
1694243399146 0.2058627956638128 747
1694243399173 0.20563985234874388 748
1694243399196 0.2054284807969374 749
1694243399221 0.20520544698304896 750
1694243399246 0.20499886799375253 751
1694243399274 0.20479223202682778 752
1694243399304 0.20457359550161774 753
1694243399335 0.20436364457474593 754
1694243399361 0.20414723325945872 755
1694243399389 0.20393167816809749 756
1694243399412 0.20369568057328868 757
1694243399438 0.20348393181381183 758
1694243399472 0.20328383379122056 759
1694243399498 0.20307744238211084 760
1694243399522 0.20285147763006076 761
1694243399547 0.20262220279846485 762
1694243399571 0.20242698547808388 763
1694243399597 0.20217698580583857 764
1694243399630 0.20197030681378406 765
1694243399721 0.201739373565489 766
1694243399743 0.2015323710256144 767
1694243399771 0.20133030273512706 768
1694243399800 0.20111778856904575 769
1694243399823 0.20093328511142988 770
1694243399851 0.20070014935506963 771
1694243399882 0.20046197843619495 772
1694243399908 0.20022597560162791 773
1694243399935 0.20002665780768777 774
1694243399964 0.19981412407154764 775
1694243399988 0.19959318451667418 776
1694243400163 0.19938480664236652 777
1694243400222 0.19917771373352444 778
1694243400258 0.19899398843412172 779
1694243400293 0.19876483759387975 780
1694243400325 0.19853149415804375 781
1694243400373 0.19831935850743226 782
1694243400408 0.19810522869640312 783
1694243400442 0.19789344710268864 784
1694243400486 0.19770562189268848 785
1694243400518 0.1975009656969872 786
1694243400557 0.19731625752899262 787
1694243400592 0.1971130936198963 788
1694243400626 0.19690307866921816 789
1694243400659 0.19667397316213778 790
1694243400701 0.1964702425179735 791
1694243400738 0.19624780581202605 792
1694243400783 0.1960311348596919 793
1694243400820 0.19580547063430634 794
1694243400853 0.1955965458451865 795
1694243400887 0.19539098453632764 796
1694243400921 0.19519151210524013 797
1694243400967 0.1949709765009699 798
1694243401002 0.194767432218047 799
1694243401032 0.19457773308681955 800
1694243401059 0.19437438749371833 801
1694243401159 0.1941485723042777 802
1694243401196 0.19393820243658344 803
1694243401226 0.19374058192162605 804
1694243401252 0.19352687881928593 805
1694243401274 0.19331753627742343 806
1694243401299 0.19310599980651094 807
1694243401324 0.19289140518783957 808
1694243401348 0.19270305388862666 809
1694243401377 0.19250866295093208 810
1694243401402 0.19229121816431335 811
1694243401436 0.192095830390556 812
1694243401468 0.19191344294271057 813
1694243401492 0.19172895286241037 814
1694243401520 0.1915089451109539 815
1694243401546 0.19131815261178534 816
1694243401569 0.19115044882772697 817
1694243401611 0.19097190013721468 818
1694243401640 0.19076771703534387 819
1694243401662 0.19057639526877015 820
1694243401689 0.19038825916628846 821
1694243401721 0.19018412616460767 822
1694243401762 0.19001485850538444 823
1694243401843 0.18979677421063265 824
1694243401872 0.18962367457163967 825
1694243401899 0.18942504930503515 826
1694243401923 0.1892420285097413 827
1694243401951 0.1890322738012379 828
1694243401982 0.1888328893364396 829
1694243402006 0.1886218218359925 830
1694243402032 0.18842953264018644 831
1694243402055 0.18824598913696272 832
1694243402085 0.18803503981444653 833
1694243402108 0.18784051800552556 834
1694243402132 0.18763247930083884 835
1694243402155 0.1874550078657275 836
1694243402179 0.1872700462565492 837
1694243402202 0.18709449401114123 838
1694243402229 0.18691783480690213 839
1694243402252 0.1867178478819528 840
1694243402276 0.18654340153839707 841
1694243402301 0.1863515277595511 842
1694243402324 0.18614659233227465 843
1694243402351 0.18595206647208884 844
1694243402375 0.1857533450319485 845
1694243402399 0.18556372002538246 846
1694243402426 0.1853886355770817 847
1694243402459 0.18518798576642304 848
1694243402484 0.18497610491624628 849
1694243402516 0.1848037123813219 850
1694243402541 0.1846011756634583 851
1694243402564 0.18440813293547303 852
1694243402591 0.18420896792110683 853
1694243402615 0.18399656334500847 854
1694243402640 0.18381531007789595 855
1694243402665 0.18366130847327575 856
1694243402692 0.18346945414020802 857
1694243402716 0.18328094082775664 858
1694243402741 0.18311910264445536 859
1694243402766 0.18291697139506888 860
1694243402790 0.182729806232545 861
1694243402824 0.1825412555994192 862
1694243402850 0.18237012205352815 863
1694243402875 0.18218522967039186 864
1694243402899 0.18201424318320125 865
1694243402927 0.18182991405077 866
1694243402951 0.1816636083364214 867
1694243402984 0.18147573577402912 868
1694243403009 0.1813000013049961 869
1694243403057 0.18112528561775584 870
1694243403081 0.1809380203216894 871
1694243403109 0.18076885791836944 872
1694243403134 0.18058331244590978 873
1694243403208 0.18038320834233174 874
1694243403231 0.18019037113973235 875
1694243403259 0.18000144900969978 876
1694243403287 0.17981096107507308 877
1694243403311 0.17962624242815317 878
1694243403503 0.18328094082775664 879
