1694357350814 1.9110737750511635 0
1694357350874 1.8744299169026646 1
1694357350901 1.8415718815893434 2
1694357350926 1.8099558342036932 3
1694357350953 1.7803085926992104 4
1694357350977 1.752261784735173 5
1694357351003 1.7254122122273439 6
1694357351027 1.699941514831035 7
1694357351051 1.675339338224722 8
1694357351078 1.6516251761332181 9
1694357351102 1.6288789110515 10
1694357351131 1.6070422368481196 11
1694357351155 1.5857869743157906 12
1694357351327 1.5653826456693034 13
1694357351376 1.5457332935638408 14
1694357351401 1.5267389870915224 15
1694357351426 1.5080347296819185 16
1694357351451 1.4901156306292007 17
1694357351475 1.4727385910414323 18
1694357351501 1.4557310099367011 19
1694357351526 1.4395554408650757 20
1694357351554 1.4233418051685436 21
1694357351582 1.4077319231667227 22
1694357351606 1.3927205069251518 23
1694357351633 1.3778810268977963 24
1694357351658 1.363464624542628 25
1694357351682 1.3493235150227207 26
1694357351707 1.3353564253672225 27
1694357351732 1.3217511881053345 28
1694357351758 1.308551880137504 29
1694357351783 1.2958677377130816 30
1694357351814 1.283311015861361 31
1694357351841 1.2709762235074749 32
1694357351867 1.258952444539098 33
1694357351891 1.2472622066011696 34
1694357351918 1.2358027899143589 35
1694357351944 1.2243951550580163 36
1694357351969 1.213455495382681 37
1694357351995 1.2026996720329552 38
1694357352020 1.1921420723628153 39
1694357352047 1.1818871322658056 40
1694357352076 1.1716894029480385 41
1694357352101 1.1619335442975298 42
1694357352128 1.1521772361295612 43
1694357352153 1.1425638718989106 44
1694357352181 1.1331711420571853 45
1694357352209 1.1238516978112694 46
1694357352234 1.1149037590858832 47
1694357352258 1.1058724478256556 48
1694357352284 1.097238797208409 49
1694357352336 1.0887385479569798 50
1694357352361 1.0803615638730864 51
1694357352397 1.0721154450132409 52
1694357352426 1.0639776332716415 53
1694357352452 1.0561128800194646 54
1694357352478 1.0482993667044376 55
1694357352505 1.0406183269893365 56
1694357352530 1.033068657377852 57
1694357352557 1.0255668727052345 58
1694357352582 1.0183064574037375 59
1694357352607 1.011205660884449 60
1694357352634 1.004097638693622 61
1694357352660 0.9971787192288819 62
1694357352689 0.9904118878701443 63
1694357352718 0.9835838499861751 64
1694357352744 0.977060318227912 65
1694357352769 0.9706450496955895 66
1694357352801 0.9643001177285998 67
1694357352826 0.9580591615175467 68
1694357352851 0.9518460631493559 69
1694357352878 0.945807039221162 70
1694357352903 0.9398874736814012 71
1694357352929 0.9340185962488573 72
1694357352958 0.9282613723172873 73
1694357352983 0.9225072479184371 74
1694357353009 0.9168140144040209 75
1694357353035 0.9112155846774049 76
1694357353063 0.9058474938312516 77
1694357353090 0.9004996639216953 78
1694357353117 0.8951956485546013 79
1694357353146 0.8900272653363183 80
1694357353172 0.8849437691191679 81
1694357353199 0.8799453062001745 82
1694357353230 0.87493590936525 83
1694357353266 0.8700605467571023 84
1694357353365 0.8652682682537376 85
1694357353427 0.8604604253929683 86
1694357353451 0.8558118065820982 87
1694357353477 0.8512178640810778 88
1694357353505 0.846694521988028 89
1694357353531 0.8422413233784191 90
1694357353558 0.8378488807732724 91
1694357353583 0.8335792239434068 92
1694357353608 0.829332910094679 93
1694357353634 0.8251526739204851 94
1694357353659 0.8209534495424943 95
1694357353686 0.8168426077077846 96
1694357353711 0.8128792198176491 97
1694357353737 0.8089543829650915 98
1694357353766 0.8050386383220363 99
1694357353792 0.8012003226208658 100
1694357353820 0.7973748246313236 101
1694357353847 0.7936435579675367 102
1694357353875 0.789899359053554 103
1694357353899 0.7862241246594325 104
1694357353926 0.7825911664248764 105
1694357353952 0.7790673486787671 106
1694357353979 0.7755533502795957 107
1694357354008 0.771988171739234 108
1694357354035 0.7685120734276727 109
1694357354061 0.7651131451001544 110
1694357354086 0.7616656998052477 111
1694357354114 0.7583607137531477 112
1694357354141 0.7551895130740699 113
1694357354168 0.7519624117291398 114
1694357354193 0.7487964597206801 115
1694357354219 0.7456740931486536 116
1694357354246 0.7426343217006104 117
1694357354273 0.7395110791140143 118
1694357354303 0.7365027838578582 119
1694357354335 0.7335258283538536 120
1694357354379 0.7305139041581362 121
1694357354404 0.7276032012820889 122
1694357354430 0.7247172237926857 123
1694357354456 0.7218664909312169 124
1694357354482 0.7190220890738251 125
1694357354510 0.7162449133220544 126
1694357354536 0.7134574662704715 127
1694357354563 0.7107814867104986 128
1694357354590 0.7081414009575715 129
1694357354616 0.7055096462722509 130
1694357354644 0.7028831562753877 131
1694357354671 0.700237123628649 132
1694357354700 0.6977471265804644 133
1694357354726 0.6952093629537656 134
1694357354753 0.692636078150345 135
1694357354783 0.6901744317961231 136
1694357354816 0.6877290241163193 137
1694357354847 0.6852319806438157 138
1694357354877 0.6828453867530927 139
1694357354906 0.6804986889327024 140
1694357354934 0.6781571047410389 141
1694357354962 0.6758483491454766 142
1694357354989 0.6735825524668413 143
1694357355020 0.6713511016310048 144
1694357355048 0.6691204755486685 145
1694357355076 0.6669479448206364 146
1694357355103 0.6647400277491243 147
1694357355131 0.6625733845018434 148
1694357355161 0.6604215817115393 149
1694357355191 0.6583347282698743 150
1694357355218 0.6562487356171155 151
1694357355247 0.6541811934007251 152
1694357355277 0.6522026802109786 153
1694357355313 0.6501418666583878 154
1694357355341 0.648091725002268 155
1694357355382 0.6461094692947945 156
1694357355486 0.6441615719604852 157
1694357355515 0.6422393988195637 158
1694357355540 0.6403070219072959 159
1694357355566 0.6384154396885353 160
1694357355592 0.6364743779707249 161
1694357355619 0.6346438436615377 162
1694357355645 0.632815981652296 163
1694357355670 0.6309805854197008 164
1694357355696 0.6291613820769962 165
1694357355723 0.6273471339041021 166
1694357355749 0.6255871073332481 167
1694357355775 0.6238011287218637 168
1694357355807 0.6220761304346362 169
1694357355838 0.6204075920522182 170
1694357355864 0.6186859263147236 171
1694357355896 0.6170255054787105 172
1694357355923 0.6153540322444055 173
1694357355949 0.6137172746525555 174
1694357355975 0.61210756316772 175
1694357356001 0.6105028561388469 176
1694357356027 0.6088529814016015 177
1694357356056 0.6072825374452024 178
1694357356084 0.6056778313394051 179
1694357356109 0.6041532812077359 180
1694357356135 0.6026385361332962 181
1694357356161 0.6010959187990677 182
1694357356189 0.5995693654936052 183
1694357356215 0.5980556549133383 184
1694357356240 0.5965584381107455 185
1694357356266 0.5950670077882907 186
1694357356297 0.5936100178193978 187
1694357356324 0.5921387825730325 188
1694357356349 0.5906775692466364 189
1694357356401 0.5892613760262684 190
1694357356434 0.5877771256691258 191
1694357356460 0.5863659574315775 192
1694357356524 0.5849840962095639 193
1694357356551 0.583572476439407 194
1694357356579 0.5822302926872053 195
1694357356607 0.5809060214636692 196
1694357356633 0.5795487567515841 197
1694357356659 0.5781766350779479 198
1694357356685 0.5768709353524619 199
1694357356710 0.5755640804478724 200
1694357356735 0.5742658976842081 201
1694357356763 0.5729901799072531 202
1694357356790 0.5716684932209892 203
1694357356822 0.5704038509613664 204
1694357356850 0.5691460840369209 205
1694357356880 0.5678861988194175 206
1694357356907 0.5666120009974334 207
1694357356935 0.5654015555513742 208
1694357356964 0.5642591808130378 209
1694357356992 0.5630446236862923 210
1694357357020 0.5618481525870153 211
1694357357047 0.560658196880483 212
1694357357073 0.5595030370591482 213
1694357357105 0.5583383167744502 214
1694357357134 0.5571344203600129 215
1694357357161 0.555985053974609 216
1694357357189 0.5548306081316499 217
1694357357219 0.5536980524762241 218
1694357357246 0.5525733793674555 219
1694357357274 0.5514849825255425 220
1694357357308 0.5503860715022628 221
1694357357336 0.5492833884358622 222
1694357357364 0.548222456023 223
1694357357391 0.547148071696747 224
1694357357419 0.5460755624287087 225
1694357357447 0.5450030289859629 226
1694357357549 0.5439785622697839 227
1694357357584 0.5429003852198145 228
1694357357609 0.5418155296986127 229
1694357357634 0.5407721123088557 230
1694357357660 0.5397636830406112 231
1694357357684 0.5387409424759726 232
1694357357710 0.5377337094365937 233
1694357357735 0.5367204123112448 234
1694357357762 0.535716930796745 235
1694357357787 0.5347124221799137 236
1694357357819 0.5337101334913561 237
1694357357846 0.532712115048614 238
1694357357871 0.5317678337629709 239
1694357357897 0.5308242685303892 240
1694357357923 0.5298613539859935 241
1694357357948 0.5288971599242279 242
1694357357973 0.5279946331501069 243
1694357357998 0.5270390807303572 244
1694357358025 0.5261035686744359 245
1694357358050 0.52515930700429 246
1694357358075 0.5242360697994067 247
1694357358102 0.5233164915945903 248
1694357358129 0.5224077457297829 249
1694357358155 0.5215021038873718 250
1694357358180 0.5206015724638126 251
1694357358206 0.5197046490835866 252
1694357358232 0.5188313541368448 253
1694357358259 0.5179100990114491 254
1694357358284 0.5170131851980957 255
1694357358315 0.5161491229288057 256
1694357358343 0.515263104400568 257
1694357358367 0.5143989150765044 258
1694357358393 0.5135453289171362 259
1694357358445 0.5127060069455625 260
1694357358473 0.5118763151660468 261
1694357358497 0.5110530359308387 262
1694357358526 0.5102012046357609 263
1694357358552 0.5093691149193146 264
1694357358577 0.5085721293247026 265
1694357358601 0.5077811903175715 266
1694357358628 0.5069715740536828 267
1694357358652 0.5061747679362355 268
1694357358678 0.5053645368841657 269
1694357358703 0.5045519463302612 270
1694357358729 0.5037739724370786 271
1694357358754 0.5029777179398316 272
1694357358781 0.5022111933182359 273
1694357358811 0.5014800579616143 274
1694357358836 0.5007437907747775 275
1694357358862 0.4999765602375458 276
1694357358887 0.4992515998773224 277
1694357358912 0.4985123702661207 278
1694357358937 0.49778583698431816 279
1694357358964 0.49703030847569013 280
1694357358989 0.4962952979050667 281
1694357359015 0.49556995032020024 282
1694357359041 0.4948270045218093 283
1694357359071 0.4940934643689777 284
1694357359096 0.4933817227190538 285
1694357359120 0.4926683510461943 286
1694357359146 0.49195390648740556 287
1694357359172 0.49126591368852096 288
1694357359197 0.49052702925577757 289
1694357359224 0.4897956657097585 290
1694357359249 0.4891292238177522 291
1694357359274 0.4884356767351004 292
1694357359303 0.4877208359074613 293
1694357359328 0.4870247140217648 294
1694357359353 0.48630437542038324 295
1694357359380 0.48559436096368813 296
1694357359405 0.48491152458555836 297
1694357359429 0.48423024805463727 298
1694357359454 0.4835651491924146 299
1694357359479 0.48291322491866334 300
1694357359530 0.48226321030041075 301
1694357359554 0.4816347692111908 302
1694357359602 0.48095833737319454 303
1694357359687 0.4802864347535248 304
1694357359712 0.47963975086312355 305
1694357359742 0.4790413863844639 306
1694357359768 0.4783958298537448 307
1694357359799 0.4777466870010934 308
1694357359826 0.477112908405114 309
1694357359860 0.4764873923098228 310
1694357359884 0.47585666197028653 311
1694357359909 0.47519307354449064 312
1694357359935 0.4745463260379887 313
1694357359960 0.4739111903596992 314
1694357359985 0.4733161442967194 315
1694357360011 0.47269599641450205 316
1694357360036 0.4720431545316508 317
1694357360061 0.47141124766481396 318
1694357360090 0.4707852824984942 319
1694357360114 0.4701922352435271 320
1694357360142 0.4695814722249589 321
1694357360168 0.4689758727449852 322
1694357360194 0.4683810589200445 323
1694357360220 0.46778633246197876 324
1694357360245 0.46718653268766136 325
1694357360273 0.46660235943585343 326
1694357360302 0.46601859141805213 327
1694357360327 0.4654386016227001 328
1694357360351 0.46487183862067943 329
1694357360377 0.4642894587093899 330
1694357360402 0.4637008544543789 331
1694357360437 0.46311870211056033 332
1694357360487 0.46253057789601354 333
1694357360511 0.4619404318868409 334
1694357360535 0.4613394359848104 335
1694357360560 0.46080158120725523 336
1694357360597 0.46022984384861115 337
1694357360623 0.45968675107942497 338
1694357360649 0.45910822382813843 339
1694357360674 0.45855361294985836 340
1694357360699 0.4579678177296121 341
1694357360726 0.45742142950545084 342
1694357360751 0.45687867143244665 343
1694357360779 0.45633664467510515 344
1694357360811 0.4558014586684563 345
1694357360838 0.45524505241259183 346
1694357360864 0.45468993177230405 347
1694357360890 0.4541543234568889 348
1694357360916 0.45360419441887784 349
1694357360944 0.45305573920684816 350
1694357360969 0.4525215984416913 351
1694357360995 0.45201853298134015 352
1694357361022 0.4514961258796242 353
1694357361048 0.4509580869014772 354
1694357361075 0.45045956404700443 355
1694357361099 0.44996509734040163 356
1694357361127 0.4494432560019989 357
1694357361153 0.4489161776695074 358
1694357361183 0.44839836274297934 359
1694357361210 0.44789597376012613 360
1694357361235 0.4473952205637477 361
1694357361264 0.44690219255946756 362
1694357361295 0.4463520194551353 363
1694357361319 0.44585417463527316 364
1694357361346 0.4453276844108302 365
1694357361371 0.44482776398062157 366
1694357361397 0.4442915276476045 367
1694357361423 0.44378207099135264 368
1694357361448 0.443276205159967 369
1694357361473 0.4427918410596464 370
1694357361500 0.44229835295246206 371
1694357361527 0.44180206295884467 372
1694357361577 0.4412888092622095 373
1694357361600 0.44080191373263183 374
1694357361627 0.44030380357084287 375
1694357361651 0.4398461826496817 376
1694357361686 0.43940573455436843 377
1694357361764 0.43889801786244387 378
1694357361799 0.4384236663406077 379
1694357361828 0.43796173934228616 380
1694357361852 0.4374859766337385 381
1694357361879 0.43699683987471605 382
1694357361907 0.4364962575315395 383
1694357361930 0.4360198945138711 384
1694357361955 0.4355201276761722 385
1694357361981 0.43506145757061543 386
1694357362004 0.4346277123500197 387
1694357362028 0.43415353878154656 388
1694357362053 0.4336695115136292 389
1694357362079 0.433198983900257 390
1694357362101 0.4327590907408166 391
1694357362126 0.4322958656383369 392
1694357362150 0.43183720063286 393
1694357362174 0.43135624509666864 394
1694357362200 0.43090090974865974 395
1694357362225 0.4304273130830355 396
1694357362253 0.4299753537283053 397
1694357362279 0.4295209781841566 398
1694357362311 0.4290878826633395 399
1694357362339 0.42863027240304247 400
1694357362364 0.42817685210088585 401
1694357362389 0.4276992009054048 402
1694357362415 0.4272478031101544 403
1694357362439 0.42679571713186126 404
1694357362463 0.42637639754300877 405
1694357362513 0.42592546802716047 406
1694357362537 0.4255101975618273 407
1694357362561 0.42510947386383996 408
1694357362585 0.4246925596561747 409
1694357362613 0.42426976172750525 410
1694357362640 0.423827054712418 411
1694357362664 0.42341821723651435 412
1694357362688 0.4229749932300445 413
1694357362712 0.42255722758574854 414
1694357362736 0.4221191580567516 415
1694357362763 0.42172980962497725 416
1694357362788 0.42129373790083574 417
1694357362818 0.42089227880114355 418
1694357362844 0.4204966530153545 419
1694357362870 0.42007408549782727 420
1694357362896 0.419662463157333 421
1694357362920 0.4192533287541946 422
1694357362944 0.4188525838530321 423
1694357362968 0.41844833981632445 424
1694357363002 0.4180227581977339 425
1694357363027 0.41761518982879875 426
1694357363051 0.4172064682103573 427
1694357363076 0.4167935503127556 428
1694357363100 0.41636639001026615 429
1694357363129 0.4159521633488728 430
1694357363154 0.4155368625177575 431
1694357363179 0.4151026632733427 432
1694357363205 0.4146905388125678 433
1694357363231 0.4142746877417139 434
1694357363254 0.4138853094329979 435
1694357363279 0.41347154251898877 436
1694357363309 0.4130714087476866 437
1694357363335 0.4126699052581904 438
1694357363360 0.4122413405862718 439
1694357363384 0.41183090677983747 440
1694357363409 0.41142949494598235 441
1694357363434 0.41099312846493474 442
1694357363460 0.4106017004039988 443
1694357363485 0.41017422398831177 444
1694357363511 0.40977731793073396 445
1694357363536 0.40939291496080027 446
1694357363562 0.4090337559909145 447
1694357363612 0.4086388487335058 448
1694357363639 0.40826364404265736 449
1694357363664 0.40786745168802474 450
1694357363689 0.4074640374900529 451
1694357363713 0.4070878122598803 452
1694357363737 0.40670632178505406 453
1694357363761 0.40633620627638717 454
1694357363800 0.40595090147321533 455
1694357363863 0.4055461668842983 456
1694357363891 0.4051635004820797 457
1694357363941 0.4047908828036939 458
1694357363966 0.40440701030635046 459
1694357363991 0.4040318371229559 460
1694357364016 0.4036565796426117 461
1694357364040 0.4032756875860113 462
1694357364065 0.40287885477116603 463
1694357364093 0.40249754618194117 464
1694357364118 0.4021276430758964 465
1694357364142 0.4017925629728434 466
1694357364165 0.401435588597061 467
1694357364190 0.40107415946606145 468
1694357364215 0.4007086523937352 469
1694357364240 0.4003425253642525 470
1694357364265 0.4000162630927927 471
1694357364292 0.3996398847878889 472
1694357364321 0.39927354490808714 473
1694357364345 0.3989127640787633 474
1694357364374 0.39856234577921557 475
1694357364398 0.3981922634436928 476
1694357364422 0.39782059489859833 477
1694357364459 0.39745525534983606 478
1694357364485 0.39709268614967813 479
1694357364510 0.3967323563712272 480
1694357364560 0.3963582128767079 481
1694357364586 0.39598888172755503 482
1694357364611 0.3956171537942193 483
1694357364636 0.3952896089971544 484
1694357364663 0.39496046131356577 485
1694357364687 0.3946021132326677 486
1694357364712 0.3942589874898707 487
1694357364736 0.3938983992508376 488
1694357364761 0.3935325840292696 489
1694357364790 0.3931775944389468 490
1694357364815 0.39282724254327306 491
1694357364843 0.39249690089583594 492
1694357364868 0.3921248180704799 493
1694357364897 0.3918004673541727 494
1694357364921 0.39148077112183416 495
1694357364945 0.39116150239139896 496
1694357364970 0.39080471667862254 497
1694357364995 0.3904370306919766 498
1694357365019 0.3900832201235721 499
1694357365126 0.3900832201235721 500
