1694356705099 1.9110737750511635 0
1694356705173 1.8744299169026644 1
1694356705199 1.841571881589343 2
1694356705232 1.8099558342036932 3
1694356705287 1.7803085926992104 4
1694356705311 1.752261784735173 5
1694356705343 1.7254122122273436 6
1694356705368 1.699941514831035 7
1694356705393 1.675339338224722 8
1694356705418 1.6516251761332177 9
1694356705444 1.6288789110515 10
1694356705468 1.6070422368481192 11
1694356705493 1.5857869743157909 12
1694356705523 1.5653826456693032 13
1694356705550 1.5457332935638408 14
1694356705641 1.5267389870915227 15
1694356705665 1.5080347296819185 16
1694356705692 1.4901156306292003 17
1694356705716 1.4727385910414323 18
1694356705740 1.4557310099367011 19
1694356705765 1.4395554408650757 20
1694356705790 1.4233418051685431 21
1694356705815 1.4077319231667227 22
1694356705841 1.3927205069251518 23
1694356705869 1.3778810268977963 24
1694356705894 1.3634646245426283 25
1694356705919 1.3493235150227207 26
1694356705946 1.3353564253672225 27
1694356705972 1.3217511881053345 28
1694356705999 1.308551880137504 29
1694356706030 1.2958677377130816 30
1694356706055 1.283311015861361 31
1694356706082 1.2709762235074749 32
1694356706107 1.2589524445390983 33
1694356706133 1.2472622066011696 34
1694356706159 1.235802789914359 35
1694356706190 1.2243951550580165 36
1694356706224 1.213455495382681 37
1694356706283 1.2026996720329552 38
1694356706309 1.192142072362815 39
1694356706362 1.1818871322658056 40
1694356706389 1.1716894029480385 41
1694356706413 1.1619335442975298 42
1694356706442 1.1521772361295612 43
1694356706468 1.1425638718989106 44
1694356706521 1.1331711420571855 45
1694356706546 1.1238516978112691 46
1694356706573 1.1149037590858832 47
1694356706603 1.1058724478256556 48
1694356706630 1.097238797208409 49
1694356706657 1.0887385479569798 50
1694356706687 1.0803615638730864 51
1694356706714 1.0721154450132409 52
1694356706740 1.0639776332716415 53
1694356706765 1.0561128800194644 54
1694356706791 1.0482993667044376 55
1694356706815 1.0406183269893365 56
1694356706840 1.033068657377852 57
1694356706866 1.0255668727052343 58
1694356706896 1.0183064574037377 59
1694356706921 1.0112056608844493 60
1694356706947 1.004097638693622 61
1694356706971 0.9971787192288819 62
1694356706998 0.9904118878701443 63
1694356707029 0.9835838499861751 64
1694356707055 0.9770603182279118 65
1694356707082 0.9706450496955894 66
1694356707113 0.9643001177285998 67
1694356707141 0.9580591615175468 68
1694356707191 0.9518460631493559 69
1694356707216 0.945807039221162 70
1694356707241 0.9398874736814012 71
1694356707266 0.9340185962488574 72
1694356707297 0.9282613723172871 73
1694356707321 0.9225072479184371 74
1694356707347 0.9168140144040207 75
1694356707373 0.9112155846774049 76
1694356707399 0.9058474938312516 77
1694356707424 0.9004996639216956 78
1694356707450 0.8951956485546014 79
1694356707479 0.8900272653363183 80
1694356707504 0.884943769119168 81
1694356707535 0.8799453062001745 82
1694356707562 0.87493590936525 83
1694356707588 0.8700605467571021 84
1694356707617 0.8652682682537377 85
1694356707645 0.8604604253929683 86
1694356707670 0.8558118065820982 87
1694356707696 0.8512178640810779 88
1694356707723 0.8466945219880279 89
1694356707749 0.8422413233784191 90
1694356707778 0.8378488807732722 91
1694356707803 0.8335792239434068 92
1694356707830 0.829332910094679 93
1694356707857 0.825152673920485 94
1694356707882 0.820953449542494 95
1694356707908 0.8168426077077846 96
1694356707935 0.8128792198176491 97
1694356707961 0.8089543829650915 98
1694356707986 0.8050386383220363 99
1694356708017 0.8012003226208658 100
1694356708044 0.7973748246313234 101
1694356708069 0.7936435579675368 102
1694356708095 0.7898993590535542 103
1694356708120 0.7862241246594326 104
1694356708148 0.7825911664248764 105
1694356708174 0.779067348678767 106
1694356708200 0.7755533502795957 107
1694356708227 0.771988171739234 108
1694356708253 0.7685120734276727 109
1694356708283 0.7651131451001544 110
1694356708309 0.7616656998052477 111
1694356708335 0.7583607137531477 112
1694356708374 0.7551895130740699 113
1694356708429 0.7519624117291398 114
1694356708478 0.7487964597206801 115
1694356708504 0.7456740931486536 116
1694356708566 0.7426343217006104 117
1694356708592 0.7395110791140143 118
1694356708617 0.7365027838578581 119
1694356708647 0.7335258283538536 120
1694356708673 0.7305139041581362 121
1694356708701 0.7276032012820891 122
1694356708727 0.7247172237926857 123
1694356708753 0.721866490931217 124
1694356708779 0.7190220890738251 125
1694356708804 0.7162449133220543 126
1694356708830 0.7134574662704715 127
1694356708857 0.7107814867104986 128
1694356708883 0.7081414009575716 129
1694356708910 0.7055096462722509 130
1694356708936 0.7028831562753877 131
1694356708963 0.700237123628649 132
1694356708989 0.6977471265804644 133
1694356709014 0.6952093629537656 134
1694356709045 0.692636078150345 135
1694356709073 0.6901744317961231 136
1694356709099 0.6877290241163193 137
1694356709125 0.6852319806438157 138
1694356709150 0.6828453867530927 139
1694356709204 0.6804986889327025 140
1694356709548 0.6781571047410389 141
1694356709581 0.6758483491454766 142
1694356709607 0.6735825524668413 143
1694356709637 0.6713511016310049 144
1694356709662 0.6691204755486686 145
1694356709689 0.6669479448206364 146
1694356709715 0.6647400277491243 147
1694356709742 0.6625733845018434 148
1694356709767 0.6604215817115393 149
1694356709797 0.6583347282698743 150
1694356709823 0.6562487356171155 151
1694356709853 0.6541811934007251 152
1694356709879 0.6522026802109786 153
1694356709905 0.6501418666583879 154
1694356709931 0.648091725002268 155
1694356709958 0.6461094692947945 156
1694356709984 0.6441615719604852 157
1694356710013 0.6422393988195637 158
1694356710040 0.6403070219072958 159
1694356710067 0.6384154396885351 160
1694356710094 0.6364743779707248 161
1694356710121 0.6346438436615377 162
1694356710148 0.632815981652296 163
1694356710185 0.6309805854197008 164
1694356710212 0.6291613820769961 165
1694356710242 0.6273471339041021 166
1694356710269 0.6255871073332481 167
1694356710295 0.6238011287218636 168
1694356710321 0.6220761304346362 169
1694356710349 0.6204075920522181 170
1694356710375 0.6186859263147236 171
1694356710401 0.6170255054787106 172
1694356710429 0.6153540322444055 173
1694356710455 0.6137172746525554 174
1694356710558 0.61210756316772 175
1694356710607 0.6105028561388468 176
1694356710632 0.6088529814016015 177
1694356710660 0.6072825374452023 178
1694356710685 0.6056778313394051 179
1694356710711 0.6041532812077359 180
1694356710737 0.6026385361332963 181
1694356710769 0.6010959187990677 182
1694356710799 0.5995693654936052 183
1694356710827 0.5980556549133385 184
1694356710854 0.5965584381107456 185
1694356710881 0.5950670077882907 186
1694356710906 0.5936100178193978 187
1694356710933 0.5921387825730325 188
1694356710960 0.5906775692466364 189
1694356710986 0.5892613760262684 190
1694356711015 0.5877771256691258 191
1694356711044 0.5863659574315776 192
1694356711070 0.5849840962095639 193
1694356711101 0.583572476439407 194
1694356711127 0.5822302926872053 195
1694356711153 0.5809060214636691 196
1694356711178 0.5795487567515841 197
1694356711205 0.5781766350779479 198
1694356711256 0.576870935352462 199
1694356711280 0.5755640804478724 200
1694356711309 0.5742658976842082 201
1694356711344 0.5729901799072531 202
1694356711374 0.5716684932209892 203
1694356711403 0.5704038509613664 204
1694356711434 0.5691460840369209 205
1694356711465 0.5678861988194175 206
1694356711490 0.5666120009974334 207
1694356711519 0.5654015555513741 208
1694356711544 0.5642591808130378 209
1694356711572 0.5630446236862923 210
1694356711598 0.5618481525870154 211
1694356711623 0.5606581968804829 212
1694356711647 0.5595030370591482 213
1694356711674 0.5583383167744502 214
1694356711699 0.5571344203600129 215
1694356711724 0.5559850539746088 216
1694356711750 0.55483060813165 217
1694356711777 0.5536980524762241 218
1694356711803 0.5525733793674555 219
1694356711828 0.5514849825255426 220
1694356711855 0.5503860715022628 221
1694356711883 0.5492833884358622 222
1694356711909 0.548222456023 223
1694356711933 0.547148071696747 224
1694356711958 0.5460755624287088 225
1694356711982 0.5450030289859628 226
1694356712013 0.5439785622697839 227
1694356712039 0.5429003852198144 228
1694356712064 0.5418155296986127 229
1694356712089 0.5407721123088557 230
1694356712114 0.5397636830406112 231
1694356712142 0.5387409424759727 232
1694356712167 0.5377337094365936 233
1694356712194 0.5367204123112449 234
1694356712220 0.535716930796745 235
1694356712249 0.5347124221799137 236
1694356712276 0.5337101334913561 237
1694356712303 0.532712115048614 238
1694356712331 0.531767833762971 239
1694356712358 0.5308242685303892 240
1694356712389 0.5298613539859935 241
1694356712415 0.5288971599242278 242
1694356712443 0.5279946331501068 243
1694356712470 0.5270390807303572 244
1694356712497 0.5261035686744358 245
1694356712529 0.52515930700429 246
1694356712662 0.5242360697994067 247
1694356712688 0.5233164915945903 248
1694356712713 0.5224077457297829 249
1694356712737 0.5215021038873717 250
1694356712762 0.5206015724638126 251
1694356712787 0.5197046490835866 252
1694356712811 0.5188313541368448 253
1694356712837 0.5179100990114492 254
1694356712863 0.5170131851980958 255
1694356712986 0.5161491229288058 256
1694356713020 0.515263104400568 257
1694356713044 0.5143989150765044 258
1694356713069 0.5135453289171362 259
1694356713094 0.5127060069455626 260
1694356713119 0.5118763151660469 261
1694356713145 0.5110530359308387 262
1694356713169 0.5102012046357609 263
1694356713194 0.5093691149193146 264
1694356713220 0.5085721293247026 265
1694356713245 0.5077811903175715 266
1694356713298 0.5069715740536828 267
1694356713326 0.5061747679362355 268
1694356713350 0.5053645368841657 269
1694356713378 0.5045519463302613 270
1694356713403 0.5037739724370786 271
1694356713428 0.5029777179398316 272
1694356713452 0.5022111933182359 273
1694356713478 0.5014800579616143 274
1694356713505 0.5007437907747775 275
1694356713535 0.4999765602375458 276
1694356713562 0.49925159987732237 277
1694356713590 0.4985123702661206 278
1694356713619 0.49778583698431816 279
1694356713647 0.49703030847569013 280
1694356713673 0.4962952979050667 281
1694356713702 0.4955699503202001 282
1694356713727 0.4948270045218093 283
1694356713751 0.4940934643689777 284
1694356713777 0.4933817227190538 285
1694356713806 0.49266835104619433 286
1694356713831 0.49195390648740556 287
1694356713856 0.49126591368852096 288
1694356713881 0.49052702925577757 289
1694356713909 0.4897956657097585 290
1694356713935 0.4891292238177522 291
1694356713960 0.4884356767351004 292
1694356713985 0.48772083590746135 293
1694356714015 0.4870247140217648 294
1694356714040 0.4863043754203834 295
1694356714065 0.48559436096368813 296
1694356714089 0.48491152458555836 297
1694356714114 0.48423024805463727 298
1694356714143 0.4835651491924146 299
1694356714171 0.48291322491866334 300
1694356714200 0.4822632103004108 301
1694356714232 0.4816347692111908 302
1694356714264 0.4809583373731944 303
1694356714293 0.4802864347535248 304
1694356714322 0.47963975086312344 305
1694356714348 0.4790413863844639 306
1694356714373 0.4783958298537447 307
1694356714399 0.4777466870010934 308
1694356714426 0.477112908405114 309
1694356714451 0.4764873923098228 310
1694356714477 0.4758566619702867 311
1694356714503 0.47519307354449064 312
1694356714534 0.47454632603798874 313
1694356714559 0.4739111903596992 314
1694356714584 0.4733161442967193 315
1694356714611 0.47269599641450205 316
1694356714662 0.4720431545316508 317
1694356714693 0.47141124766481407 318
1694356714839 0.4707852824984941 319
1694356714868 0.4701922352435271 320
1694356714897 0.469581472224959 321
1694356714924 0.4689758727449852 322
1694356714951 0.4683810589200445 323
1694356714976 0.46778633246197876 324
1694356715000 0.46718653268766136 325
1694356715030 0.4666023594358535 326
1694356715057 0.46601859141805213 327
1694356715081 0.4654386016227001 328
1694356715105 0.4648718386206795 329
1694356715132 0.46428945870939 330
1694356715158 0.4637008544543788 331
1694356715184 0.46311870211056033 332
1694356715209 0.46253057789601354 333
1694356715235 0.4619404318868408 334
1694356715266 0.4613394359848104 335
1694356715320 0.46080158120725523 336
1694356715350 0.46022984384861115 337
1694356715378 0.45968675107942497 338
1694356715407 0.45910822382813843 339
1694356715432 0.45855361294985836 340
1694356715457 0.4579678177296121 341
1694356715483 0.4574214295054508 342
1694356715513 0.45687867143244665 343
1694356715539 0.45633664467510515 344
1694356715564 0.4558014586684563 345
1694356715589 0.45524505241259194 346
1694356715616 0.454689931772304 347
1694356715641 0.4541543234568889 348
1694356715666 0.45360419441887795 349
1694356715690 0.45305573920684816 350
1694356715718 0.4525215984416914 351
1694356715748 0.4520185329813402 352
1694356715779 0.45149612587962423 353
1694356715811 0.4509580869014772 354
1694356715844 0.4504595640470044 355
1694356715871 0.44996509734040163 356
1694356715911 0.4494432560019989 357
1694356715943 0.4489161776695074 358
1694356715970 0.44839836274297934 359
1694356715996 0.44789597376012613 360
1694356716180 0.44739522056374764 361
1694356716211 0.44690219255946756 362
1694356716242 0.4463520194551353 363
1694356716278 0.44585417463527316 364
1694356716304 0.44532768441083026 365
1694356716330 0.44482776398062157 366
1694356716356 0.4442915276476045 367
1694356716383 0.44378207099135264 368
1694356716409 0.443276205159967 369
1694356716435 0.4427918410596465 370
1694356716461 0.44229835295246206 371
1694356716487 0.44180206295884467 372
1694356716521 0.4412888092622095 373
1694356716552 0.44080191373263183 374
1694356716585 0.44030380357084287 375
1694356716613 0.4398461826496817 376
1694356716646 0.43940573455436854 377
1694356716698 0.4388980178624438 378
1694356716721 0.4384236663406077 379
1694356716749 0.43796173934228616 380
1694356716840 0.4374859766337385 381
1694356716886 0.4369968398747161 382
1694356716910 0.4364962575315395 383
1694356716935 0.43601989451387096 384
1694356716959 0.4355201276761722 385
1694356716989 0.43506145757061554 386
1694356717022 0.4346277123500197 387
1694356717050 0.43415353878154656 388
1694356717080 0.43366951151362926 389
1694356717111 0.4331989839002569 390
1694356717137 0.4327590907408167 391
1694356717162 0.4322958656383369 392
1694356717186 0.43183720063286 393
1694356717211 0.43135624509666876 394
1694356717237 0.43090090974865974 395
1694356717261 0.4304273130830355 396
1694356717286 0.4299753537283052 397
1694356717312 0.4295209781841565 398
1694356717362 0.4290878826633395 399
1694356717387 0.4286302724030425 400
1694356717416 0.428176852100886 401
1694356717449 0.42769920090540486 402
1694356717482 0.42724780311015437 403
1694356717518 0.42679571713186126 404
1694356717549 0.4263763975430086 405
1694356717579 0.4259254680271605 406
1694356717605 0.42551019756182734 407
1694356717629 0.42510947386384 408
1694356717655 0.4246925596561747 409
1694356717681 0.42426976172750525 410
1694356717706 0.42382705471241805 411
1694356717730 0.42341821723651435 412
1694356717757 0.4229749932300446 413
1694356717781 0.42255722758574854 414
1694356717805 0.42211915805675154 415
1694356717828 0.42172980962497725 416
1694356717853 0.42129373790083585 417
1694356717878 0.42089227880114355 418
1694356717903 0.4204966530153545 419
1694356717932 0.42007408549782715 420
1694356717956 0.419662463157333 421
1694356717982 0.41925332875419463 422
1694356718006 0.4188525838530321 423
1694356718036 0.4184483398163244 424
1694356718060 0.4180227581977339 425
1694356718087 0.41761518982879864 426
1694356718117 0.41720646821035734 427
1694356718147 0.41679355031275567 428
1694356718178 0.41636639001026615 429
1694356718206 0.4159521633488728 430
1694356718236 0.41553686251775745 431
1694356718265 0.4151026632733426 432
1694356718290 0.4146905388125679 433
1694356718316 0.4142746877417139 434
1694356718340 0.4138853094329979 435
1694356718364 0.41347154251898877 436
1694356718390 0.4130714087476866 437
1694356718415 0.4126699052581904 438
1694356718445 0.4122413405862718 439
1694356718470 0.41183090677983747 440
1694356718495 0.41142949494598235 441
1694356718526 0.41099312846493474 442
1694356718554 0.4106017004039988 443
1694356718581 0.41017422398831177 444
1694356718768 0.4097773179307341 445
1694356718793 0.40939291496080027 446
1694356718817 0.4090337559909146 447
1694356718842 0.40863884873350587 448
1694356718868 0.40826364404265736 449
1694356718901 0.4078674516880248 450
1694356718932 0.4074640374900529 451
1694356719028 0.4070878122598804 452
1694356719051 0.40670632178505406 453
1694356719102 0.40633620627638717 454
1694356719145 0.40595090147321533 455
1694356719179 0.4055461668842983 456
1694356719220 0.40516350048207966 457
1694356719252 0.404790882803694 458
1694356719286 0.40440701030635046 459
1694356719319 0.4040318371229559 460
1694356719380 0.4036565796426118 461
1694356719407 0.4032756875860113 462
1694356719439 0.40287885477116603 463
1694356719483 0.4024975461819411 464
1694356719512 0.4021276430758964 465
1694356719544 0.4017925629728434 466
1694356719605 0.40143558859706113 467
1694356719644 0.40107415946606156 468
1694356719674 0.4007086523937352 469
1694356719703 0.4003425253642525 470
1694356719734 0.4000162630927927 471
1694356719768 0.3996398847878889 472
1694356719801 0.39927354490808714 473
1694356719834 0.3989127640787633 474
1694356719866 0.39856234577921557 475
1694356719898 0.3981922634436928 476
1694356719923 0.39782059489859833 477
1694356719947 0.39745525534983595 478
1694356719972 0.39709268614967813 479
1694356719998 0.3967323563712272 480
1694356720027 0.3963582128767079 481
1694356720052 0.39598888172755503 482
1694356720077 0.39561715379421936 483
1694356720102 0.3952896089971544 484
1694356720126 0.39496046131356577 485
1694356720180 0.3946021132326677 486
1694356720221 0.3942589874898707 487
1694356720254 0.39389839925083747 488
1694356720287 0.39353258402926955 489
1694356720317 0.3931775944389468 490
1694356720348 0.39282724254327306 491
1694356720382 0.39249690089583594 492
1694356720414 0.39212481807047983 493
1694356720439 0.3918004673541727 494
1694356720464 0.39148077112183416 495
1694356720489 0.39116150239139896 496
1694356720514 0.39080471667862243 497
1694356720546 0.3904370306919765 498
1694356720571 0.3900832201235722 499
1694356720680 0.3900832201235722 500
