1694358071089 1.9110737750511635 0
1694358071130 1.8744299169026646 1
1694358071161 1.841571881589343 2
1694358071185 1.809955834203693 3
1694358071217 1.7803085926992104 4
1694358071242 1.752261784735173 5
1694358071268 1.7254122122273436 6
1694358071298 1.699941514831035 7
1694358071323 1.6753393382247221 8
1694358071348 1.6516251761332177 9
1694358071373 1.6288789110515 10
1694358071397 1.6070422368481196 11
1694358071427 1.5857869743157909 12
1694358071452 1.5653826456693032 13
1694358071477 1.5457332935638408 14
1694358071546 1.5267389870915227 15
1694358071642 1.5080347296819185 16
1694358071667 1.4901156306292007 17
1694358071694 1.4727385910414323 18
1694358071719 1.4557310099367011 19
1694358071744 1.4395554408650757 20
1694358071794 1.4233418051685436 21
1694358071819 1.4077319231667227 22
1694358071843 1.392720506925152 23
1694358071867 1.3778810268977963 24
1694358071896 1.363464624542628 25
1694358071922 1.3493235150227207 26
1694358071958 1.3353564253672225 27
1694358071984 1.3217511881053345 28
1694358072010 1.308551880137504 29
1694358072035 1.2958677377130816 30
1694358072061 1.283311015861361 31
1694358072092 1.2709762235074749 32
1694358072117 1.2589524445390983 33
1694358072155 1.2472622066011696 34
1694358072181 1.2358027899143587 35
1694358072206 1.2243951550580165 36
1694358072231 1.213455495382681 37
1694358072257 1.2026996720329552 38
1694358072283 1.192142072362815 39
1694358072309 1.1818871322658058 40
1694358072334 1.1716894029480385 41
1694358072360 1.1619335442975298 42
1694358072386 1.1521772361295612 43
1694358072413 1.1425638718989106 44
1694358072438 1.1331711420571857 45
1694358072464 1.1238516978112694 46
1694358072493 1.114903759085883 47
1694358072518 1.1058724478256556 48
1694358072544 1.0972387972084088 49
1694358072574 1.0887385479569798 50
1694358072605 1.0803615638730864 51
1694358072632 1.0721154450132409 52
1694358072657 1.0639776332716415 53
1694358072683 1.0561128800194646 54
1694358072711 1.0482993667044376 55
1694358072737 1.0406183269893365 56
1694358072762 1.033068657377852 57
1694358072788 1.0255668727052343 58
1694358072814 1.0183064574037377 59
1694358072841 1.0112056608844493 60
1694358072892 1.004097638693622 61
1694358072918 0.9971787192288819 62
1694358072942 0.9904118878701443 63
1694358072967 0.9835838499861753 64
1694358072997 0.977060318227912 65
1694358073023 0.9706450496955895 66
1694358073048 0.9643001177286 67
1694358073077 0.9580591615175467 68
1694358073102 0.9518460631493559 69
1694358073128 0.9458070392211619 70
1694358073152 0.9398874736814012 71
1694358073178 0.9340185962488573 72
1694358073205 0.9282613723172871 73
1694358073232 0.9225072479184371 74
1694358073257 0.9168140144040207 75
1694358073283 0.9112155846774049 76
1694358073309 0.9058474938312517 77
1694358073336 0.9004996639216953 78
1694358073362 0.8951956485546014 79
1694358073390 0.8900272653363183 80
1694358073417 0.884943769119168 81
1694358073444 0.8799453062001745 82
1694358073472 0.8749359093652499 83
1694358073502 0.8700605467571021 84
1694358073533 0.8652682682537376 85
1694358073561 0.8604604253929683 86
1694358073594 0.8558118065820984 87
1694358073621 0.8512178640810778 88
1694358073688 0.846694521988028 89
1694358073715 0.8422413233784191 90
1694358073772 0.8378488807732724 91
1694358073801 0.8335792239434068 92
1694358073843 0.829332910094679 93
1694358073869 0.8251526739204851 94
1694358073894 0.8209534495424943 95
1694358073919 0.8168426077077846 96
1694358073945 0.8128792198176491 97
1694358073971 0.8089543829650915 98
1694358073997 0.8050386383220363 99
1694358074023 0.8012003226208658 100
1694358074050 0.7973748246313237 101
1694358074077 0.7936435579675367 102
1694358074108 0.7898993590535542 103
1694358074136 0.7862241246594326 104
1694358074162 0.7825911664248764 105
1694358074187 0.779067348678767 106
1694358074215 0.7755533502795957 107
1694358074239 0.771988171739234 108
1694358074265 0.7685120734276727 109
1694358074291 0.7651131451001546 110
1694358074316 0.7616656998052477 111
1694358074342 0.7583607137531477 112
1694358074373 0.7551895130740699 113
1694358074398 0.7519624117291398 114
1694358074424 0.7487964597206801 115
1694358074449 0.7456740931486536 116
1694358074476 0.7426343217006104 117
1694358074502 0.7395110791140143 118
1694358074526 0.7365027838578581 119
1694358074551 0.7335258283538536 120
1694358074584 0.7305139041581362 121
1694358074614 0.7276032012820891 122
1694358074642 0.7247172237926857 123
1694358074667 0.721866490931217 124
1694358074693 0.7190220890738251 125
1694358074718 0.7162449133220544 126
1694358074744 0.7134574662704715 127
1694358074770 0.7107814867104987 128
1694358074797 0.7081414009575715 129
1694358074823 0.7055096462722509 130
1694358074853 0.7028831562753877 131
1694358074878 0.7002371236286491 132
1694358074929 0.6977471265804644 133
1694358074954 0.6952093629537657 134
1694358074978 0.692636078150345 135
1694358075004 0.6901744317961231 136
1694358075033 0.6877290241163194 137
1694358075060 0.6852319806438159 138
1694358075092 0.6828453867530928 139
1694358075118 0.6804986889327025 140
1694358075147 0.6781571047410389 141
1694358075174 0.6758483491454766 142
1694358075201 0.6735825524668414 143
1694358075227 0.6713511016310049 144
1694358075252 0.6691204755486686 145
1694358075282 0.6669479448206365 146
1694358075310 0.6647400277491243 147
1694358075339 0.6625733845018436 148
1694358075366 0.6604215817115394 149
1694358075394 0.6583347282698743 150
1694358075422 0.6562487356171155 151
1694358075450 0.6541811934007251 152
1694358075477 0.6522026802109786 153
1694358075527 0.6501418666583878 154
1694358075554 0.648091725002268 155
1694358075584 0.6461094692947945 156
1694358075611 0.6441615719604852 157
1694358075637 0.6422393988195637 158
1694358075665 0.6403070219072958 159
1694358075691 0.6384154396885351 160
1694358075718 0.6364743779707249 161
1694358075794 0.6346438436615377 162
1694358075821 0.632815981652296 163
1694358075888 0.6309805854197008 164
1694358075913 0.6291613820769962 165
1694358075940 0.6273471339041021 166
1694358075979 0.6255871073332481 167
1694358076006 0.6238011287218637 168
1694358076031 0.6220761304346362 169
1694358076057 0.6204075920522182 170
1694358076091 0.6186859263147236 171
1694358076116 0.6170255054787104 172
1694358076142 0.6153540322444055 173
1694358076170 0.6137172746525554 174
1694358076197 0.61210756316772 175
1694358076224 0.6105028561388468 176
1694358076250 0.6088529814016015 177
1694358076277 0.6072825374452023 178
1694358076303 0.6056778313394051 179
1694358076328 0.6041532812077359 180
1694358076353 0.6026385361332962 181
1694358076378 0.6010959187990677 182
1694358076404 0.5995693654936052 183
1694358076429 0.5980556549133385 184
1694358076455 0.5965584381107456 185
1694358076483 0.5950670077882907 186
1694358076509 0.5936100178193978 187
1694358076536 0.5921387825730327 188
1694358076563 0.5906775692466364 189
1694358076592 0.5892613760262686 190
1694358076619 0.5877771256691258 191
1694358076643 0.5863659574315775 192
1694358076669 0.5849840962095639 193
1694358076694 0.583572476439407 194
1694358076723 0.5822302926872053 195
1694358076749 0.5809060214636692 196
1694358076775 0.5795487567515841 197
1694358076800 0.5781766350779479 198
1694358076826 0.576870935352462 199
1694358076851 0.5755640804478724 200
1694358076877 0.5742658976842082 201
1694358076903 0.5729901799072531 202
1694358076954 0.5716684932209892 203
1694358076979 0.5704038509613664 204
1694358077006 0.5691460840369209 205
1694358077031 0.5678861988194175 206
1694358077056 0.5666120009974334 207
1694358077086 0.5654015555513741 208
1694358077112 0.5642591808130378 209
1694358077137 0.5630446236862923 210
1694358077162 0.5618481525870153 211
1694358077187 0.560658196880483 212
1694358077213 0.5595030370591482 213
1694358077243 0.5583383167744502 214
1694358077269 0.5571344203600129 215
1694358077296 0.555985053974609 216
1694358077324 0.5548306081316499 217
1694358077350 0.5536980524762242 218
1694358077376 0.5525733793674555 219
1694358077400 0.5514849825255426 220
1694358077428 0.5503860715022627 221
1694358077453 0.5492833884358622 222
1694358077479 0.548222456023 223
1694358077504 0.547148071696747 224
1694358077530 0.5460755624287089 225
1694358077557 0.5450030289859628 226
1694358077588 0.5439785622697839 227
1694358077613 0.5429003852198143 228
1694358077639 0.5418155296986128 229
1694358077667 0.5407721123088557 230
1694358077692 0.5397636830406112 231
1694358077717 0.5387409424759727 232
1694358077742 0.5377337094365937 233
1694358077769 0.5367204123112448 234
1694358077797 0.535716930796745 235
1694358077823 0.5347124221799137 236
1694358077849 0.5337101334913561 237
1694358077972 0.532712115048614 238
1694358077999 0.5317678337629711 239
1694358078023 0.5308242685303892 240
1694358078048 0.5298613539859935 241
1694358078078 0.5288971599242278 242
1694358078102 0.5279946331501069 243
1694358078127 0.5270390807303572 244
1694358078156 0.5261035686744359 245
1694358078182 0.52515930700429 246
1694358078206 0.5242360697994067 247
1694358078232 0.5233164915945903 248
1694358078258 0.5224077457297828 249
1694358078282 0.5215021038873717 250
1694358078311 0.5206015724638124 251
1694358078335 0.5197046490835865 252
1694358078360 0.5188313541368448 253
1694358078385 0.5179100990114492 254
1694358078411 0.5170131851980958 255
1694358078437 0.5161491229288058 256
1694358078461 0.515263104400568 257
1694358078487 0.5143989150765044 258
1694358078515 0.5135453289171362 259
1694358078539 0.5127060069455625 260
1694358078564 0.5118763151660469 261
1694358078595 0.5110530359308387 262
1694358078620 0.510201204635761 263
1694358078645 0.5093691149193146 264
1694358078670 0.5085721293247026 265
1694358078696 0.5077811903175715 266
1694358078721 0.5069715740536828 267
1694358078746 0.5061747679362355 268
1694358078770 0.5053645368841656 269
1694358078794 0.5045519463302612 270
1694358078819 0.5037739724370786 271
1694358078847 0.5029777179398316 272
1694358078873 0.5022111933182358 273
1694358078898 0.5014800579616143 274
1694358078923 0.5007437907747775 275
1694358078949 0.4999765602375458 276
1694358078999 0.4992515998773224 277
1694358079025 0.4985123702661206 278
1694358079050 0.49778583698431816 279
1694358079080 0.49703030847569013 280
1694358079105 0.49629529790506666 281
1694358079130 0.4955699503202001 282
1694358079157 0.4948270045218093 283
1694358079182 0.4940934643689777 284
1694358079207 0.49338172271905384 285
1694358079231 0.49266835104619433 286
1694358079259 0.49195390648740556 287
1694358079284 0.49126591368852096 288
1694358079311 0.49052702925577757 289
1694358079339 0.4897956657097586 290
1694358079368 0.4891292238177522 291
1694358079395 0.4884356767351004 292
1694358079422 0.48772083590746135 293
1694358079449 0.4870247140217648 294
1694358079475 0.4863043754203834 295
1694358079501 0.4855943609636882 296
1694358079532 0.4849115245855585 297
1694358079559 0.48423024805463727 298
1694358079590 0.48356514919241467 299
1694358079616 0.48291322491866334 300
1694358079643 0.48226321030041075 301
1694358079671 0.4816347692111908 302
1694358079698 0.48095833737319454 303
1694358079722 0.4802864347535248 304
1694358079745 0.47963975086312355 305
1694358079770 0.479041386384464 306
1694358079795 0.4783958298537447 307
1694358079819 0.4777466870010934 308
1694358079844 0.477112908405114 309
1694358079868 0.4764873923098227 310
1694358079897 0.4758566619702867 311
1694358079947 0.47519307354449064 312
1694358080021 0.47454632603798874 313
1694358080070 0.4739111903596992 314
1694358080102 0.4733161442967193 315
1694358080127 0.472695996414502 316
1694358080155 0.4720431545316507 317
1694358080179 0.47141124766481407 318
1694358080206 0.4707852824984941 319
1694358080230 0.4701922352435271 320
1694358080257 0.469581472224959 321
1694358080282 0.4689758727449852 322
1694358080306 0.4683810589200446 323
1694358080333 0.46778633246197876 324
1694358080356 0.46718653268766136 325
1694358080382 0.46660235943585343 326
1694358080407 0.46601859141805213 327
1694358080436 0.4654386016227001 328
1694358080460 0.4648718386206795 329
1694358080484 0.46428945870939 330
1694358080510 0.4637008544543788 331
1694358080539 0.46311870211056033 332
1694358080564 0.46253057789601365 333
1694358080598 0.4619404318868409 334
1694358080624 0.46133943598481036 335
1694358080651 0.46080158120725523 336
1694358080677 0.46022984384861115 337
1694358080705 0.45968675107942497 338
1694358080728 0.45910822382813843 339
1694358080752 0.45855361294985836 340
1694358080778 0.4579678177296121 341
1694358080804 0.4574214295054508 342
1694358080828 0.45687867143244676 343
1694358080853 0.45633664467510526 344
1694358080878 0.4558014586684563 345
1694358080904 0.45524505241259183 346
1694358080929 0.454689931772304 347
1694358080958 0.45415432345688883 348
1694358080984 0.45360419441887795 349
1694358081034 0.4530557392068483 350
1694358081057 0.4525215984416913 351
1694358081086 0.45201853298134015 352
1694358081112 0.4514961258796242 353
1694358081137 0.4509580869014772 354
1694358081161 0.45045956404700443 355
1694358081184 0.44996509734040163 356
1694358081208 0.4494432560019989 357
1694358081233 0.4489161776695074 358
1694358081260 0.44839836274297934 359
1694358081285 0.44789597376012613 360
1694358081311 0.4473952205637477 361
1694358081339 0.44690219255946756 362
1694358081366 0.4463520194551353 363
1694358081392 0.44585417463527316 364
1694358081418 0.44532768441083015 365
1694358081445 0.44482776398062146 366
1694358081470 0.4442915276476045 367
1694358081497 0.44378207099135264 368
1694358081523 0.443276205159967 369
1694358081561 0.4427918410596464 370
1694358081590 0.44229835295246206 371
1694358081615 0.44180206295884467 372
1694358081640 0.4412888092622095 373
1694358081665 0.44080191373263183 374
1694358081690 0.44030380357084287 375
1694358081717 0.4398461826496817 376
1694358081741 0.43940573455436843 377
1694358081766 0.4388980178624438 378
1694358081792 0.43842366634060764 379
1694358081816 0.43796173934228616 380
1694358081841 0.4374859766337385 381
1694358081865 0.4369968398747161 382
1694358081891 0.4364962575315395 383
1694358081916 0.4360198945138711 384
1694358081941 0.4355201276761722 385
1694358081991 0.43506145757061543 386
1694358082017 0.4346277123500198 387
1694358082042 0.43415353878154656 388
1694358082079 0.4336695115136292 389
1694358082106 0.4331989839002569 390
1694358082162 0.4327590907408167 391
1694358082186 0.4322958656383369 392
1694358082241 0.43183720063286 393
1694358082265 0.43135624509666876 394
1694358082291 0.43090090974865974 395
1694358082317 0.43042731308303556 396
1694358082344 0.4299753537283052 397
1694358082369 0.4295209781841566 398
1694358082394 0.4290878826633395 399
1694358082419 0.4286302724030425 400
1694358082446 0.428176852100886 401
1694358082472 0.4276992009054048 402
1694358082496 0.42724780311015437 403
1694358082521 0.42679571713186126 404
1694358082548 0.4263763975430086 405
1694358082575 0.4259254680271605 406
1694358082605 0.42551019756182734 407
1694358082628 0.4251094738638401 408
1694358082652 0.4246925596561747 409
1694358082678 0.42426976172750525 410
1694358082703 0.423827054712418 411
1694358082730 0.42341821723651435 412
1694358082752 0.4229749932300446 413
1694358082775 0.42255722758574854 414
1694358082798 0.4221191580567516 415
1694358082822 0.42172980962497725 416
1694358082849 0.42129373790083585 417
1694358082873 0.42089227880114355 418
1694358082898 0.4204966530153545 419
1694358082924 0.42007408549782727 420
1694358082950 0.4196624631573331 421
1694358082976 0.41925332875419463 422
1694358083001 0.4188525838530321 423
1694358083028 0.41844833981632445 424
1694358083080 0.4180227581977339 425
1694358083108 0.41761518982879875 426
1694358083134 0.41720646821035734 427
1694358083162 0.4167935503127556 428
1694358083186 0.41636639001026615 429
1694358083211 0.4159521633488728 430
1694358083237 0.4155368625177575 431
1694358083264 0.4151026632733427 432
1694358083292 0.41469053881256784 433
1694358083317 0.4142746877417139 434
1694358083344 0.4138853094329978 435
1694358083371 0.41347154251898877 436
1694358083397 0.4130714087476866 437
1694358083424 0.4126699052581904 438
1694358083451 0.4122413405862717 439
1694358083478 0.41183090677983747 440
1694358083504 0.41142949494598235 441
1694358083530 0.41099312846493474 442
1694358083558 0.4106017004039988 443
1694358083594 0.41017422398831177 444
1694358083620 0.4097773179307341 445
1694358083646 0.40939291496080016 446
1694358083672 0.4090337559909145 447
1694358083700 0.40863884873350587 448
1694358083727 0.40826364404265736 449
1694358083754 0.40786745168802474 450
1694358083778 0.40746403749005294 451
1694358083801 0.4070878122598804 452
1694358083825 0.406706321785054 453
1694358083849 0.4063362062763871 454
1694358083873 0.40595090147321533 455
1694358083898 0.40554616688429823 456
1694358083926 0.40516350048207983 457
1694358083952 0.404790882803694 458
1694358083977 0.40440701030635046 459
1694358084026 0.4040318371229559 460
1694358084051 0.40365657964261187 461
1694358084075 0.4032756875860113 462
1694358084104 0.402878854771166 463
1694358084131 0.40249754618194117 464
1694358084157 0.4021276430758964 465
1694358084182 0.4017925629728434 466
1694358084208 0.40143558859706113 467
1694358084311 0.4010741594660616 468
1694358084338 0.4007086523937352 469
1694358084361 0.4003425253642525 470
1694358084387 0.4000162630927927 471
1694358084411 0.3996398847878889 472
1694358084436 0.39927354490808714 473
1694358084460 0.39891276407876336 474
1694358084484 0.39856234577921557 475
1694358084509 0.3981922634436927 476
1694358084533 0.39782059489859833 477
1694358084557 0.39745525534983595 478
1694358084588 0.39709268614967813 479
1694358084612 0.3967323563712272 480
1694358084637 0.39635821287670786 481
1694358084665 0.39598888172755503 482
1694358084690 0.3956171537942193 483
1694358084714 0.3952896089971544 484
1694358084739 0.39496046131356577 485
1694358084764 0.3946021132326678 486
1694358084787 0.3942589874898707 487
1694358084811 0.39389839925083747 488
1694358084834 0.3935325840292696 489
1694358084864 0.3931775944389468 490
1694358084888 0.39282724254327306 491
1694358084913 0.39249690089583594 492
1694358084938 0.3921248180704799 493
1694358084963 0.3918004673541727 494
1694358084988 0.39148077112183416 495
1694358085014 0.39116150239139896 496
1694358085038 0.39080471667862243 497
1694358085064 0.3904370306919765 498
1694358085115 0.3900832201235722 499
1694358085222 0.3900832201235722 500
