1694416313153 1.9110737750511635 0
1694416313491 1.8744299169026646 1
1694416313515 1.841571881589343 2
1694416313543 1.809955834203693 3
1694416313566 1.7803085926992106 4
1694416313592 1.752261784735173 5
1694416313618 1.7254122122273432 6
1694416313641 1.699941514831035 7
1694416313664 1.675339338224722 8
1694416313688 1.6516251761332181 9
1694416313713 1.6288789110515 10
1694416313739 1.6070422368481196 11
1694416313763 1.5857869743157909 12
1694416313788 1.5653826456693027 13
1694416313816 1.5457332935638408 14
1694416313841 1.526738987091522 15
1694416313866 1.5080347296819185 16
1694416313893 1.4901156306292003 17
1694416313918 1.4727385910414321 18
1694416313944 1.4557310099367011 19
1694416313998 1.4395554408650757 20
1694416314021 1.4233418051685431 21
1694416314047 1.4077319231667227 22
1694416314077 1.392720506925152 23
1694416314103 1.3778810268977963 24
1694416314127 1.363464624542628 25
1694416314173 1.3493235150227205 26
1694416314260 1.3353564253672225 27
1694416314284 1.3217511881053345 28
1694416314313 1.308551880137504 29
1694416314337 1.2958677377130814 30
1694416314363 1.283311015861361 31
1694416314393 1.2709762235074749 32
1694416314422 1.2589524445390983 33
1694416314448 1.2472622066011696 34
1694416314478 1.2358027899143589 35
1694416314502 1.2243951550580168 36
1694416314529 1.213455495382681 37
1694416314554 1.2026996720329552 38
1694416314579 1.192142072362815 39
1694416314604 1.1818871322658058 40
1694416314640 1.1716894029480385 41
1694416314665 1.1619335442975298 42
1694416314691 1.1521772361295615 43
1694416314715 1.1425638718989106 44
1694416314741 1.1331711420571855 45
1694416314768 1.123851697811269 46
1694416314826 1.114903759085883 47
1694416314850 1.1058724478256556 48
1694416314877 1.0972387972084088 49
1694416314906 1.0887385479569798 50
1694416314934 1.0803615638730864 51
1694416314960 1.0721154450132409 52
1694416314992 1.0639776332716417 53
1694416315017 1.0561128800194641 54
1694416315045 1.0482993667044376 55
1694416315071 1.0406183269893365 56
1694416315095 1.033068657377852 57
1694416315121 1.0255668727052343 58
1694416315166 1.0183064574037375 59
1694416315203 1.0112056608844493 60
1694416315228 1.004097638693622 61
1694416315252 0.997178719228882 62
1694416315276 0.9904118878701443 63
1694416315302 0.9835838499861753 64
1694416315329 0.9770603182279118 65
1694416315353 0.9706450496955895 66
1694416315379 0.9643001177286 67
1694416315404 0.9580591615175467 68
1694416315433 0.9518460631493559 69
1694416315466 0.945807039221162 70
1694416315491 0.9398874736814012 71
1694416315517 0.9340185962488574 72
1694416315545 0.9282613723172871 73
1694416315571 0.9225072479184373 74
1694416315595 0.9168140144040207 75
1694416315620 0.9112155846774049 76
1694416315645 0.9058474938312517 77
1694416315672 0.9004996639216956 78
1694416315697 0.8951956485546013 79
1694416315723 0.8900272653363185 80
1694416315748 0.884943769119168 81
1694416315776 0.8799453062001745 82
1694416315803 0.8749359093652499 83
1694416315877 0.8700605467571021 84
1694416315902 0.8652682682537376 85
1694416315927 0.8604604253929683 86
1694416315984 0.8558118065820984 87
1694416316040 0.8512178640810778 88
1694416316068 0.846694521988028 89
1694416316095 0.8422413233784191 90
1694416316121 0.8378488807732722 91
1694416316153 0.8335792239434068 92
1694416316183 0.829332910094679 93
1694416316219 0.8251526739204851 94
1694416316295 0.820953449542494 95
1694416316339 0.8168426077077846 96
1694416316367 0.8128792198176491 97
1694416316395 0.8089543829650915 98
1694416316423 0.8050386383220363 99
1694416316452 0.8050386383220363 100
