1694356351382 1.9107536336657314 0
1694356351418 1.874007197290785 1
1694356351445 1.8408203752939953 2
1694356351472 1.8091801994170673 3
1694356351496 1.7793470440929546 4
1694356351520 1.7509159892191681 5
1694356351545 1.7240237432876706 6
1694356351570 1.6983915940549559 7
1694356351594 1.6736989044148634 8
1694356351619 1.6499840599004219 9
1694356351645 1.6271171328489162 10
1694356351682 1.6051860387049128 11
1694356351707 1.5838690908377284 12
1694356351733 1.5635021007710326 13
1694356351759 1.5439076638879499 14
1694356351784 1.5249148009963247 15
1694356351810 1.506215877821325 16
1694356351886 1.4882465434214533 17
1694356351912 1.4708847644810452 18
1694356351937 1.45398286563052 19
1694356351967 1.4378115350501632 20
1694356351994 1.4216600490221543 21
1694356352019 1.406068990810297 22
1694356352045 1.3909444256121817 23
1694356352070 1.3762139887033449 24
1694356352096 1.3617786839208745 25
1694356352123 1.3475329039185153 26
1694356352151 1.3336225981288763 27
1694356352182 1.3200516090590566 28
1694356352208 1.3067962520083807 29
1694356352236 1.2940704006033523 30
1694356352263 1.2814585031362666 31
1694356352291 1.2691324582732832 32
1694356352318 1.2571036848590362 33
1694356352346 1.2453877221404428 34
1694356352374 1.233874401056613 35
1694356352401 1.2225795938655553 36
1694356352434 1.2116348935991097 37
1694356352465 1.2009261004413174 38
1694356352492 1.1903261788314676 39
1694356352520 1.1799756048445917 40
1694356352547 1.169873242359967 41
1694356352598 1.1600725502079987 42
1694356352622 1.1502895701639058 43
1694356352647 1.1406266301012438 44
1694356352681 1.1311312955131185 45
1694356352707 1.1218615164521346 46
1694356352734 1.112825051624061 47
1694356352760 1.1037909795544438 48
1694356352787 1.0950896725395456 49
1694356352814 1.0865733064735854 50
1694356352839 1.0781761863275559 51
1694356352865 1.0699312968806842 52
1694356352893 1.0617891713889187 53
1694356352920 1.0538399374131515 54
1694356352960 1.0460048727505615 55
1694356352986 1.0382403180704498 56
1694356353013 1.0306451808138093 57
1694356353039 1.0231105139248635 58
1694356353065 1.0157755117283689 59
1694356353091 1.0085687776756849 60
1694356353141 1.0014306960755204 61
1694356353172 0.9944743883363788 62
1694356353213 0.9877416285592215 63
1694356353324 0.9809894728919761 64
1694356353353 0.9744365652919434 65
1694356353377 0.9679393215711996 66
1694356353401 0.9615516254341605 67
1694356353426 0.9552586485845141 68
1694356353451 0.9490165838498811 69
1694356353477 0.9429531248680749 70
1694356353503 0.936959393644151 71
1694356353529 0.9311283952873635 72
1694356353555 0.9252930113328818 73
1694356353581 0.9195574826154035 74
1694356353607 0.9138148856786245 75
1694356353633 0.9082031678446608 76
1694356353658 0.902783441399445 77
1694356353691 0.8974099911279383 78
1694356353717 0.892125337480549 79
1694356353743 0.8869419390283034 80
1694356353769 0.8818342660305161 81
1694356353798 0.8768322868814549 82
1694356353826 0.8718589178480334 83
1694356353853 0.8669572864732572 84
1694356353878 0.8621287667602909 85
1694356353905 0.857302486344444 86
1694356353930 0.8526423512841971 87
1694356353955 0.8480076543651017 88
1694356353981 0.8434152444577993 89
1694356354006 0.8388794307536895 90
1694356354032 0.834381646096191 91
1694356354057 0.8300910682455952 92
1694356354082 0.8258957698267266 93
1694356354110 0.8216506428130108 94
1694356354136 0.8174205664206012 95
1694356354163 0.8132702548323032 96
1694356354194 0.8092874265239924 97
1694356354220 0.8052752410256996 98
1694356354248 0.8013510019152635 99
1694356354273 0.7974633112042604 100
1694356354299 0.7936393721331755 101
1694356354325 0.7898856931087278 102
1694356354353 0.7861597917679695 103
1694356354380 0.7825251173312737 104
1694356354406 0.7788463559267012 105
1694356354433 0.7753042234410338 106
1694356354459 0.7717439491719389 107
1694356354546 0.768231491074755 108
1694356354574 0.7647048648688053 109
1694356354628 0.7613026142168917 110
1694356354653 0.7578876865779663 111
1694356354684 0.7545493330928492 112
1694356354714 0.7512931652775209 113
1694356354753 0.7480578430917769 114
1694356354782 0.744875673803849 115
1694356354809 0.7417046864332876 116
1694356354834 0.7386473708697437 117
1694356354860 0.7356030647272567 118
1694356354886 0.7325496452950637 119
1694356354913 0.7295805663216127 120
1694356354939 0.7265922185786461 121
1694356354965 0.7237001236610102 122
1694356354990 0.7208574760680361 123
1694356355017 0.7180423457010653 124
1694356355042 0.7152008563236603 125
1694356355067 0.7124589147300723 126
1694356355093 0.7096794644543479 127
1694356355119 0.7069576736526485 128
1694356355145 0.7042987143456445 129
1694356355199 0.7016405109529201 130
1694356355228 0.6990319771733576 131
1694356355254 0.6963885112500166 132
1694356355280 0.6938900410997052 133
1694356355315 0.6914255284360454 134
1694356355437 0.6888807693117115 135
1694356355465 0.6864080771429556 136
1694356355490 0.6839650877635816 137
1694356355516 0.6814896970496503 138
1694356355542 0.6790549523288366 139
1694356355568 0.6767246543881997 140
1694356355595 0.6743894432880336 141
1694356355623 0.6720574871644134 142
1694356355649 0.6698047152999941 143
1694356355681 0.6675445892827818 144
1694356355720 0.6652502005271725 145
1694356355747 0.6630536610330858 146
1694356355774 0.660866211265654 147
1694356355801 0.6587123818874366 148
1694356355852 0.6565749625203335 149
1694356355888 0.6544038390468845 150
1694356355914 0.6522950371906638 151
1694356355943 0.650162896923598 152
1694356355970 0.6481542965123281 153
1694356355995 0.6461387043892682 154
1694356356020 0.6441221466311536 155
1694356356046 0.6420854188541205 156
1694356356071 0.6401296378944 157
1694356356098 0.6382298968544503 158
1694356356123 0.6362681806290253 159
1694356356149 0.6343904620673864 160
1694356356181 0.6324794912335309 161
1694356356210 0.6305975233850213 162
1694356356240 0.6287542122226574 163
1694356356265 0.6269544428996954 164
1694356356290 0.6251394348183507 165
1694356356317 0.6233388396024562 166
1694356356344 0.6215428694618235 167
1694356356370 0.6198031509024513 168
1694356356396 0.6180127999512265 169
1694356356422 0.6163301856388279 170
1694356356450 0.6146483644679864 171
1694356356476 0.6129100964424015 172
1694356356502 0.6112434614760351 173
1694356356529 0.6095998327742863 174
1694356356554 0.6079438342615913 175
1694356356580 0.6062392994834817 176
1694356356606 0.604573325260964 177
1694356356658 0.6029693716740568 178
1694356356687 0.6013861298923368 179
1694356356713 0.5998491954749178 180
1694356356744 0.5982973111972888 181
1694356356768 0.596768775527335 182
1694356356795 0.5951992032632251 183
1694356356820 0.5936721455682693 184
1694356356847 0.5921599270049858 185
1694356356875 0.5906695272618082 186
1694356356901 0.5892047718698927 187
1694356356927 0.5877384676687802 188
1694356356953 0.5863057510278918 189
1694356356981 0.5848439925583934 190
1694356357007 0.5834529974551285 191
1694356357032 0.5820317785458033 192
1694356357059 0.5806175038778444 193
1694356357086 0.5792159443462496 194
1694356357112 0.5778749970681966 195
1694356357137 0.5765307847423466 196
1694356357163 0.5751846719908054 197
1694356357220 0.5738270401425001 198
1694356357249 0.5724586353943992 199
1694356357273 0.5711456921622102 200
1694356357300 0.5698699235067034 201
1694356357326 0.5685552799681647 202
1694356357351 0.5672982133991059 203
1694356357376 0.5660382345893761 204
1694356357482 0.5648130319929233 205
1694356357512 0.5635337900553848 206
1694356357538 0.5622492900382943 207
1694356357564 0.5609726450736646 208
1694356357588 0.5598031906286092 209
1694356357613 0.5585994489310725 210
1694356357637 0.5573608732618942 211
1694356357667 0.5561692717184448 212
1694356357693 0.5549783413781879 213
1694356357719 0.5537713041349984 214
1694356357746 0.5526164687448207 215
1694356357772 0.5514675381153255 216
1694356357798 0.5503413070118628 217
1694356357826 0.5492035798992019 218
1694356357851 0.548085088777224 219
1694356357875 0.5469906094762793 220
1694356357902 0.5458733080351083 221
1694356357926 0.5447697943764509 222
1694356357951 0.5436331921300456 223
1694356357976 0.5425396355454207 224
1694356358003 0.5414544987199313 225
1694356358029 0.5403977996578277 226
1694356358054 0.5392897726238192 227
1694356358078 0.5382510545938594 228
1694356358104 0.5372423023352192 229
1694356358129 0.5362128009491326 230
1694356358154 0.5351702931279547 231
1694356358186 0.5341935780184556 232
1694356358214 0.5331284814641165 233
1694356358240 0.5321072922488628 234
1694356358266 0.5311222921201308 235
1694356358290 0.5301544794101607 236
1694356358315 0.5291575000220854 237
1694356358340 0.5281985350525351 238
1694356358366 0.5272206372520349 239
1694356358391 0.5262552678861497 240
1694356358417 0.5253140147500778 241
1694356358443 0.5243472213775952 242
1694356358469 0.5234083155390195 243
1694356358495 0.5224413943270261 244
1694356358520 0.5215004938164627 245
1694356358548 0.5206064173542003 246
1694356358574 0.5196513514343891 247
1694356358600 0.5187175315168985 248
1694356358625 0.5177725109131401 249
1694356358650 0.5168952986509143 250
1694356358703 0.5159560373515495 251
1694356358727 0.5150552742397626 252
1694356358751 0.5141571762660333 253
1694356358777 0.5132548088481295 254
1694356358804 0.5124099369560279 255
1694356358829 0.5115268495433483 256
1694356358853 0.5106762718574565 257
1694356358878 0.5097835462073136 258
1694356358905 0.5089421247197334 259
1694356358932 0.5081058746389705 260
1694356358957 0.5072502435222165 261
1694356358983 0.5063870603169354 262
1694356359009 0.5055583782321823 263
1694356359035 0.5047111626258439 264
1694356359062 0.5039154720566709 265
1694356359088 0.503112605194529 266
1694356359114 0.5022811310504595 267
1694356359139 0.5014655425618161 268
1694356359168 0.5006530390420565 269
1694356359194 0.49981110883163204 270
1694356359221 0.49900470164669153 271
1694356359293 0.4981988962921124 272
1694356359321 0.4974172603978307 273
1694356359346 0.4966702775936679 274
1694356359372 0.495884412498373 275
1694356359397 0.4951263958775191 276
1694356359423 0.49442836850259786 277
1694356359451 0.4936885797615442 278
1694356359529 0.49292386093119117 279
1694356359569 0.4921931014319483 280
1694356359598 0.49144744705522775 281
1694356359621 0.49071546520659715 282
1694356359645 0.48995732944535103 283
1694356359675 0.4892369572068646 284
1694356359701 0.48849215650159494 285
1694356359737 0.48775871106709323 286
1694356359763 0.48701341760818295 287
1694356359791 0.48628599262373035 288
1694356359819 0.48555861194667155 289
1694356359847 0.48485492394267365 290
1694356359870 0.484151837189194 291
1694356359897 0.48346453034785936 292
1694356359923 0.4827626968733296 293
1694356359947 0.48207211781893206 294
1694356359971 0.48137803285076325 295
1694356359996 0.48068773280538835 296
1694356360021 0.480007409535435 297
1694356360047 0.4793132341502477 298
1694356360072 0.47863246700332873 299
1694356360097 0.47793706500069266 300
1694356360125 0.4772619855173598 301
1694356360150 0.476605704400105 302
1694356360181 0.4759529610916767 303
1694356360207 0.47528918247341945 304
1694356360234 0.47463310982312196 305
1694356360260 0.4739955943215856 306
1694356360285 0.4733438596058681 307
1694356360309 0.4727126557870358 308
1694356360333 0.47202769327442085 309
1694356360358 0.4714208894404109 310
1694356360385 0.47078972208212344 311
1694356360410 0.4701672275791354 312
1694356360435 0.46952730531137055 313
1694356360461 0.4688997239228772 314
1694356360486 0.4682818207956096 315
1694356360511 0.46768129829561156 316
1694356360536 0.46709543443429735 317
1694356360561 0.4664854582804828 318
1694356360586 0.4658800380320747 319
1694356360612 0.4652975546717197 320
1694356360639 0.4646863119843596 321
1694356360671 0.4641029718501448 322
1694356360697 0.4635009645194739 323
1694356360747 0.4629267789944022 324
1694356360771 0.46234177105347857 325
1694356360796 0.4617536732199934 326
1694356360822 0.46115642269194956 327
1694356360849 0.4605412091062595 328
1694356360872 0.4599662415416246 329
1694356360898 0.4593712998142989 330
1694356360923 0.4588036018114689 331
1694356360949 0.4582308922577544 332
1694356360973 0.4576910622265248 333
1694356360999 0.4570946893417735 334
1694356361024 0.4565166800272685 335
1694356361049 0.45596782584668955 336
1694356361076 0.4554351294754549 337
1694356361102 0.45487369440592 338
1694356361128 0.45427805892454415 339
1694356361153 0.4536705065123128 340
1694356361184 0.453124994956266 341
1694356361209 0.45255923417606847 342
1694356361239 0.45202397880114964 343
1694356361295 0.451484883304946 344
1694356361318 0.45094091292136695 345
1694356361344 0.4504086390746727 346
1694356361371 0.44992543578645783 347
1694356361721 0.4494005391865896 348
1694356361745 0.448882313170651 349
1694356361771 0.4483279964098362 350
1694356361798 0.4477860681882591 351
1694356361825 0.44724872248106046 352
1694356361864 0.44669207497346614 353
1694356361892 0.4461806914323011 354
1694356361919 0.4456599292999645 355
1694356361946 0.4451280399919289 356
1694356361974 0.4446033541776876 357
1694356362001 0.44407936604611686 358
1694356362028 0.4435601828217752 359
1694356362054 0.4430377431375987 360
1694356362082 0.4425028819480461 361
1694356362111 0.44201756811224935 362
1694356362140 0.44148763522109197 363
1694356362172 0.4409971508331416 364
1694356362200 0.4404936348725313 365
1694356362226 0.43999165201138213 366
1694356362253 0.4394618176413901 367
1694356362281 0.43896231857236834 368
1694356362304 0.4384698308446364 369
1694356362330 0.4379743122073891 370
1694356362354 0.4374708301418593 371
1694356362378 0.4369681340839479 372
1694356362404 0.43647206935383437 373
1694356362430 0.43596619144271753 374
1694356362455 0.4354724736210259 375
1694356362479 0.4350221539445782 376
1694356362505 0.43451204245847636 377
1694356362531 0.43401149840557357 378
1694356362559 0.43353185094265845 379
1694356362585 0.4330335354269183 380
1694356362610 0.43258054899654075 381
1694356362634 0.43209018930758636 382
1694356362664 0.43160492554751184 383
1694356362691 0.4311529053057795 384
1694356362716 0.4307237371863173 385
1694356362741 0.4302322101565132 386
1694356362792 0.4297741724529394 387
1694356362817 0.42930668209985573 388
1694356362841 0.4288336037960917 389
1694356362867 0.42839700604787795 390
1694356362895 0.4279768449194068 391
1694356362921 0.42750017393334605 392
1694356362947 0.42705116999357456 393
1694356362984 0.42658721642971914 394
1694356363008 0.4261218018353434 395
1694356363034 0.4256735477853474 396
1694356363060 0.4252070008480929 397
1694356363218 0.42473484657336663 398
1694356363246 0.42428108227548833 399
1694356363273 0.4238334850284634 400
1694356363297 0.4234262493259734 401
1694356363349 0.4229596513161635 402
1694356363373 0.42251427300080097 403
1694356363398 0.42209698065889195 404
1694356363422 0.4216696478709452 405
1694356363451 0.4211742556492681 406
1694356363477 0.4207371893096131 407
1694356363502 0.4202894684391113 408
1694356363528 0.4198689489889177 409
1694356363555 0.41942226915366965 410
1694356363580 0.4190112704438644 411
1694356363605 0.41858423064610706 412
1694356363630 0.4181449452040041 413
1694356363654 0.41772713838135955 414
1694356363693 0.41730820627226767 415
1694356363763 0.4168965574604793 416
1694356363789 0.4164878469547352 417
1694356363845 0.41606342988519057 418
1694356363869 0.4156018969052228 419
1694356363893 0.4151584178526747 420
1694356363918 0.4147403686329855 421
1694356363943 0.4143680455634211 422
1694356363968 0.41394607259342814 423
1694356363993 0.41353623402843454 424
1694356364018 0.4131244112284519 425
1694356364043 0.4127285509089029 426
1694356364066 0.4123494909938905 427
1694356364090 0.41191653117190546 428
1694356364115 0.41151847505099237 429
1694356364139 0.41111424314689476 430
1694356364169 0.4107087968272132 431
1694356364195 0.4103020135182285 432
1694356364220 0.40989512325575783 433
1694356364247 0.40944218840436725 434
1694356364273 0.4090310226379965 435
1694356364300 0.4086179623914574 436
1694356364322 0.408239007809852 437
1694356364347 0.40783588878200594 438
1694356364372 0.4074550340956718 439
1694356364397 0.40707037213597147 440
1694356364422 0.4066669452111051 441
1694356364448 0.4062528657998414 442
1694356364473 0.4058555865797661 443
1694356364499 0.40544263479445103 444
1694356364522 0.40507727700868895 445
1694356364547 0.40468739600765957 446
1694356364572 0.4043045782965464 447
1694356364597 0.4039159884215812 448
1694356364622 0.4034875889486613 449
1694356364647 0.4031095036327804 450
1694356364678 0.40271470949957344 451
1694356364704 0.40232751089840946 452
1694356364731 0.4019602818713306 453
1694356364755 0.40159686677102685 454
1694356364783 0.4012016294225929 455
1694356364833 0.4008290917514929 456
1694356364856 0.4004570177316915 457
1694356364880 0.40007744072749557 458
1694356364905 0.3997231540241349 459
1694356364929 0.3993585168531017 460
1694356364958 0.3989893028780901 461
1694356364983 0.39861921300748515 462
1694356365007 0.3982294335325274 463
1694356365032 0.3978811407418226 464
1694356365057 0.39749531218695816 465
1694356365083 0.3971235598382528 466
1694356365109 0.39675432311576747 467
1694356365134 0.39637496570342085 468
1694356365161 0.39601734243209663 469
1694356365190 0.39568378806265 470
1694356365215 0.39531350604094123 471
1694356365244 0.3949660755386833 472
1694356365269 0.39462699900950626 473
1694356365295 0.39425722573104227 474
1694356365322 0.39390953383670185 475
1694356365373 0.39358643165469787 476
1694356365397 0.393257679292945 477
1694356365421 0.3929139140032212 478
1694356365447 0.39254906385001165 479
1694356365474 0.3922029751074783 480
1694356365499 0.3918479701582854 481
1694356365527 0.3915017901161655 482
1694356365552 0.3911724332505447 483
1694356365577 0.39082840751306336 484
1694356365602 0.3904738047880379 485
1694356365630 0.39011638050974196 486
1694356365656 0.38976673085755004 487
1694356365689 0.38942017440156607 488
1694356365717 0.38908937461573506 489
1694356365744 0.38874671905642283 490
1694356365771 0.3884047021909166 491
1694356365798 0.3880829904914655 492
1694356365832 0.38775357952935996 493
1694356365919 0.3874189017453508 494
1694356365943 0.38707404767418224 495
1694356365969 0.38673806354350243 496
1694356365995 0.38639127849915333 497
1694356366018 0.3861009759123902 498
1694356366045 0.3857855033416802 499
1694356366152 0.3857855033416802 500
