1694416131277 1.9108673829053535 0
1694416131308 1.8743461219500088 1
1694416131336 1.8412938098578737 2
1694416131365 1.809853880155774 3
1694416131389 1.7802509900275572 4
1694416131414 1.7520117032338807 5
1694416131438 1.7253580480519053 6
1694416131464 1.699991526217217 7
1694416131510 1.6753022021156192 8
1694416131601 1.6516414608094496 9
1694416131632 1.62895002480878 10
1694416131665 1.6071749950828202 11
1694416131688 1.585953872538229 12
1694416131715 1.5656270345527008 13
1694416131744 1.5460378845377594 14
1694416131769 1.5270762799908317 15
1694416131793 1.5085442196396932 16
1694416131818 1.4905136373654821 17
1694416131842 1.4730411133007366 18
1694416131867 1.4562073925137586 19
1694416131893 1.440084395729123 20
1694416131918 1.423899966112288 21
1694416131943 1.4083508591402003 22
1694416131969 1.393272198367461 23
1694416131993 1.3784996189013319 24
1694416132016 1.3641985837476243 25
1694416132042 1.3500392537891177 26
1694416132066 1.3360051034208082 27
1694416132093 1.322511273714009 28
1694416132119 1.3093452147405291 29
1694416132153 1.2967199899190305 30
1694416132180 1.2840487694099898 31
1694416132505 1.2717081206813514 32
1694416132530 1.2597378798896184 33
1694416132555 1.2480412976993525 34
1694416132581 1.2366044242413528 35
1694416132607 1.2252208569777534 36
1694416132673 1.2142682119471495 37
1694416132700 1.203589329812585 38
1694416132724 1.192926723170772 39
1694416132753 1.1825800962852426 40
1694416132777 1.1724867654569024 41
1694416132803 1.1626746379380544 42
1694416132828 1.1528376732610897 43
1694416132854 1.143134861366054 44
1694416132879 1.1336175245789533 45
1694416132936 1.124332248203758 46
1694416132960 1.1153125748215111 47
1694416132985 1.1062885324932152 48
1694416133039 1.097645720653688 49
1694416133065 1.0891799376713756 50
1694416133089 1.080791178528874 51
1694416133123 1.0725332161351468 52
1694416133151 1.064402651602143 53
1694416133186 1.0564820135156832 54
1694416133215 1.0486540691895627 55
1694416133244 1.0410165587579754 56
1694416133272 1.0334381871002811 57
1694416133299 1.025978372127661 58
1694416133325 1.0187291564835612 59
1694416133350 1.011612681892941 60
1694416133375 1.0045030712863545 61
1694416133400 0.9975483434119741 62
1694416133425 0.9907396739634716 63
1694416133451 0.9840135683902987 64
1694416133478 0.9774340185912137 65
1694416133503 0.9709941374048505 66
1694416133528 0.9646022795086179 67
1694416133553 0.9583125203269223 68
1694416133665 0.9521799521549573 69
1694416133691 0.9461098810924374 70
1694416133728 0.9401451097173514 71
1694416133753 0.9342926347609688 72
1694416133779 0.928410228798838 73
1694416133805 0.922750638493787 74
1694416133830 0.9170838057768053 75
1694416133856 0.9114610722798461 76
1694416133881 0.9060550063875621 77
1694416133909 0.9006984401006016 78
1694416133934 0.8954366596080302 79
1694416133958 0.8902762108134059 80
1694416133983 0.8852301377085545 81
1694416134009 0.8801647647913503 82
1694416134035 0.8752245898184158 83
1694416134060 0.8703263922819847 84
1694416134085 0.8654567790562067 85
1694416134111 0.8606587999862673 86
1694416134136 0.8559855873828234 87
1694416134167 0.8513786548884279 88
1694416134196 0.8467899719075545 89
1694416134222 0.8423529771246164 90
1694416134248 0.8379418454569311 91
1694416134273 0.8336049613234332 92
1694416134300 0.8293217659708296 93
1694416134327 0.825056347189883 94
1694416134354 0.8208608360216574 95
1694416134379 0.8167526304880031 96
1694416134406 0.8127733986345936 97
1694416134431 0.8088201435904461 98
1694416134459 0.8048780162362543 99
1694416134483 0.8048780162362543 100
