1694338259832 1.9112559708306016 0
1694338259868 1.8749211141451958 1
1694338259903 1.8420563924212048 2
1694338259928 1.8104302335875366 3
1694338259953 1.7807909723099322 4
1694338259978 1.7523693454119453 5
1694338260006 1.7256789309932485 6
1694338260039 1.7002696761228009 7
1694338260064 1.675533048762924 8
1694338260089 1.652075670673125 9
1694338260112 1.62929157105139 10
1694338260137 1.6075080341345855 11
1694338260162 1.5863146803010502 12
1694338260280 1.565990996771489 13
1694338260309 1.5463117985547978 14
1694338260334 1.5274009805526911 15
1694338260362 1.5087165595684287 16
1694338260396 1.4908607470585264 17
1694338260421 1.4735261253239045 18
1694338260445 1.4565848639000682 19
1694338260469 1.4405003527272324 20
1694338260493 1.4244690709162704 21
1694338260520 1.4089654058178318 22
1694338260545 1.3938859672965627 23
1694338260571 1.3790751474994862 24
1694338260596 1.364702393145773 25
1694338260621 1.3505486792144346 26
1694338260647 1.33662319411213 27
1694338260672 1.3230397452074956 28
1694338260697 1.3099312423843747 29
1694338260724 1.2972204328005554 30
1694338260752 1.2846402468952056 31
1694338260777 1.272290509675846 32
1694338260803 1.2603801393942364 33
1694338260830 1.2486699404780877 34
1694338260855 1.237214589884323 35
1694338260885 1.2259230816822837 36
1694338260910 1.2149289440079016 37
1694338260942 1.204289835563015 38
1694338261005 1.1937752305110656 39
1694338261029 1.1833800736601563 40
1694338261055 1.1731959330819481 41
1694338261084 1.1634330402767596 42
1694338261109 1.153603549990022 43
1694338261133 1.144027150281406 44
1694338261159 1.1346302145200973 45
1694338261185 1.1253626972579254 46
1694338261212 1.1163356366020276 47
1694338261239 1.1073460967606459 48
1694338261265 1.098695684580064 49
1694338261293 1.0901929249927578 50
1694338261319 1.0818996138058432 51
1694338261346 1.0736837106364574 52
1694338261380 1.0656240754984876 53
1694338261431 1.0577601491515782 54
1694338261455 1.0500078982901229 55
1694338261481 1.0422953723828579 56
1694338261517 1.0347983948969228 57
1694338261544 1.0273136257954323 58
1694338261569 1.0199992935902626 59
1694338261594 1.0128580827274436 60
1694338261622 1.0057898373571295 61
1694338261648 0.9988779247605227 62
1694338261673 0.992137382252964 63
1694338261699 0.9853346129458661 64
1694338261725 0.9788019473556858 65
1694338261751 0.9723358387153778 66
1694338261778 0.9659981039660446 67
1694338261804 0.9598126508969407 68
1694338261829 0.9537381903550085 69
1694338261856 0.947699675746616 70
1694338261885 0.9417380870511188 71
1694338261914 0.9357912876929957 72
1694338261941 0.9300171780927167 73
1694338261968 0.9242615469747087 74
1694338261994 0.9186106838544417 75
1694338262023 0.9129957036630951 76
1694338262071 0.9076192738170239 77
1694338262098 0.9022719175852617 78
1694338262125 0.8969984070210648 79
1694338262150 0.891832994982057 80
1694338262176 0.886750807241524 81
1694338262202 0.8817336850953323 82
1694338262228 0.8767487157345409 83
1694338262255 0.8719152013705104 84
1694338262291 0.8670866270438045 85
1694338262319 0.8622621853665896 86
1694338262381 0.8576276090928978 87
1694338262437 0.8530637179395252 88
1694338262465 0.8485400404949353 89
1694338262491 0.844028549665568 90
1694338262517 0.8396225898511278 91
1694338262543 0.8353314226732471 92
1694338262569 0.8311089869650063 93
1694338262596 0.8268689724434504 94
1694338262622 0.8226805539300933 95
1694338262648 0.8185501604076554 96
1694338262675 0.8146285795827596 97
1694338262702 0.8107224423052756 98
1694338262728 0.8067542038378359 99
1694338262754 0.8028752058238998 100
1694338262782 0.799022545529773 101
1694338262808 0.7952939324620671 102
1694338262834 0.7915306130605367 103
1694338262860 0.7878732231737853 104
1694338262893 0.7842382921348013 105
1694338262930 0.7807343658304234 106
1694338262975 0.777233779571029 107
1694338263003 0.7736581249297599 108
1694338263068 0.7701606009516033 109
1694338263092 0.7667609167130938 110
1694338263118 0.763350893217271 111
1694338263147 0.7600510589339327 112
1694338263173 0.7568531233444965 113
1694338263199 0.7536200176824699 114
1694338263225 0.7504124382718064 115
1694338263252 0.7473337738634885 116
1694338263277 0.7442834496019184 117
1694338263305 0.7411767466462388 118
1694338263332 0.7381648847647836 119
1694338263357 0.7352009644431339 120
1694338263388 0.7322262399404028 121
1694338263413 0.7293624113497013 122
1694338263466 0.7264583545316341 123
1694338263490 0.7235956755330187 124
1694338263515 0.7207688382904404 125
1694338263540 0.717961342586622 126
1694338263572 0.7152436811533368 127
1694338263598 0.7125007816796027 128
1694338263625 0.7098449726279864 129
1694338263651 0.707123982946933 130
1694338263744 0.7044975852274138 131
1694338263771 0.7019220222101108 132
1694338263799 0.6994692036142658 133
1694338263827 0.6969150422911224 134
1694338263852 0.6944422178426597 135
1694338263885 0.6919668200599238 136
1694338263911 0.689527180178457 137
1694338263936 0.6870524320862773 138
1694338263960 0.6846650012560628 139
1694338263986 0.6822757523167893 140
1694338264013 0.6799266362424145 141
1694338264039 0.6776454370330645 142
1694338264067 0.6753625713326081 143
1694338264093 0.6731398303975977 144
1694338264120 0.6709290886391946 145
1694338264146 0.6688034194643652 146
1694338264172 0.6665719575528996 147
1694338264198 0.6643957307316107 148
1694338264225 0.6622870997826421 149
1694338264251 0.6601633569159743 150
1694338264278 0.6580937736518694 151
1694338264305 0.6560681738653615 152
1694338264335 0.6540939409467351 153
1694338264367 0.6520526942572249 154
1694338264398 0.6500386087402854 155
1694338264491 0.6480602383838056 156
1694338264534 0.6461064495901321 157
1694338264559 0.6442097554193374 158
1694338264585 0.6422849679085008 159
1694338264611 0.6403848467772943 160
1694338264637 0.6384494477247251 161
1694338264662 0.6365760892744141 162
1694338264687 0.6347001687465283 163
1694338264714 0.6328998491099483 164
1694338264739 0.6311201140873586 165
1694338264765 0.6293398032137479 166
1694338264792 0.6275971798696554 167
1694338264818 0.6258514099339292 168
1694338264844 0.6240755896748768 169
1694338264875 0.6224013801893987 170
1694338264902 0.6207222727749103 171
1694338264929 0.6190475751630486 172
1694338264955 0.617387877917698 173
1694338264980 0.615710443057812 174
1694338265010 0.6140498341843573 175
1694338265041 0.6124206272554881 176
1694338265104 0.610755476447719 177
1694338265129 0.6091308009445936 178
1694338265154 0.6075354866770443 179
1694338265183 0.6059750384545838 180
1694338265208 0.6044278559475653 181
1694338265235 0.602886229295652 182
1694338265262 0.6013594708408717 183
1694338265288 0.5998471013510986 184
1694338265312 0.5983763356889926 185
1694338265341 0.5968529243943451 186
1694338265372 0.5953725929270506 187
1694338265398 0.5939286974172128 188
1694338265426 0.5924354874478625 189
1694338265455 0.5910149026005124 190
1694338265508 0.5895384854500432 191
1694338265532 0.5881343713812031 192
1694338265558 0.5867425213673623 193
1694338265585 0.5853260347320792 194
1694338265611 0.5839251054327643 195
1694338265637 0.5825971516403678 196
1694338265662 0.5812611622936026 197
1694338265689 0.5799365182128259 198
1694338265808 0.5786244752519232 199
1694338265896 0.5773046464878712 200
1694338265922 0.576008397774052 201
1694338265952 0.5746532741883099 202
1694338265977 0.5733723143404679 203
1694338266002 0.5720661789172963 204
1694338266028 0.5708094829103985 205
1694338266055 0.5695910890743053 206
1694338266082 0.5683539314143063 207
1694338266108 0.5671148670416746 208
1694338266134 0.5659068780209169 209
1694338266161 0.5647055629206401 210
1694338266186 0.5635100725348278 211
1694338266213 0.562311496491755 212
1694338266239 0.5611528872481564 213
1694338266266 0.559969931301887 214
1694338266294 0.5588173328710198 215
1694338266320 0.5576865712604022 216
1694338266346 0.5565532071516802 217
1694338266377 0.5554003748159917 218
1694338266403 0.5542775267746636 219
1694338266429 0.5531751655341871 220
1694338266458 0.5520983434743889 221
1694338266487 0.5509551570222407 222
1694338266513 0.5498688900596286 223
1694338266548 0.5487982125466155 224
1694338266583 0.547746339094922 225
1694338266681 0.5466571994033567 226
1694338266708 0.5455365280211433 227
1694338266737 0.5445206470995766 228
1694338266763 0.5434705882951936 229
1694338266790 0.5424239241166302 230
1694338266816 0.5414236188363393 231
1694338266842 0.5404580974053402 232
1694338266871 0.5394422537975575 233
1694338266899 0.5384672039145212 234
1694338266925 0.5374693699427041 235
1694338266960 0.536498727759355 236
1694338266987 0.5355019797969492 237
1694338267013 0.534526731215508 238
1694338267039 0.533527161833211 239
1694338267065 0.5325912114986732 240
1694338267128 0.5316279658276717 241
1694338267151 0.5307056508966684 242
1694338267176 0.529774763037218 243
1694338267203 0.5288412700927513 244
1694338267227 0.5278960383942332 245
1694338267254 0.5269403661725783 246
1694338267280 0.5260484848436727 247
1694338267306 0.5251237854541525 248
1694338267330 0.5242335255507296 249
1694338267355 0.5233121360327384 250
1694338267391 0.5224021622854949 251
1694338267416 0.521496658746834 252
1694338267441 0.5206498740529405 253
1694338267465 0.519756101587746 254
1694338267491 0.5188908285197478 255
1694338267524 0.5180071379046508 256
1694338267567 0.5171494577630787 257
1694338267592 0.516301382339621 258
1694338267618 0.5154612495299777 259
1694338267643 0.5146201758503736 260
1694338267669 0.5137865509050284 261
1694338267694 0.5129745322844227 262
1694338267724 0.5121576494776309 263
1694338267751 0.5113389790733099 264
1694338267778 0.5105183682209089 265
1694338267805 0.5097174134875716 266
1694338267831 0.5089138259146291 267
1694338267859 0.5080949532830713 268
1694338267891 0.5072738640833651 269
1694338267918 0.5065009796665694 270
1694338267945 0.5056973597853706 271
1694338267973 0.5049185668444083 272
1694338268000 0.5041479903359493 273
1694338268026 0.5033866657123641 274
1694338268054 0.5025859053636744 275
1694338268081 0.5018512388943899 276
1694338268108 0.5010933343878248 277
1694338268136 0.5003048132493695 278
1694338268162 0.4995595937514664 279
1694338268189 0.4988138999340486 280
1694338268219 0.49809465551145343 281
1694338268246 0.4973525345785103 282
1694338268273 0.4965946029565146 283
1694338268299 0.49589497419369544 284
1694338268326 0.49517277013666094 285
1694338268370 0.4944424337314037 286
1694338268394 0.4936987674931742 287
1694338268419 0.4929301090260984 288
1694338268444 0.49220080033401403 289
1694338268469 0.4914879953527305 290
1694338268496 0.49078459432476423 291
1694338268522 0.4900830027180312 292
1694338268548 0.48940816538599285 293
1694338268572 0.4887150990908479 294
1694338268599 0.48802952288549006 295
1694338268624 0.487371603979221 296
1694338268731 0.4866990371953818 297
1694338268758 0.4860206453898192 298
1694338268783 0.48534881568701754 299
1694338268808 0.48466873449964193 300
1694338268832 0.48401363724637503 301
1694338268857 0.48336600133219465 302
1694338268888 0.4827007072175321 303
1694338268913 0.48204112805642496 304
1694338268940 0.48138529120227275 305
1694338268965 0.4807209628058872 306
1694338268991 0.4800780671599243 307
1694338269018 0.47945339583223184 308
1694338269043 0.47880397916867207 309
1694338269070 0.4781587350415479 310
1694338269096 0.4775391523957989 311
1694338269122 0.4769220757021474 312
1694338269183 0.4762682013492606 313
1694338269208 0.4756472005039645 314
1694338269233 0.47500331005290486 315
1694338269261 0.4743738501085424 316
1694338269286 0.47375621568022214 317
1694338269311 0.4731482998275567 318
1694338269335 0.4725237333895116 319
1694338269359 0.4719288336966661 320
1694338269391 0.4713431477882293 321
1694338269420 0.4707636732134204 322
1694338269445 0.4701665428873053 323
1694338269471 0.4695464845481406 324
1694338269498 0.46895702083156127 325
1694338269522 0.46834831843137226 326
1694338269547 0.46777985702554714 327
1694338269597 0.4672160611249286 328
1694338269621 0.46661083970424505 329
1694338269645 0.4660537232833843 330
1694338269671 0.4654546509918578 331
1694338269697 0.4648570227428851 332
1694338269723 0.4642678622109258 333
1694338269748 0.46366159967709786 334
1694338269773 0.4630980110489204 335
1694338269802 0.46250575497142854 336
1694338269828 0.4619779894053383 337
1694338269854 0.46141627203780006 338
1694338269884 0.4608147928041308 339
1694338269912 0.46023795262102385 340
1694338269938 0.45966483936050473 341
1694338269964 0.4591380613045705 342
1694338269991 0.45861132981024555 343
1694338270018 0.45809770792031085 344
1694338270046 0.4575589825344083 345
1694338270073 0.456997631745123 346
1694338270099 0.4564506705486814 347
1694338270126 0.45590591884102655 348
1694338270154 0.45533740437909553 349
1694338270181 0.4548003663073729 350
1694338270210 0.4542920406514395 351
1694338270236 0.4538042097112651 352
1694338270264 0.45328492217194455 353
1694338270294 0.4527499526610831 354
1694338270320 0.45224897073455517 355
1694338270347 0.4517232347992388 356
1694338270380 0.4512119161901448 357
1694338270409 0.45068540747114527 358
1694338270434 0.45017939225957365 359
1694338270460 0.4496585755519253 360
1694338270486 0.44913197309391345 361
1694338270514 0.44859958580951426 362
1694338270538 0.44812569014380715 363
1694338270564 0.4475876042496517 364
1694338270588 0.447115732628956 365
1694338270615 0.4465563010089969 366
1694338270641 0.44606320672304794 367
1694338270666 0.44559016412679636 368
1694338270692 0.44509158596788057 369
1694338270726 0.4446077454373779 370
1694338270752 0.44410762541141674 371
1694338270847 0.4436145371754977 372
1694338270877 0.4431393816940736 373
1694338270905 0.442687584670938 374
1694338270929 0.4422220898668918 375
1694338270954 0.44172488751367495 376
1694338270988 0.4412838803803402 377
1694338271013 0.44079983407797413 378
1694338271039 0.4403178609474727 379
1694338271066 0.4398283346461863 380
1694338271090 0.43932419446500537 381
1694338271116 0.4388115316324854 382
1694338271141 0.43834559538836765 383
1694338271167 0.4378833023695318 384
1694338271227 0.4374376008694341 385
1694338271252 0.4369909666869237 386
1694338271279 0.4365277980453177 387
1694338271308 0.43606539335807165 388
1694338271332 0.43563359577512756 389
1694338271357 0.43518359229701786 390
1694338271383 0.43475841116214375 391
1694338271413 0.4343128160168002 392
1694338271438 0.4338778927986216 393
1694338271462 0.43342876412736253 394
1694338271486 0.43298423231455274 395
1694338271510 0.4325270877952861 396
1694338271715 0.43205280364952287 397
1694338271873 0.4315951932255153 398
1694338271898 0.43115379771296947 399
1694338271924 0.4306764263728828 400
1694338271949 0.43021173211097374 401
1694338271975 0.4297340074494944 402
1694338272001 0.4292546204407214 403
1694338272025 0.42881372495011505 404
1694338272049 0.4284069446351257 405
1694338272075 0.42798632414857823 406
1694338272100 0.4275698720390778 407
1694338272126 0.4271106459283935 408
1694338272151 0.42667380542807415 409
1694338272189 0.4262528142175894 410
1694338272214 0.42576826209322755 411
1694338272238 0.4253778670889294 412
1694338272263 0.4249679662532864 413
1694338272289 0.42452765210489435 414
1694338272314 0.42407025412753224 415
1694338272339 0.423663118776266 416
1694338272365 0.4232447517940672 417
1694338272395 0.4228063265159064 418
1694338272420 0.42238316923605784 419
1694338272445 0.4219629646018556 420
1694338272470 0.4215377177084133 421
1694338272495 0.42107989531418905 422
1694338272521 0.42065341212433893 423
1694338272548 0.4202300056511062 424
1694338272572 0.4198261902302992 425
1694338272597 0.41938274637608036 426
1694338272623 0.41898932333001415 427
1694338272648 0.41856537177478054 428
1694338272672 0.41815425466728573 429
1694338272698 0.4177082485274509 430
1694338272723 0.41732345887335914 431
1694338272749 0.4169053739438096 432
1694338272776 0.4164855138522907 433
1694338272801 0.4160907011769826 434
1694338272827 0.41567552425636295 435
1694338272931 0.41527940516431655 436
1694338272955 0.4148905581295544 437
1694338272982 0.4144814667985798 438
1694338273007 0.41409964583565473 439
1694338273032 0.41371363884650186 440
1694338273058 0.4133199553439188 441
1694338273083 0.4129172015428257 442
1694338273109 0.412516066314751 443
1694338273135 0.41209184574176316 444
1694338273161 0.41168550301554646 445
1694338273188 0.4113045427332372 446
1694338273216 0.4109187549250507 447
1694338273275 0.4105309668659058 448
1694338273298 0.4101653901978716 449
1694338273324 0.4097750100052836 450
1694338273352 0.409396824176833 451
1694338273382 0.4090250014171329 452
1694338273407 0.40863957655022765 453
1694338273434 0.40824824121051356 454
1694338273459 0.40789065296797516 455
1694338273484 0.40752641438733794 456
1694338273509 0.40717205782203636 457
1694338273533 0.40684215625621273 458
1694338273559 0.40647394863540776 459
1694338273583 0.40610083219910464 460
1694338273608 0.405735969682569 461
1694338273658 0.4053461662953576 462
1694338273682 0.4049795637384928 463
1694338273706 0.40460282131238695 464
1694338273732 0.4042309387167745 465
1694338273761 0.4038612901410458 466
1694338273785 0.4035008792774366 467
1694338273810 0.40312789453191095 468
1694338273833 0.4028060420376472 469
1694338273857 0.4024470653092048 470
1694338273887 0.40208666334105436 471
1694338273912 0.4017143519905355 472
1694338273937 0.4013538760595598 473
1694338273961 0.4009626628535546 474
1694338273985 0.40062043578103684 475
1694338274011 0.4002622115820015 476
1694338274035 0.3999021431479781 477
1694338274059 0.39956084024774696 478
1694338274086 0.39921438037040596 479
1694338274111 0.39885075574917545 480
1694338274137 0.3984858796147444 481
1694338274161 0.39815271674350705 482
1694338274186 0.3978273093033187 483
1694338274212 0.39744450505568335 484
1694338274239 0.3971008683985879 485
1694338274266 0.3967470365437988 486
1694338274290 0.396423184663112 487
1694338274317 0.3960437910683089 488
1694338274341 0.3957123966824104 489
1694338274372 0.3953347852911988 490
1694338274398 0.39498566625612314 491
1694338274424 0.3946541988848178 492
1694338274448 0.39430409347172507 493
1694338274475 0.39397183518410434 494
1694338274500 0.39362807327035637 495
1694338274524 0.39328326840673505 496
1694338274556 0.39296515354678174 497
1694338274584 0.39262956327340415 498
1694338274609 0.3923265593792767 499
1694338274638 0.3919808811156997 500
1694338274664 0.3916370959441088 501
1694338274692 0.3912947267283544 502
1694338274717 0.39095607949440664 503
1694338274748 0.3906137645060335 504
1694338274773 0.3902951831914659 505
1694338274801 0.3899388741715925 506
1694338274827 0.38960920608509064 507
1694338274854 0.38927599715934197 508
1694338274886 0.38894297940590045 509
1694338274914 0.38861331678442473 510
1694338275017 0.38827996376496127 511
1694338275041 0.38796292468342475 512
1694338275068 0.38763362645798544 513
1694338275093 0.3872995151289251 514
1694338275116 0.3869860640323338 515
1694338275141 0.3866850297384676 516
1694338275167 0.38634953104892683 517
1694338275190 0.38600744111461965 518
1694338275214 0.38570028921974026 519
1694338275240 0.3853905365341367 520
1694338275301 0.3850657842782648 521
1694338275325 0.38472687395223226 522
1694338275350 0.38441417153454166 523
1694338275384 0.38407794966837633 524
1694338275410 0.3837383443528349 525
1694338275434 0.38340265368499504 526
1694338275460 0.3830791049491719 527
1694338275484 0.38276078930083884 528
1694338275512 0.38242799174160486 529
1694338275537 0.3821023529287212 530
1694338275561 0.38180730060766704 531
1694338275585 0.38150404559074846 532
1694338275613 0.38117764466821186 533
1694338275637 0.3808417301457839 534
1694338275661 0.3805681546872409 535
1694338275711 0.3802344572566123 536
1694338275734 0.37993028270307744 537
1694338275758 0.37961851269813235 538
1694338275784 0.37930429782999076 539
1694338275812 0.37900808135897723 540
1694338275836 0.3786816089269623 541
1694338275861 0.3783562582558858 542
1694338275891 0.3780531199157074 543
1694338275917 0.37778511093287714 544
1694338275942 0.37747357133467796 545
1694338275967 0.3771477945710026 546
1694338275993 0.37682573713961426 547
1694338276018 0.37649451798376055 548
1694338276045 0.37618534468266474 549
1694338276071 0.37587554803855605 550
1694338276094 0.3755683736160763 551
1694338276121 0.37522855516781717 552
1694338276146 0.37492396913234544 553
1694338276171 0.3746267013563517 554
1694338276195 0.3743443028866215 555
1694338276219 0.3740450111050754 556
1694338276245 0.3737431920027422 557
1694338276270 0.37343903838231507 558
1694338276299 0.3731212363935035 559
1694338276325 0.37281623059962826 560
1694338276352 0.37253771067742264 561
1694338276383 0.3722289768724826 562
1694338276408 0.3719309613341997 563
1694338276432 0.3716686076420719 564
1694338276456 0.3713787355398663 565
1694338276483 0.3710902760977744 566
1694338276508 0.3708106317103287 567
1694338276533 0.3704987104947524 568
1694338276558 0.3701871278245168 569
1694338276585 0.369887716048039 570
1694338276609 0.36958326824499993 571
1694338276633 0.3692786126190331 572
1694338276658 0.36898884041440144 573
1694338276682 0.36873938396187017 574
1694338276707 0.36842406572244 575
1694338276734 0.36810094103183516 576
1694338276759 0.36780946042937274 577
1694338276785 0.3675249174404672 578
1694338276809 0.36724377532582786 579
1694338276838 0.3669456070391396 580
1694338276868 0.3666649140788286 581
1694338276894 0.3663690059353504 582
1694338276919 0.3660396437807973 583
1694338276945 0.3657641387548004 584
1694338276970 0.3654769185163419 585
1694338276994 0.36517539315509195 586
1694338277109 0.3648982129685747 587
1694338277137 0.3646315908400851 588
1694338277162 0.3643599366603447 589
1694338277187 0.3640730177751122 590
1694338277211 0.36377755263949385 591
1694338277236 0.3634813848236239 592
1694338277262 0.36317825590453917 593
1694338277289 0.36286822999161317 594
1694338277349 0.36257723887623056 595
1694338277381 0.36230793112467014 596
1694338277411 0.3619957831574913 597
1694338277438 0.36171624350723713 598
1694338277461 0.36141233371032583 599
1694338277485 0.36116446958370285 600
1694338277509 0.36090234954600325 601
1694338277537 0.3606293525084992 602
1694338277560 0.3603963762257512 603
1694338277584 0.3601070940769259 604
1694338277610 0.3598323038742564 605
1694338277635 0.35951567982958665 606
1694338277659 0.3592382964256714 607
1694338277683 0.3589514272174812 608
1694338277708 0.35869078752341094 609
1694338277758 0.35842684616170134 610
1694338277782 0.35816069462711025 611
1694338277806 0.3579144075271342 612
1694338277829 0.35767632830425133 613
1694338277854 0.3574101116604573 614
1694338277884 0.35717001775559865 615
1694338277909 0.35690144562234916 616
1694338277937 0.35664905251756496 617
1694338277961 0.3563648101573552 618
1694338277986 0.35610879302892945 619
1694338278010 0.35583079873716034 620
1694338278034 0.35557363065594805 621
1694338278059 0.3553033304042147 622
1694338278083 0.35502301173051376 623
1694338278109 0.3547373937389653 624
1694338278134 0.3544461964095447 625
1694338278161 0.35415478486132423 626
1694338278185 0.35389743276524827 627
1694338278211 0.35362533060360046 628
1694338278236 0.35336381203520967 629
1694338278260 0.35308298652306247 630
1694338278284 0.35284193710116435 631
1694338278309 0.3525799281561674 632
1694338278336 0.35228143368073594 633
1694338278379 0.35200800718871206 634
1694338278404 0.3517453620426628 635
1694338278430 0.3514577641570994 636
1694338278455 0.3512037105644706 637
1694338278482 0.3509441367447159 638
1694338278507 0.35068990808868294 639
1694338278532 0.35041872210314556 640
1694338278557 0.3501472075276673 641
1694338278581 0.34987844028627435 642
1694338278607 0.34962034099475575 643
1694338278631 0.3493442826010085 644
1694338278654 0.3490964506996682 645
1694338278679 0.3488279088832171 646
1694338278703 0.3486174031464989 647
1694338278729 0.3483250379088732 648
1694338278752 0.3480751218263761 649
1694338278778 0.34781882807616094 650
1694338278802 0.3475610544466096 651
1694338278828 0.347283009041932 652
1694338278853 0.3470270405293015 653
1694338278883 0.3467826122410556 654
1694338278909 0.34650725978506536 655
1694338278933 0.34624788879354884 656
1694338278958 0.3460317168967788 657
1694338278987 0.3457715928365782 658
1694338279023 0.3455127258213831 659
1694338279047 0.3452355542029338 660
1694338279073 0.34498128557883895 661
1694338279106 0.3446850059332383 662
1694338279137 0.3444428594884446 663
1694338279193 0.34419849638263855 664
1694338279221 0.3439384757025484 665
1694338279269 0.343675501284636 666
1694338279293 0.34341074810116856 667
1694338279318 0.3431621404850088 668
1694338279344 0.34290946270006367 669
1694338279406 0.3426645409403385 670
1694338279431 0.34241266042841784 671
1694338279459 0.34215668245551967 672
1694338279488 0.34190411456503894 673
1694338279511 0.34165729106319315 674
1694338279536 0.34139112491223583 675
1694338279560 0.3411759875993758 676
1694338279584 0.3409181217470685 677
1694338279612 0.34068017082522334 678
1694338279638 0.34043120039150915 679
1694338279663 0.34020829765208965 680
1694338279687 0.33997450381922295 681
1694338279711 0.3397184435305076 682
1694338279736 0.33946538834042506 683
1694338279786 0.3392496184735151 684
1694338279810 0.33900559077326003 685
1694338279836 0.338746805563767 686
1694338279860 0.338536616099824 687
1694338279891 0.33829487280354104 688
1694338279916 0.33802530403621533 689
1694338279941 0.3378032580810582 690
1694338279966 0.33756886258208557 691
1694338279991 0.3373123038276361 692
1694338280020 0.3370744192753881 693
1694338280043 0.33682573339744254 694
1694338280068 0.33658895680024514 695
1694338280094 0.33636352177842027 696
1694338280118 0.3361246591155281 697
1694338280143 0.33590510020162284 698
1694338280168 0.3356363356827782 699
1694338280192 0.33538570640691184 700
1694338280217 0.3351562406859777 701
1694338280244 0.3348800878124208 702
1694338280270 0.33465688774048885 703
1694338280294 0.3344099973364367 704
1694338280320 0.334167578136293 705
1694338280346 0.33391897703636253 706
1694338280376 0.33367794810032625 707
1694338280402 0.33344548362611676 708
1694338280429 0.33318459590205063 709
1694338280455 0.3329664816024647 710
1694338280481 0.33270694819261537 711
1694338280507 0.33246516620410904 712
1694338280534 0.33223109755593155 713
1694338280559 0.3319870905126549 714
1694338280585 0.3317493346145188 715
1694338280608 0.33152566995997257 716
1694338280642 0.3312798971904246 717
1694338280666 0.33103762082056415 718
1694338280692 0.3308030211265725 719
1694338280716 0.33054050355754877 720
1694338280739 0.3303096761485767 721
1694338280765 0.33006119027843667 722
1694338280792 0.3298103759135573 723
1694338280817 0.3295919447715714 724
1694338280842 0.3293620838395285 725
1694338280871 0.32913290917045657 726
1694338280897 0.3289210126391695 727
1694338280922 0.3286743794226534 728
1694338280945 0.32844301204761306 729
1694338280969 0.32823170081694686 730
1694338280994 0.32798108565031514 731
1694338281022 0.3277565055598134 732
1694338281050 0.3275404674051532 733
1694338281075 0.3273112172113444 734
1694338281098 0.3270914798367319 735
1694338281124 0.3268661718933263 736
1694338281148 0.32665466749069866 737
1694338281172 0.326425024105768 738
1694338281198 0.3262009066016162 739
1694338281222 0.32598082721879035 740
1694338281248 0.32573841398722225 741
1694338281345 0.3255222770157759 742
1694338281374 0.3252957217275008 743
1694338281440 0.3250616386332359 744
1694338281463 0.32482534664917434 745
1694338281489 0.3245918651928879 746
1694338281516 0.32437057379998285 747
1694338281540 0.32414271103967407 748
1694338281564 0.32389820835865385 749
1694338281588 0.32368263642001976 750
1694338281613 0.3234596042006783 751
1694338281638 0.3232151740453033 752
1694338281663 0.32299080717081396 753
1694338281687 0.32276259563011206 754
1694338281712 0.32256549895286357 755
1694338281736 0.32231861216449503 756
1694338281762 0.3221018788006499 757
1694338281811 0.3218792637389061 758
1694338281836 0.32165497748310445 759
1694338281864 0.3214332535059124 760
1694338281890 0.32121147951926443 761
1694338281915 0.3210135002021352 762
1694338281941 0.3208161831480164 763
1694338281965 0.32058853964813167 764
1694338281990 0.32037208300013886 765
1694338282014 0.32013205587308724 766
1694338282043 0.31992223891890625 767
1694338282068 0.31972904018194437 768
1694338282093 0.3195045332165132 769
1694338282117 0.31928594130092774 770
1694338282143 0.31906215738081145 771
1694338282168 0.3188464152648368 772
1694338282192 0.31865570898720696 773
1694338282216 0.3184361350583168 774
1694338282241 0.3182016519003376 775
1694338282267 0.3179732382972863 776
1694338282295 0.3177618236233466 777
1694338282319 0.3175748292748517 778
1694338282344 0.317351521931392 779
1694338282372 0.3171584925182495 780
1694338282397 0.3169405068651085 781
1694338282422 0.3167464698013845 782
1694338282447 0.3165230641574852 783
1694338282471 0.3163218217545584 784
1694338282496 0.31610868584866236 785
1694338282521 0.3159006177552726 786
1694338282549 0.3156808156588057 787
1694338282573 0.3154729887976575 788
1694338282598 0.3152645716054026 789
1694338282623 0.31506304351525083 790
1694338282646 0.3148742860804131 791
1694338282672 0.3146730281962736 792
1694338282696 0.3144460166760144 793
1694338282720 0.31422591181350834 794
1694338282743 0.31402384859198856 795
1694338282766 0.31383229616888697 796
1694338282792 0.3136222644955066 797
1694338282816 0.3134280542442268 798
1694338282841 0.3132167925362359 799
1694338282871 0.3130081163659015 800
1694338282896 0.31280078031827185 801
1694338282922 0.3125720022161838 802
1694338282947 0.31236068811083834 803
1694338282972 0.3121705163036532 804
1694338282997 0.31194196485959963 805
1694338283034 0.31172811906858994 806
1694338283059 0.311514655456743 807
1694338283084 0.31128291476416897 808
1694338283109 0.3111016123214379 809
1694338283134 0.31088341170346034 810
1694338283161 0.310661092373514 811
1694338283186 0.3104379785385073 812
1694338283210 0.31024653697356686 813
1694338283235 0.31002625346951845 814
1694338283260 0.3098273535584358 815
1694338283288 0.30960917462267823 816
1694338283314 0.3094102260385446 817
1694338283428 0.30918450851645185 818
1694338283489 0.3089644238797547 819
1694338283511 0.30877054672199994 820
1694338283535 0.30858439923773673 821
1694338283561 0.3083707744206816 822
1694338283584 0.30814512586701354 823
1694338283611 0.30794186761561165 824
1694338283638 0.3077271197688374 825
1694338283664 0.3075449557241906 826
1694338283686 0.30733623732998944 827
1694338283711 0.3071034195065025 828
1694338283736 0.3068928512895016 829
1694338283762 0.3066843867056549 830
1694338283786 0.3065143408903094 831
1694338283813 0.30630091667407494 832
1694338283863 0.3061137890825148 833
1694338283892 0.3059310308377467 834
1694338283916 0.3057356319973194 835
1694338283940 0.30553399737009956 836
1694338283965 0.30535876501118586 837
1694338283990 0.30516500168335475 838
1694338284015 0.30495522230141686 839
1694338284040 0.304724634159904 840
1694338284064 0.30453235321928424 841
1694338284093 0.3043345180249197 842
1694338284117 0.3041243000883 843
1694338284140 0.30391913730592984 844
1694338284166 0.3037143717864034 845
1694338284189 0.3035229492276523 846
1694338284214 0.30329870212661997 847
1694338284238 0.3031220469041483 848
1694338284263 0.3029224894798782 849
1694338284287 0.30271424614448 850
1694338284312 0.3025112362723629 851
1694338284335 0.3023019165946709 852
1694338284367 0.302114116714567 853
1694338284393 0.30191692502294953 854
1694338284417 0.30172594345029763 855
1694338284443 0.3015107764757297 856
1694338284467 0.3013112698435401 857
1694338284492 0.3010865823797693 858
1694338284517 0.30091467910903613 859
1694338284541 0.3007035070415309 860
1694338284564 0.30050439783425814 861
1694338284594 0.3002934223443535 862
1694338284620 0.3000823755078633 863
1694338284643 0.29988338272936793 864
1694338284668 0.29973563329981023 865
1694338284693 0.2995261888721919 866
1694338284718 0.29932389355985856 867
1694338284741 0.29914348010192987 868
1694338284766 0.29896006773994477 869
1694338284790 0.29877183109165917 870
1694338284813 0.29859870293573815 871
1694338284839 0.29839067528719493 872
1694338284861 0.2981630444173356 873
1694338284890 0.29797527460683265 874
1694338284916 0.29780211113793337 875
1694338284943 0.2976170755272543 876
1694338284968 0.29741794948413725 877
1694338284995 0.2972087508127291 878
1694338285020 0.29702548052256145 879
1694338285047 0.2968392174098203 880
1694338285077 0.2966506841921195 881
1694338285103 0.29646782128660354 882
1694338285129 0.29625437137121574 883
1694338285156 0.2960570172265485 884
1694338285182 0.29585919253985576 885
1694338285208 0.2956565959216363 886
1694338285234 0.2954749701940156 887
1694338285260 0.29529180644081854 888
1694338285285 0.29511748277310373 889
1694338285309 0.294955614186802 890
1694338285335 0.2947579540423345 891
1694338285366 0.2945539465153015 892
1694338285393 0.294358863526495 893
1694338285426 0.29417967806030376 894
1694338285514 0.29401047488064413 895
1694338285551 0.293821515525879 896
1694338285580 0.2936522845525602 897
1694338285604 0.29347557230941623 898
1694338285628 0.2932973152485776 899
1694338285652 0.29311259776925125 900
1694338285678 0.292925495831186 901
1694338285705 0.29273355941210644 902
1694338285729 0.2925614970605382 903
1694338285750 0.2923998033943315 904
1694338285774 0.29222297295479854 905
1694338285800 0.29201158057631965 906
1694338285824 0.291834290235562 907
1694338285848 0.29164612366380843 908
1694338285897 0.29145459980687205 909
1694338285923 0.29125886877450213 910
1694338285948 0.29107651178995275 911
1694338285972 0.2909186655343953 912
1694338285995 0.2907453213412257 913
1694338286020 0.29057081192026946 914
1694338286045 0.2903908356802531 915
1694338286071 0.2902374439574544 916
1694338286100 0.2900687095100994 917
1694338286125 0.2898927843038778 918
1694338286151 0.2897091808230422 919
1694338286177 0.28953892071537674 920
1694338286202 0.2893515598681525 921
1694338286227 0.2891852293774239 922
1694338286254 0.28900903945513395 923
1694338286282 0.2888432193038361 924
1694338286307 0.28866135955480093 925
1694338286333 0.2884868631484356 926
1694338286365 0.2882932385725053 927
1694338286392 0.2881199451755273 928
1694338286415 0.2879319645685974 929
1694338286440 0.2877551306029838 930
1694338286464 0.2876004951339886 931
1694338286487 0.2874114748157957 932
1694338286512 0.2872332518793336 933
1694338286537 0.2870529408638758 934
1694338286561 0.28685964920264945 935
1694338286586 0.28665950613524194 936
1694338286615 0.28647874887732844 937
1694338286640 0.28630081555762077 938
1694338286663 0.28614020625151265 939
1694338286687 0.2859607228120144 940
1694338286713 0.28577997044938497 941
1694338286737 0.2855875083805999 942
1694338286761 0.2854037776599007 943
1694338286786 0.28520433748185 944
1694338286811 0.28503972307596076 945
1694338286838 0.2848754066869608 946
1694338286867 0.2847161004687 947
1694338286895 0.2845210637611571 948
1694338286921 0.28433575950505496 949
1694338286946 0.28414710539171234 950
1694338286971 0.2839758142695174 951
1694338286997 0.2838244168413172 952
1694338287022 0.2836449967515804 953
1694338287060 0.2834481126771126 954
1694338287087 0.2832584553363956 955
1694338287116 0.28308737298935355 956
1694338287141 0.2829067310302859 957
1694338287168 0.28274261058120054 958
1694338287195 0.2825718876110476 959
1694338287221 0.28239764489091146 960
1694338287247 0.2822350963935205 961
1694338287273 0.2820637576071699 962
1694338287300 0.28188083197990765 963
1694338287327 0.2816999705342161 964
1694338287352 0.28154278169326935 965
1694338287383 0.2813586622068152 966
1694338287409 0.2811884901054352 967
1694338287435 0.281015901075556 968
1694338287459 0.280854115766546 969
1694338287485 0.2806891224389807 970
1694338287511 0.2805184584408905 971
1694338287645 0.28032048077417526 972
1694338287669 0.28014626229860284 973
1694338287694 0.2799612340204245 974
1694338287720 0.27978964281878616 975
1694338287743 0.2795913387184072 976
1694338287768 0.2794103427411946 977
1694338287792 0.27925102514366146 978
1694338287816 0.2790734893522732 979
1694338287840 0.2788995676046107 980
1694338287870 0.27871780600222273 981
1694338287920 0.278564623731232 982
1694338287943 0.2784002284082368 983
1694338287967 0.27822668167810266 984
1694338287991 0.27806195342240914 985
1694338288014 0.2778915970366494 986
1694338288036 0.2777252186040909 987
1694338288059 0.2775476643911936 988
1694338288085 0.2773886739245741 989
1694338288109 0.2772226323291914 990
1694338288133 0.277052266967144 991
1694338288158 0.27689267648753907 992
1694338288187 0.27670148393369864 993
1694338288212 0.27652678727501545 994
1694338288237 0.2763536801040645 995
1694338288260 0.2761857866311894 996
1694338288284 0.2760112211182063 997
1694338288308 0.27583477071218354 998
1694338288335 0.2756637936394857 999
1694338288372 0.27549224993732385 1000
1694338288396 0.2753338058720348 1001
1694338288424 0.27516567102618905 1002
1694338288449 0.27499482695161886 1003
1694338288473 0.2748337710592597 1004
1694338288497 0.2746598151381104 1005
1694338288521 0.27448746416220526 1006
1694338288545 0.27429986187264555 1007
1694338288568 0.27414035912947077 1008
1694338288592 0.27398057412836896 1009
1694338288616 0.27381578785684674 1010
1694338288642 0.27363563299479293 1011
1694338288667 0.2734598588682576 1012
1694338288695 0.273285483529887 1013
1694338288720 0.27311895413182874 1014
1694338288748 0.272937620132179 1015
1694338288774 0.27276856304259056 1016
1694338288797 0.2726053051828554 1017
1694338288821 0.2724354470655666 1018
1694338288845 0.2722578209189129 1019
1694338288868 0.2720927848567441 1020
1694338288895 0.27194005815172384 1021
1694338288919 0.2717654572315039 1022
1694338288943 0.2715822472301236 1023
1694338288967 0.27141190748890204 1024
1694338288991 0.2712456055543433 1025
1694338289018 0.2710663572786868 1026
1694338289044 0.2709034913208535 1027
1694338289070 0.270738923966191 1028
1694338289096 0.2705665765059867 1029
1694338289122 0.27041923496610587 1030
1694338289147 0.27023219850103813 1031
1694338289172 0.27007459858451666 1032
1694338289202 0.26990780535075737 1033
1694338289227 0.2697570015901209 1034
1694338289254 0.2695655019396203 1035
1694338289280 0.26937775885478676 1036
1694338289304 0.26921368675226126 1037
1694338289330 0.2690500923730152 1038
1694338289356 0.2688823990495963 1039
1694338289388 0.2687210530177599 1040
1694338289413 0.26857884810079324 1041
1694338289439 0.26842032811949773 1042
1694338289465 0.2682640447417207 1043
1694338289490 0.26811413376911036 1044
1694338289516 0.26793525205653307 1045
1694338289542 0.26778326223455845 1046
1694338289605 0.26760738868880835 1047
1694338289731 0.26745870845310155 1048
1694338289756 0.2672990642982939 1049
1694338289781 0.2671437251816012 1050
1694338289807 0.26697563590874795 1051
1694338289834 0.2668164376713012 1052
1694338289857 0.26666476489700125 1053
1694338289887 0.266495524514552 1054
1694338289911 0.2663452696130701 1055
1694338289961 0.2661854039237388 1056
1694338289985 0.2660150114333603 1057
1694338290008 0.26586739984619184 1058
1694338290032 0.2657069061487191 1059
1694338290059 0.2655595763293161 1060
1694338290084 0.26540063395978836 1061
1694338290110 0.2652496569971727 1062
1694338290133 0.2650798408977558 1063
1694338290158 0.26494794946156397 1064
1694338290182 0.2647939709238321 1065
1694338290207 0.2646224554350603 1066
1694338290231 0.2644485278571604 1067
1694338290255 0.264291215043258 1068
1694338290280 0.26414776690387287 1069
1694338290305 0.2639911602960435 1070
1694338290330 0.26382973942047905 1071
1694338290354 0.26367949012142 1072
1694338290384 0.26353369434604085 1073
1694338290409 0.2633863909485308 1074
1694338290433 0.26324114630726964 1075
1694338290456 0.26308327147081545 1076
1694338290480 0.26293528462007265 1077
1694338290504 0.2627724041123077 1078
1694338290533 0.26261786487236427 1079
1694338290556 0.26244218231069 1080
1694338290584 0.26229167788189456 1081
1694338290608 0.26214083793390286 1082
1694338290631 0.26198029959665803 1083
1694338290656 0.26180520816887665 1084
1694338290680 0.26165146286473123 1085
1694338290705 0.26148465504947416 1086
1694338290728 0.26136556830166435 1087
1694338290753 0.26120134789989885 1088
1694338290775 0.2610431675277065 1089
1694338290799 0.26088807111379664 1090
1694338290822 0.26074346610711846 1091
1694338290846 0.2606026750133294 1092
1694338290875 0.2604482682053491 1093
1694338290898 0.2603007965879208 1094
1694338290924 0.2601610730036578 1095
1694338290950 0.2600068645268942 1096
1694338290975 0.25984563746809347 1097
1694338290998 0.2597041846354235 1098
1694338291023 0.2595371015799427 1099
1694338291047 0.2593835097528021 1100
1694338291086 0.25924046784239496 1101
1694338291111 0.25908847991543016 1102
1694338291136 0.258964620259996 1103
1694338291173 0.25883041237109483 1104
1694338291201 0.25867294357031906 1105
1694338291226 0.25850671808405273 1106
1694338291254 0.25836736728657034 1107
1694338291284 0.2582045856163486 1108
1694338291310 0.2580325864980924 1109
1694338291336 0.25788984926606656 1110
1694338291368 0.2577295826073272 1111
1694338291394 0.25758164617255025 1112
1694338291419 0.25741788918324904 1113
1694338291444 0.2572784676910772 1114
1694338291482 0.2571516472660663 1115
1694338291511 0.25699086362302676 1116
1694338291535 0.2568359855652428 1117
1694338291560 0.2566763962431384 1118
1694338291585 0.2565586837503487 1119
1694338291648 0.25641018163722357 1120
1694338291672 0.2562481748231972 1121
1694338291697 0.2560978128195123 1122
1694338291737 0.2559527403355694 1123
1694338291791 0.2557942573248593 1124
1694338291843 0.2556475869631215 1125
1694338291876 0.2555113858420891 1126
1694338291898 0.25536022844807726 1127
1694338291925 0.255228867045943 1128
1694338291948 0.2550863162793827 1129
1694338291998 0.2549390249805526 1130
1694338292021 0.2547777406688101 1131
1694338292046 0.2546237166963593 1132
1694338292071 0.25448177122823445 1133
1694338292094 0.2543342761416284 1134
1694338292117 0.2541846387436137 1135
1694338292142 0.2540409071742122 1136
1694338292167 0.25389579235926196 1137
1694338292193 0.25375461622327533 1138
1694338292218 0.25360939283607037 1139
1694338292248 0.2534615446547852 1140
1694338292274 0.2533253866097309 1141
1694338292299 0.253180335192613 1142
1694338292324 0.25303291675083905 1143
1694338292349 0.25285465201744856 1144
1694338292380 0.25268655370721227 1145
1694338292406 0.2525407220637701 1146
1694338292437 0.25240770373384197 1147
1694338292461 0.25225431278902866 1148
1694338292485 0.25213792596524726 1149
1694338292508 0.2520115596561562 1150
1694338292531 0.25186788519378617 1151
1694338292556 0.2517155596782452 1152
1694338292578 0.25158549149009424 1153
1694338292602 0.2514224297086681 1154
1694338292626 0.2512806230266115 1155
1694338292649 0.2511334239561397 1156
1694338292674 0.25099059683379377 1157
1694338292696 0.2508355302893238 1158
1694338292720 0.25069295822544674 1159
1694338292742 0.25054136944241895 1160
1694338292770 0.25039336567332665 1161
1694338292794 0.25023776302255346 1162
1694338292818 0.25008453956567206 1163
1694338292842 0.24994586185759862 1164
1694338292873 0.24979187990209573 1165
1694338292898 0.24963201630528303 1166
1694338292925 0.24949572734665923 1167
1694338292950 0.2493455668157167 1168
1694338292978 0.24919567790140998 1169
1694338293003 0.24905021678565037 1170
1694338293029 0.2489026167858652 1171
1694338293054 0.24877595540613598 1172
1694338293080 0.24861805388418065 1173
1694338293105 0.24847008833985904 1174
1694338293129 0.24832445674606937 1175
1694338293157 0.24817621047836094 1176
1694338293180 0.24803270527791804 1177
1694338293205 0.24788863115744697 1178
1694338293229 0.24774504575541317 1179
1694338293256 0.24759124271105312 1180
1694338293280 0.24744329904445128 1181
1694338293306 0.2472959297729755 1182
1694338293330 0.2471352721242718 1183
1694338293356 0.24699810034698988 1184
1694338293387 0.2468650094000581 1185
1694338293414 0.24672423705987054 1186
1694338293439 0.24658019913221238 1187
1694338293465 0.24645964048924657 1188
1694338293492 0.24632583847847994 1189
1694338293516 0.24619831826376995 1190
1694338293542 0.2460726415462031 1191
1694338293566 0.24593650183083884 1192
1694338293592 0.24578520203598006 1193
1694338293617 0.24563938253289921 1194
1694338293643 0.2454857825083536 1195
1694338293701 0.24535357886231546 1196
1694338293726 0.24520908851956685 1197
1694338293751 0.24507762587301166 1198
1694338293779 0.24494746343306578 1199
1694338293805 0.24479609230626104 1200
1694338293913 0.24466105532448315 1201
1694338293940 0.24453501000798092 1202
1694338293964 0.24439572871985174 1203
1694338293987 0.24425327324616627 1204
1694338294018 0.24410635637691866 1205
1694338294057 0.24396426214264957 1206
1694338294081 0.2438276972384883 1207
1694338294107 0.2436886905923017 1208
1694338294131 0.24354315901933227 1209
1694338294154 0.2434122501035763 1210
1694338294178 0.24325536662718686 1211
1694338294204 0.24310943255821318 1212
1694338294241 0.24297679749980292 1213
1694338294265 0.24282061444322162 1214
1694338294289 0.24267621413746773 1215
1694338294314 0.24253939547132 1216
1694338294338 0.24239048866008284 1217
1694338294362 0.24224948965682322 1218
1694338294391 0.24211962503420129 1219
1694338294416 0.2420019713886519 1220
1694338294443 0.24186959556254034 1221
1694338294471 0.24171190906013454 1222
1694338294494 0.2415638205670391 1223
1694338294521 0.24145049340025648 1224
1694338294544 0.2413272751221138 1225
1694338294567 0.24120041696486125 1226
1694338294590 0.2410587118456499 1227
1694338294614 0.2409256792048036 1228
1694338294639 0.24079608808513026 1229
1694338294663 0.2406725622224148 1230
1694338294685 0.24054826915625765 1231
1694338294710 0.24042453708267691 1232
1694338294734 0.24028795903540318 1233
1694338294760 0.24014612221296452 1234
1694338294783 0.24003129176719154 1235
1694338294808 0.23988997895626654 1236
1694338294832 0.23974301303954562 1237
1694338294856 0.23960233546974083 1238
1694338294885 0.23946565326953312 1239
1694338294909 0.239325777553412 1240
1694338294933 0.23918804458758844 1241
1694338294958 0.2390438710144128 1242
1694338294987 0.23892020808415632 1243
1694338295011 0.23877042960052863 1244
1694338295035 0.23861900937832808 1245
1694338295124 0.23848871957364437 1246
1694338295148 0.23835812599355022 1247
1694338295175 0.23822753204614794 1248
1694338295200 0.2380924603591661 1249
1694338295223 0.23796292611327785 1250
1694338295252 0.23781327573375527 1251
1694338295276 0.2376801722136121 1252
1694338295301 0.23754603771029778 1253
1694338295328 0.23739224639565185 1254
1694338295353 0.23725572918388155 1255
1694338295382 0.2371239005645122 1256
1694338295408 0.2369948627459995 1257
1694338295433 0.2368476701893346 1258
1694338295459 0.23671612445553974 1259
1694338295484 0.23658257935445498 1260
1694338295507 0.23643973986743388 1261
1694338295532 0.23630663058721765 1262
1694338295557 0.23616955093424175 1263
1694338295580 0.23605630732934296 1264
1694338295605 0.2359415268664018 1265
1694338295632 0.2357885300884401 1266
1694338295661 0.23565251981883228 1267
1694338295690 0.23552656130659266 1268
1694338295747 0.2354139657058835 1269
1694338295770 0.2352834736170473 1270
1694338295796 0.23513630680832204 1271
1694338295821 0.23499660988142393 1272
1694338295846 0.23486073539468377 1273
1694338295876 0.234738010409638 1274
1694338295899 0.2346199474726425 1275
1694338295976 0.23447832369033536 1276
1694338296011 0.23435026478506168 1277
1694338296077 0.23422935098019038 1278
1694338296100 0.23409837359994726 1279
1694338296122 0.23396205274977253 1280
1694338296152 0.2338392707675933 1281
1694338296176 0.23370215037066733 1282
1694338296200 0.2335939639227712 1283
1694338296224 0.2334991564871239 1284
1694338296249 0.23336074292050898 1285
1694338296272 0.233266371916082 1286
1694338296297 0.23315619510988542 1287
1694338296322 0.2330155128817238 1288
1694338296346 0.23287798643354968 1289
1694338296374 0.23274387290010656 1290
1694338296399 0.2326056854933269 1291
1694338296423 0.2324869070311078 1292
1694338296447 0.23234181504242146 1293
1694338296472 0.23220570187380285 1294
1694338296495 0.23208752808255945 1295
1694338296520 0.23195307883912336 1296
1694338296544 0.23180980396641526 1297
1694338296568 0.23169051656446754 1298
1694338296593 0.2315627831621083 1299
1694338296617 0.23141204099115018 1300
1694338296642 0.2312899065132433 1301
1694338296670 0.23117809420380256 1302
1694338296700 0.23103805818693376 1303
1694338296724 0.230928662135027 1304
1694338296748 0.23080376372788616 1305
1694338296772 0.23068341330091577 1306
1694338296798 0.23055383212381989 1307
1694338296823 0.23042009127649135 1308
1694338296847 0.2302922120960077 1309
1694338296875 0.23015265584709996 1310
1694338296902 0.23002012971294483 1311
1694338296928 0.22988713258904428 1312
1694338296959 0.2297436457581503 1313
1694338296983 0.22961418549194337 1314
1694338297007 0.22948829344389454 1315
1694338297031 0.22936125279796543 1316
1694338297058 0.2292381146645397 1317
1694338297082 0.2291125833188672 1318
1694338297108 0.22898058879285052 1319
1694338297131 0.22884299337194008 1320
1694338297190 0.22872443645562726 1321
1694338297212 0.22859986395965404 1322
1694338297239 0.2284581100390947 1323
1694338297265 0.2283240962090375 1324
1694338297290 0.22819790003650328 1325
1694338297314 0.22807397426058187 1326
1694338297339 0.22794573536451276 1327
1694338297368 0.22782470042029254 1328
1694338297394 0.2276988497406788 1329
1694338297419 0.2275707023740629 1330
1694338297443 0.22745653794114784 1331
1694338297466 0.22732011917594983 1332
1694338297492 0.227187822196615 1333
1694338297518 0.22707157304941003 1334
1694338297543 0.22694205043922813 1335
1694338297566 0.22681454520370903 1336
1694338297590 0.22668412780276664 1337
1694338297615 0.22655821740889862 1338
1694338297640 0.22643660629551907 1339
1694338297665 0.2263120722230787 1340
1694338297688 0.22617477378212786 1341
1694338297713 0.22605791856498184 1342
1694338297774 0.2259183852661374 1343
1694338297797 0.22579606627484383 1344
1694338297824 0.22567418802089928 1345
1694338297848 0.22555857745297836 1346
1694338297877 0.225430926492791 1347
1694338297900 0.22530498089141687 1348
1694338297925 0.2251872587778101 1349
1694338297952 0.22504046830944716 1350
1694338297977 0.22491322107685077 1351
1694338298000 0.2248078493582105 1352
1694338298030 0.22467699025646143 1353
1694338298060 0.22456769236132668 1354
1694338298118 0.22444383679783275 1355
1694338298167 0.2243259875500344 1356
1694338298192 0.22419743178718884 1357
1694338298216 0.22408625010411404 1358
1694338298241 0.22395112760760744 1359
1694338298266 0.22383291258658328 1360
1694338298291 0.22370915351165283 1361
1694338298315 0.22359621583278502 1362
1694338298341 0.22347766266371588 1363
1694338298370 0.2233538900198302 1364
1694338298406 0.2232247509666812 1365
1694338298443 0.22311917481402826 1366
1694338298471 0.22299903902804352 1367
1694338298496 0.22287628652541439 1368
1694338298521 0.22274089577857356 1369
1694338298546 0.22261150063815777 1370
1694338298571 0.22249277146977575 1371
1694338298595 0.22237280872548235 1372
1694338298621 0.22224375996556664 1373
1694338298647 0.22211380213434506 1374
1694338298672 0.22200827509132653 1375
1694338298695 0.22187636607748082 1376
1694338298723 0.22174791895108611 1377
1694338298748 0.22163724141280605 1378
1694338298773 0.2215164343891706 1379
1694338298796 0.2214128987479541 1380
1694338298821 0.22130458088852267 1381
1694338298847 0.22118941068746775 1382
1694338298878 0.22106751808509664 1383
1694338298905 0.22094259264504845 1384
1694338298930 0.22080968508287283 1385
1694338298957 0.22069155467355095 1386
1694338298980 0.22056277485887932 1387
1694338299005 0.22045208889137916 1388
1694338299030 0.2203356161185686 1389
1694338299057 0.22021465186617215 1390
1694338299085 0.22009425650666856 1391
1694338299122 0.2199705565778472 1392
1694338299147 0.21985398308001713 1393
1694338299171 0.219748512026077 1394
1694338299197 0.21961496722113674 1395
1694338299225 0.21948759595523168 1396
1694338299251 0.21938166293516256 1397
1694338299276 0.219275979872532 1398
1694338299302 0.2191606100668568 1399
1694338299328 0.21903443052635554 1400
1694338299354 0.21893072334660227 1401
1694338299385 0.2188079467066669 1402
1694338299411 0.21867496860122237 1403
1694338299435 0.21854632593054504 1404
1694338299461 0.21842240101935384 1405
1694338299487 0.21830626814810083 1406
1694338299514 0.21819347368377526 1407
1694338299540 0.21806887457450652 1408
1694338299566 0.21794788496844075 1409
1694338299592 0.21782425427189908 1410
1694338299617 0.21772058174456407 1411
1694338299644 0.2176138878136935 1412
1694338299672 0.21749923195633541 1413
1694338299697 0.21739664350339327 1414
1694338299726 0.21727057701499708 1415
1694338299753 0.217149250084553 1416
1694338299813 0.21703024419588654 1417
1694338299835 0.21691203385802793 1418
1694338299866 0.21678575119817953 1419
1694338299894 0.21667278320765465 1420
1694338299917 0.21655951209223007 1421
1694338299941 0.21643983631576488 1422
1694338299965 0.21631800335633652 1423
1694338299990 0.2162111874649981 1424
1694338300015 0.21609350009732498 1425
1694338300040 0.21597190369479394 1426
1694338300065 0.215858664112496 1427
1694338300091 0.2157429781894268 1428
1694338300116 0.21562799810807148 1429
1694338300184 0.2155038396832625 1430
1694338300267 0.21538167608349412 1431
1694338300289 0.2152680721632792 1432
1694338300313 0.2151477295901825 1433
1694338300337 0.21503323710987185 1434
1694338300364 0.21492126639419176 1435
1694338300388 0.21479656091573332 1436
1694338300412 0.21468924577351872 1437
1694338300439 0.2145698039196037 1438
1694338300465 0.21446275849453805 1439
1694338300489 0.21435438683076283 1440
1694338300514 0.2142255604842929 1441
1694338300539 0.21411946954866287 1442
1694338300563 0.2140108986849665 1443
1694338300587 0.21391351506028655 1444
1694338300610 0.2138046114939929 1445
1694338300636 0.21368980650017166 1446
1694338300661 0.21356683066854157 1447
1694338300685 0.21346420097385502 1448
1694338300709 0.21336560553697909 1449
1694338300733 0.2132478332591278 1450
1694338300759 0.21313296193223638 1451
1694338300783 0.21301448881496157 1452
1694338300808 0.2129055352192412 1453
1694338300832 0.21278939936073382 1454
1694338300861 0.21268065571951322 1455
1694338300889 0.21255435874249035 1456
1694338300912 0.2124403237110134 1457
1694338300936 0.21233546103299777 1458
1694338300960 0.21220490969726283 1459
1694338300985 0.21209040118339512 1460
1694338301009 0.2119873885092407 1461
1694338301034 0.21188197516123666 1462
1694338301060 0.2117781766705664 1463
1694338301086 0.21166871012046498 1464
1694338301126 0.2115581414567353 1465
1694338301150 0.2114334355122472 1466
1694338301173 0.21130056481760606 1467
1694338301199 0.21118886807825094 1468
1694338301223 0.2110752822337647 1469
1694338301248 0.21096741453283183 1470
1694338301272 0.21086880418262 1471
1694338301297 0.21074404077576403 1472
1694338301321 0.21064255318657238 1473
1694338301346 0.21051466849164982 1474
1694338301380 0.21038958921327505 1475
1694338301406 0.21028373205010936 1476
1694338301432 0.21017190758029278 1477
1694338301456 0.21005084455275147 1478
1694338301480 0.2099417740799343 1479
1694338301506 0.20983821236781505 1480
1694338301539 0.20972387531583672 1481
1694338301564 0.20961682212983054 1482
1694338301589 0.20949530821406886 1483
1694338301613 0.20937982802257704 1484
1694338301639 0.20928300268667108 1485
1694338301664 0.2091521246709426 1486
1694338301689 0.20904903251064427 1487
1694338301713 0.20894669631534904 1488
1694338301738 0.20885434951950813 1489
1694338301762 0.2087318003844563 1490
1694338301788 0.20862351771672577 1491
1694338301813 0.2085088974729891 1492
1694338301879 0.2083979145831082 1493
1694338301902 0.20829043214498474 1494
1694338301926 0.2081718528901711 1495
1694338301954 0.20806321897736338 1496
1694338301978 0.2079516669663462 1497
1694338302004 0.2078428305326048 1498
1694338302027 0.20772981547665098 1499
1694338302395 0.2078428305326048 1500
