1694356828996 1.9108673829053537 0
1694356829033 1.8743461219500084 1
1694356829062 1.8412938098578737 2
1694356829085 1.809853880155774 3
1694356829109 1.7802509900275572 4
1694356829134 1.7520117032338802 5
1694356829159 1.7253580480519053 6
1694356829246 1.6999915262172174 7
1694356829272 1.6753022021156192 8
1694356829334 1.6516414608094498 9
1694356829359 1.62895002480878 10
1694356829383 1.6071749950828202 11
1694356829412 1.5859538725382292 12
1694356829436 1.565627034552701 13
1694356829462 1.5460378845377594 14
1694356829487 1.5270762799908317 15
1694356829513 1.5085442196396932 16
1694356829537 1.4905136373654821 17
1694356829563 1.4730411133007366 18
1694356829588 1.4562073925137586 19
1694356829614 1.440084395729123 20
1694356829639 1.423899966112288 21
1694356829669 1.4083508591402003 22
1694356829696 1.393272198367461 23
1694356829724 1.378499618901332 24
1694356829747 1.3641985837476243 25
1694356829771 1.350039253789118 26
1694356829796 1.3360051034208082 27
1694356829824 1.3225112737140088 28
1694356829849 1.3093452147405291 29
1694356829885 1.2967199899190303 30
1694356829913 1.2840487694099898 31
1694356829939 1.2717081206813514 32
1694356829963 1.2597378798896184 33
1694356829988 1.2480412976993525 34
1694356830014 1.2366044242413528 35
1694356830039 1.2252208569777534 36
1694356830071 1.2142682119471495 37
1694356830097 1.2035893298125848 38
1694356830122 1.192926723170772 39
1694356830167 1.1825800962852422 40
1694356830192 1.1724867654569024 41
1694356830217 1.1626746379380541 42
1694356830254 1.1528376732610894 43
1694356830280 1.143134861366054 44
1694356830304 1.1336175245789533 45
1694356830331 1.124332248203758 46
1694356830358 1.1153125748215111 47
1694356830385 1.106288532493215 48
1694356830417 1.097645720653688 49
1694356830445 1.0891799376713758 50
1694356830470 1.080791178528874 51
1694356830499 1.072533216135147 52
1694356830527 1.064402651602143 53
1694356830577 1.0564820135156832 54
1694356830603 1.0486540691895627 55
1694356830629 1.0410165587579752 56
1694356830660 1.033438187100281 57
1694356830686 1.0259783721276607 58
1694356830713 1.0187291564835612 59
1694356830738 1.011612681892941 60
1694356830763 1.0045030712863543 61
1694356830789 0.997548343411974 62
1694356830815 0.9907396739634715 63
1694356830844 0.9840135683902987 64
1694356830871 0.9774340185912139 65
1694356830896 0.9709941374048505 66
1694356830923 0.9646022795086179 67
1694356830950 0.9583125203269223 68
1694356830975 0.9521799521549575 69
1694356831000 0.9461098810924374 70
1694356831025 0.9401451097173513 71
1694356831051 0.9342926347609688 72
1694356831079 0.928410228798838 73
1694356831104 0.922750638493787 74
1694356831130 0.9170838057768055 75
1694356831162 0.9114610722798461 76
1694356831187 0.9060550063875624 77
1694356831213 0.9006984401006016 78
1694356831265 0.8954366596080301 79
1694356831289 0.8902762108134059 80
1694356831320 0.8852301377085545 81
1694356831352 0.8801647647913505 82
1694356831450 0.875224589818416 83
1694356831474 0.8703263922819847 84
1694356831503 0.8654567790562067 85
1694356831530 0.8606587999862673 86
1694356831554 0.8559855873828235 87
1694356831579 0.8513786548884279 88
1694356831605 0.8467899719075543 89
1694356831632 0.8423529771246164 90
1694356831666 0.8379418454569311 91
1694356831696 0.8336049613234331 92
1694356831721 0.8293217659708296 93
1694356831748 0.825056347189883 94
1694356831772 0.8208608360216574 95
1694356831797 0.816752630488003 96
1694356831822 0.8127733986345936 97
1694356831849 0.8088201435904461 98
1694356831875 0.8048780162362543 99
1694356831900 0.8009933215307729 100
1694356831925 0.7971580627078215 101
1694356831951 0.7934299644031884 102
1694356831977 0.7896254598410678 103
1694356832003 0.7859851935596549 104
1694356832029 0.7823412906583319 105
1694356832056 0.7788306961261295 106
1694356832085 0.7752296700696751 107
1694356832111 0.7716884975680216 108
1694356832137 0.7681603341923323 109
1694356832163 0.7647620432525565 110
1694356832190 0.7613479595495605 111
1694356832216 0.7580340201703398 112
1694356832245 0.7548454336504299 113
1694356832272 0.751515777505351 114
1694356832300 0.7483205816875539 115
1694356832328 0.7452470422757451 116
1694356832355 0.7421798659525879 117
1694356832382 0.7390861687595923 118
1694356832412 0.7360173409094768 119
1694356832439 0.7330368232959533 120
1694356832467 0.7300591258640978 121
1694356832495 0.7272114330780834 122
1694356832528 0.7243478684237937 123
1694356832555 0.7215095497418825 124
1694356832608 0.7186759546968128 125
1694356832635 0.7159054190449473 126
1694356832662 0.7131667275711481 127
1694356832690 0.710450796235945 128
1694356832714 0.7078091476275207 129
1694356832739 0.7051467384741937 130
1694356832766 0.7025103847060176 131
1694356832792 0.6998943483359743 132
1694356832817 0.6973923984594093 133
1694356832843 0.6948919868419116 134
1694356832870 0.6922723283432743 135
1694356832895 0.6897885082942816 136
1694356832921 0.687369583013784 137
1694356832946 0.684921056325058 138
1694356832973 0.6825558712702302 139
1694356832999 0.6801763732180997 140
1694356833025 0.6778448048814433 141
1694356833052 0.6755219632264972 142
1694356833078 0.6732381714124582 143
1694356833104 0.670979351704752 144
1694356833130 0.668737772887691 145
1694356833155 0.6665351937484515 146
1694356833198 0.6643245970233453 147
1694356833227 0.6621781257994692 148
1694356833252 0.6600450362544614 149
1694356833304 0.657918205905537 150
1694356833328 0.655869673043402 151
1694356833353 0.6538121947961028 152
1694356833378 0.6518004820201853 153
1694356833409 0.6497437197815391 154
1694356833438 0.6477440035057269 155
1694356833471 0.6457927875200851 156
1694356833528 0.6438091150939514 157
1694356833556 0.6418661942570876 158
1694356833619 0.6399258912406092 159
1694356833645 0.63805134768435 160
1694356833672 0.6361026673702335 161
1694356833700 0.63422460144072 162
1694356833731 0.6323611533226354 163
1694356833758 0.6305334257250387 164
1694356833783 0.628734283055869 165
1694356833811 0.6269327108116872 166
1694356833843 0.625158083417564 167
1694356833872 0.6234136589196848 168
1694356833906 0.6216604271675914 169
1694356833930 0.6199611105142055 170
1694356833957 0.6182388508175438 171
1694356833983 0.6165394165476007 172
1694356834009 0.6148589136636294 173
1694356834034 0.613169626240692 174
1694356834061 0.6115239554491071 175
1694356834086 0.6098823330996864 176
1694356834112 0.6082450540121717 177
1694356834138 0.6066297201718157 178
1694356834164 0.6050659551812498 179
1694356834190 0.6034768115161601 180
1694356834219 0.6019080828702313 181
1694356834247 0.6003399254398292 182
1694356834274 0.5988074467832655 183
1694356834299 0.5972506019321138 184
1694356834324 0.5957732316823238 185
1694356834351 0.5943019584342663 186
1694356834377 0.5927962744246946 187
1694356834403 0.5913275635925012 188
1694356834430 0.5898473683999454 189
1694356834457 0.5883686749150547 190
1694356834483 0.5869219941869466 191
1694356834510 0.5854935041724548 192
1694356834536 0.5840994816561242 193
1694356834566 0.5827404666574768 194
1694356834593 0.5813717362770215 195
1694356834644 0.5800609755266121 196
1694356834669 0.5787238454773156 197
1694356834694 0.5773930882830441 198
1694356834719 0.5760586763063525 199
1694356834748 0.5747382971185637 200
1694356834775 0.5734721346305366 201
1694356834800 0.5721751277697933 202
1694356834828 0.5708816787630386 203
1694356834853 0.5695907642141609 204
1694356834879 0.5683327482678024 205
1694356834906 0.567085392745547 206
1694356834932 0.5658278588961491 207
1694356834958 0.5646133490119905 208
1694356834984 0.5634222509726992 209
1694356835010 0.5622215221183329 210
1694356835035 0.5610075987742653 211
1694356835061 0.5597671785702392 212
1694356835085 0.5585498848892172 213
1694356835113 0.5573383441717115 214
1694356835140 0.5562081007982278 215
1694356835164 0.5550733175089627 216
1694356835190 0.5539433971030072 217
1694356835216 0.5528064115512289 218
1694356835242 0.551688863435946 219
1694356835269 0.5505689779865351 220
1694356835295 0.5494771736777769 221
1694356835347 0.5483999061070401 222
1694356835371 0.5473004724150362 223
1694356835396 0.5462240595013843 224
1694356835424 0.5451183817701187 225
1694356835450 0.5440725408775338 226
1694356835476 0.5430215340791756 227
1694356835502 0.5419642759621406 228
1694356835527 0.5409484312133824 229
1694356835551 0.5399450810435587 230
1694356835587 0.5388978773925694 231
1694356835666 0.5378752214446199 232
1694356835721 0.5368464347582226 233
1694356835747 0.5358363774700027 234
1694356835772 0.5348310954543346 235
1694356835802 0.5338448050044058 236
1694356835827 0.5328749809546525 237
1694356835851 0.5318891411126723 238
1694356835877 0.5309158896188017 239
1694356835914 0.5299730416461185 240
1694356835940 0.5290154876707406 241
1694356835965 0.5280657052737405 242
1694356835991 0.5271242446292479 243
1694356836018 0.526209341467132 244
1694356836044 0.525291257906742 245
1694356836072 0.5243119335494876 246
1694356836099 0.5233659502654117 247
1694356836128 0.5224374347403692 248
1694356836154 0.5215346329558953 249
1694356836182 0.5206416913809974 250
1694356836209 0.5197268041508225 251
1694356836237 0.5188044655292543 252
1694356836265 0.5179566206913474 253
1694356836292 0.5170538925076427 254
1694356836322 0.516181551778969 255
1694356836348 0.5153065920033979 256
1694356836376 0.5144453667397743 257
1694356836404 0.5135962769276948 258
1694356836431 0.5127411584738499 259
1694356836458 0.5118920006737281 260
1694356836487 0.5110508109785202 261
1694356836513 0.510226242962677 262
1694356836540 0.5093776801999939 263
1694356836567 0.5085292929570523 264
1694356836594 0.5077442357264352 265
1694356836622 0.5069086527359533 266
1694356836648 0.5060968021303447 267
1694356836697 0.5052743776067317 268
1694356836721 0.5044966232340228 269
1694356836747 0.5036852139139385 270
1694356836771 0.5029056447811532 271
1694356836795 0.5021080634227718 272
1694356836819 0.5013149690266436 273
1694356836848 0.500535967829536 274
1694356836872 0.4997666613807164 275
1694356836897 0.4990162560282151 276
1694356836924 0.49825672760796225 277
1694356836948 0.4974739538780767 278
1694356836974 0.49672619423447817 279
1694356836998 0.4959842188044028 280
1694356837023 0.4952540230303445 281
1694356837049 0.4945053036135885 282
1694356837076 0.49379722430653145 283
1694356837101 0.4930320101972864 284
1694356837127 0.4923148804958261 285
1694356837151 0.4915735263569121 286
1694356837177 0.4908250087334063 287
1694356837202 0.4900876099327857 288
1694356837229 0.48935326852922373 289
1694356837254 0.48866756142682904 290
1694356837279 0.4879700548818664 291
1694356837305 0.4873006910271717 292
1694356837331 0.4866273015228869 293
1694356837383 0.48594877108788403 294
1694356837409 0.48524564816498844 295
1694356837433 0.4845665390284573 296
1694356837457 0.48385710500564044 297
1694356837488 0.48320283809260334 298
1694356837514 0.48251069031410515 299
1694356837539 0.4818177386053115 300
1694356837564 0.4811459850197522 301
1694356837589 0.48049462528126125 302
1694356837617 0.4798088442872519 303
1694356837642 0.47913551475367355 304
1694356837668 0.4784723282612773 305
1694356837693 0.47779252524994065 306
1694356837788 0.47713694171419196 307
1694356837840 0.4764668687772827 308
1694356837864 0.47580938697566677 309
1694356837889 0.4751819339148119 310
1694356837929 0.4745442649532046 311
1694356837954 0.47389410737596604 312
1694356837980 0.4732400951997393 313
1694356838004 0.4726604502324013 314
1694356838030 0.4720448201082327 315
1694356838055 0.47142798152588955 316
1694356838083 0.4707946300455179 317
1694356838108 0.47020118400912647 318
1694356838133 0.4695949445905989 319
1694356838158 0.4689903399824297 320
1694356838183 0.46838287416898483 321
1694356838210 0.4677902247559511 322
1694356838237 0.4671889780820365 323
1694356838262 0.4665768756219328 324
1694356838288 0.4659906048437958 325
1694356838314 0.46541071193525074 326
1694356838339 0.46480084201947225 327
1694356838364 0.46420757049965794 328
1694356838390 0.46361513703487683 329
1694356838415 0.4630603637679374 330
1694356838445 0.46249947167700545 331
1694356838471 0.46190882802881716 332
1694356838496 0.46131558859946054 333
1694356838521 0.4607270271415601 334
1694356838547 0.4601574139637262 335
1694356838573 0.45956636043756954 336
1694356838601 0.4590191985212471 337
1694356838631 0.4584518402302624 338
1694356838658 0.4578690520653662 339
1694356838683 0.45730418389313054 340
1694356838734 0.4567205780754633 341
1694356838760 0.4561509402910315 342
1694356838784 0.4555909775470623 343
1694356838809 0.4550238912834565 344
1694356838837 0.4544919754230923 345
1694356838862 0.4539559751814915 346
1694356838885 0.45342684512481174 347
1694356838911 0.45284181261245204 348
1694356838937 0.4523433911420155 349
1694356838966 0.4518205495907046 350
1694356838991 0.45130835649126366 351
1694356839016 0.4508246435761236 352
1694356839041 0.4502849068848066 353
1694356839066 0.44977405582642177 354
1694356839094 0.4492265494583624 355
1694356839119 0.4487018017941075 356
1694356839144 0.44820631762474256 357
1694356839168 0.4476966605931722 358
1694356839195 0.4472149994118363 359
1694356839219 0.446705954798056 360
1694356839245 0.4461863270358599 361
1694356839269 0.4456971708244972 362
1694356839294 0.4451928085307683 363
1694356839321 0.4446999296739525 364
1694356839347 0.4441968711945092 365
1694356839374 0.4437005349268973 366
1694356839424 0.4432043726261787 367
1694356839447 0.44269592791868345 368
1694356839475 0.4421775987657076 369
1694356839498 0.4416873786487798 370
1694356839523 0.44117652197302737 371
1694356839547 0.4406974267633394 372
1694356839573 0.4402188428544322 373
1694356839598 0.4396873655605617 374
1694356839623 0.439217894497015 375
1694356839649 0.4387190527585812 376
1694356839697 0.43825038700244384 377
1694356839722 0.4377837960747061 378
1694356839748 0.4373097943774034 379
1694356839773 0.4368052070132083 380
1694356839803 0.43635230512586953 381
1694356839835 0.4358759656672347 382
1694356839892 0.435385559400661 383
1694356839918 0.434920566536715 384
1694356839984 0.4344486971468859 385
1694356840008 0.4339758431642881 386
1694356840033 0.4335093682921069 387
1694356840063 0.43303336152467425 388
1694356840096 0.4325653436787309 389
1694356840121 0.43211228171949495 390
1694356840146 0.4316593300855764 391
1694356840283 0.43120608511980685 392
1694356840306 0.43074309426117197 393
1694356840330 0.4302705643093904 394
1694356840354 0.4298129760881199 395
1694356840378 0.4293570921025477 396
1694356840404 0.4289147713025535 397
1694356840431 0.4284361051205656 398
1694356840455 0.42796970697281417 399
1694356840480 0.4275250166211077 400
1694356840504 0.4271303301607685 401
1694356840531 0.4267077877877022 402
1694356840556 0.4262494746511488 403
1694356840580 0.42579466033478036 404
1694356840605 0.42534563384964014 405
1694356840631 0.42490953939812737 406
1694356840656 0.42448107584892786 407
1694356840683 0.4240321197150421 408
1694356840709 0.42359132089948515 409
1694356840762 0.4231543969039955 410
1694356840785 0.4227102141922917 411
1694356840814 0.4223008704888909 412
1694356840924 0.4218501528965272 413
1694356840986 0.4214366284552065 414
1694356841010 0.42101375800579144 415
1694356841034 0.4205830391672629 416
1694356841064 0.420143152439817 417
1694356841088 0.41970084454004153 418
1694356841114 0.4192691378582855 419
1694356841139 0.41886552542454925 420
1694356841164 0.41843816328492917 421
1694356841189 0.41803195057651443 422
1694356841214 0.41761199323509873 423
1694356841240 0.4172173624783716 424
1694356841265 0.41681222397132167 425
1694356841289 0.41641001949678214 426
1694356841317 0.4160147986141024 427
1694356841344 0.4156091813395385 428
1694356841370 0.4152191245884876 429
1694356841397 0.41482092604789106 430
1694356841448 0.41440089791978574 431
1694356841472 0.4140096578117471 432
1694356841497 0.413585678106851 433
1694356841521 0.41319616100533496 434
1694356841662 0.41279610241014425 435
1694356841686 0.4124117172424963 436
1694356841710 0.4120266648066129 437
1694356841734 0.41163911493777566 438
1694356841760 0.4112356057577572 439
1694356841784 0.4108741171222124 440
1694356841810 0.4104564655103345 441
1694356841834 0.4100722145795423 442
1694356841858 0.4096909655895976 443
1694356841883 0.4092858270959034 444
1694356841909 0.40889700158314407 445
1694356841944 0.40851594996415047 446
1694356842055 0.4080755105181108 447
1694356842087 0.4076693512354288 448
1694356842111 0.4072806933924751 449
1694356842137 0.4068860918389019 450
1694356842161 0.40651492049180227 451
1694356842186 0.4061174576301878 452
1694356842209 0.4057561673896615 453
1694356842234 0.40536052055977684 454
1694356842259 0.4049434902051334 455
1694356842284 0.4045491009513349 456
1694356842308 0.4041836822427049 457
1694356842333 0.4038299667900483 458
1694356842360 0.40344825105188226 459
1694356842387 0.403074661133482 460
1694356842414 0.4027247684298418 461
1694356842439 0.4023822742979888 462
1694356842466 0.40199076144138585 463
1694356842493 0.4016131015088663 464
1694356842518 0.401256528707417 465
1694356842545 0.40088587815834903 466
1694356842572 0.4005161495629879 467
1694356842604 0.400144891470269 468
1694356842653 0.3997691829213044 469
1694356842679 0.3994450077206174 470
1694356842707 0.3991077039993264 471
1694356842733 0.39875240889287694 472
1694356842763 0.39837807206548975 473
1694356842805 0.39801799340664007 474
1694356842829 0.397667085846517 475
1694356842853 0.39730944976045085 476
1694356842877 0.39697448743926883 477
1694356842903 0.3966040230518701 478
1694356842926 0.3962344156904259 479
1694356842951 0.39588678910115527 480
1694356842975 0.3955327894621819 481
1694356843001 0.39519362417950016 482
1694356843027 0.3948567461532134 483
1694356843051 0.39449670739288956 484
1694356843076 0.3941283861272205 485
1694356843101 0.3938050507375172 486
1694356843129 0.39346237022389663 487
1694356843154 0.39310582817024636 488
1694356843179 0.3927681681092773 489
1694356843205 0.39241460086471097 490
1694356843231 0.3920452003459238 491
1694356843255 0.3917277677412158 492
1694356843280 0.39137689080454047 493
1694356843304 0.3910125429457778 494
1694356843330 0.3906692427276579 495
1694356843355 0.390306377126772 496
1694356843380 0.39002277115774586 497
1694356843405 0.38966071355825876 498
1694356843430 0.3893150595775681 499
1694356843545 0.3893150595775681 500
