1694359393096 1.9108673829053535 0
1694359393174 1.8743461219500088 1
1694359393198 1.8412938098578737 2
1694359393231 1.8098538801557738 3
1694359393262 1.7802509900275572 4
1694359393288 1.7520117032338802 5
1694359393313 1.725358048051905 6
1694359393344 1.699991526217217 7
1694359393369 1.6753022021156192 8
1694359393393 1.6516414608094498 9
1694359393418 1.6289500248087798 10
1694359393442 1.6071749950828202 11
1694359393467 1.5859538725382292 12
1694359393493 1.565627034552701 13
1694359393517 1.5460378845377594 14
1694359393542 1.527076279990832 15
1694359393575 1.5085442196396932 16
1694359393601 1.4905136373654821 17
1694359393625 1.4730411133007366 18
1694359393652 1.4562073925137586 19
1694359393676 1.4400843957291234 20
1694359393703 1.423899966112288 21
1694359393729 1.4083508591402003 22
1694359393761 1.393272198367461 23
1694359393786 1.3784996189013319 24
1694359393811 1.3641985837476243 25
1694359393837 1.3500392537891177 26
1694359393886 1.3360051034208082 27
1694359393913 1.322511273714009 28
1694359393939 1.3093452147405291 29
1694359393965 1.2967199899190305 30
1694359393992 1.2840487694099898 31
1694359394019 1.2717081206813514 32
1694359394049 1.2597378798896184 33
1694359394075 1.2480412976993525 34
1694359394101 1.236604424241353 35
1694359394127 1.2252208569777534 36
1694359394181 1.2142682119471495 37
1694359394208 1.203589329812585 38
1694359394235 1.192926723170772 39
1694359394269 1.1825800962852424 40
1694359394295 1.1724867654569024 41
1694359394320 1.1626746379380541 42
1694359394345 1.1528376732610894 43
1694359394371 1.143134861366054 44
1694359394398 1.133617524578953 45
1694359394424 1.1243322482037579 46
1694359394450 1.115312574821511 47
1694359394476 1.1062885324932152 48
1694359394503 1.097645720653688 49
1694359394530 1.0891799376713756 50
1694359394555 1.080791178528874 51
1694359394581 1.0725332161351468 52
1694359394608 1.0644026516021432 53
1694359394633 1.0564820135156834 54
1694359394656 1.0486540691895627 55
1694359394741 1.0410165587579752 56
1694359394787 1.033438187100281 57
1694359394813 1.0259783721276612 58
1694359394841 1.0187291564835612 59
1694359394866 1.011612681892941 60
1694359394891 1.0045030712863545 61
1694359394917 0.997548343411974 62
1694359394944 0.9907396739634715 63
1694359394972 0.9840135683902986 64
1694359394998 0.9774340185912137 65
1694359395025 0.9709941374048506 66
1694359395060 0.9646022795086179 67
1694359395086 0.9583125203269223 68
1694359395111 0.9521799521549573 69
1694359395137 0.9461098810924374 70
1694359395165 0.9401451097173513 71
1694359395222 0.9342926347609688 72
1694359395253 0.9284102287988379 73
1694359395278 0.922750638493787 74
1694359395307 0.9170838057768051 75
1694359395333 0.9114610722798461 76
1694359395359 0.9060550063875622 77
1694359395384 0.9006984401006016 78
1694359395410 0.8954366596080302 79
1694359395435 0.8902762108134059 80
1694359395460 0.8852301377085547 81
1694359395487 0.8801647647913505 82
1694359395514 0.875224589818416 83
1694359395540 0.8703263922819847 84
1694359395566 0.8654567790562067 85
1694359395592 0.8606587999862672 86
1694359395620 0.8559855873828235 87
1694359395646 0.8513786548884279 88
1694359395674 0.8467899719075541 89
1694359395700 0.8423529771246162 90
1694359395731 0.8379418454569312 91
1694359395759 0.8336049613234331 92
1694359395784 0.8293217659708296 93
1694359395812 0.825056347189883 94
1694359395838 0.8208608360216574 95
1694359395864 0.816752630488003 96
1694359395913 0.8127733986345936 97
1694359395938 0.8088201435904461 98
1694359395964 0.8048780162362543 99
1694359395989 0.8009933215307729 100
1694359396013 0.7971580627078219 101
1694359396038 0.7934299644031884 102
1694359396065 0.7896254598410679 103
1694359396090 0.7859851935596549 104
1694359396116 0.7823412906583321 105
1694359396142 0.7788306961261295 106
1694359396169 0.7752296700696751 107
1694359396196 0.7716884975680216 108
1694359396222 0.7681603341923323 109
1694359396254 0.7647620432525567 110
1694359396281 0.7613479595495605 111
1694359396308 0.7580340201703398 112
1694359396337 0.7548454336504298 113
1694359396363 0.751515777505351 114
1694359396391 0.7483205816875539 115
1694359396417 0.7452470422757451 116
1694359396443 0.7421798659525881 117
1694359396470 0.7390861687595923 118
1694359396497 0.7360173409094768 119
1694359396524 0.7330368232959533 120
1694359396550 0.7300591258640978 121
1694359396576 0.7272114330780836 122
1694359396603 0.7243478684237937 123
1694359396629 0.7215095497418825 124
1694359396659 0.7186759546968128 125
1694359396686 0.7159054190449473 126
1694359396713 0.7131667275711481 127
1694359396743 0.710450796235945 128
1694359396773 0.7078091476275207 129
1694359396809 0.7051467384741937 130
1694359396837 0.7025103847060176 131
1694359396894 0.6998943483359743 132
1694359396942 0.6973923984594094 133
1694359396971 0.6948919868419116 134
1694359396996 0.6922723283432742 135
1694359397023 0.6897885082942816 136
1694359397049 0.6873695830137841 137
1694359397075 0.684921056325058 138
1694359397101 0.6825558712702303 139
1694359397127 0.6801763732180997 140
1694359397152 0.6778448048814432 141
1694359397178 0.6755219632264972 142
1694359397205 0.6732381714124581 143
1694359397263 0.670979351704752 144
1694359397289 0.668737772887691 145
1694359397314 0.6665351937484514 146
1694359397343 0.6643245970233455 147
1694359397369 0.6621781257994692 148
1694359397394 0.6600450362544614 149
1694359397421 0.657918205905537 150
1694359397446 0.6558696730434022 151
1694359397473 0.6538121947961028 152
1694359397498 0.6518004820201853 153
1694359397525 0.6497437197815391 154
1694359397550 0.6477440035057269 155
1694359397577 0.6457927875200852 156
1694359397604 0.6438091150939514 157
1694359397632 0.6418661942570876 158
1694359397659 0.6399258912406092 159
1694359397686 0.63805134768435 160
1694359397710 0.6361026673702335 161
1694359397742 0.63422460144072 162
1694359397772 0.6323611533226354 163
1694359397796 0.6305334257250387 164
1694359397822 0.628734283055869 165
1694359397848 0.6269327108116872 166
1694359397877 0.6251580834175638 167
1694359397911 0.6234136589196848 168
1694359397951 0.6216604271675914 169
1694359397975 0.6199611105142055 170
1694359398002 0.6182388508175438 171
1694359398028 0.6165394165476007 172
1694359398053 0.6148589136636293 173
1694359398078 0.613169626240692 174
1694359398104 0.6115239554491071 175
1694359398131 0.6098823330996864 176
1694359398160 0.6082450540121717 177
1694359398190 0.6066297201718157 178
1694359398216 0.6050659551812498 179
1694359398247 0.6034768115161602 180
1694359398273 0.6019080828702313 181
1694359398298 0.6003399254398293 182
1694359398324 0.5988074467832656 183
1694359398355 0.5972506019321139 184
1694359398380 0.5957732316823238 185
1694359398406 0.5943019584342663 186
1694359398431 0.5927962744246945 187
1694359398459 0.5913275635925013 188
1694359398488 0.5898473683999454 189
1694359398514 0.5883686749150546 190
1694359398540 0.5869219941869465 191
1694359398568 0.5854935041724548 192
1694359398594 0.5840994816561242 193
1694359398621 0.5827404666574767 194
1694359398647 0.5813717362770215 195
1694359398674 0.5800609755266121 196
1694359398701 0.5787238454773156 197
1694359398734 0.577393088283044 198
1694359398760 0.5760586763063527 199
1694359398789 0.5747382971185638 200
1694359398814 0.5734721346305366 201
1694359398840 0.5721751277697933 202
1694359398866 0.5708816787630386 203
1694359398893 0.569590764214161 204
1694359398920 0.5683327482678024 205
1694359398966 0.567085392745547 206
1694359399023 0.5658278588961491 207
1694359399065 0.5646133490119905 208
1694359399097 0.563422250972699 209
1694359399122 0.5622215221183329 210
1694359399147 0.5610075987742653 211
1694359399172 0.5597671785702392 212
1694359399197 0.5585498848892172 213
1694359399228 0.5573383441717116 214
1694359399254 0.5562081007982279 215
1694359399307 0.5550733175089626 216
1694359399332 0.5539433971030072 217
1694359399357 0.5528064115512289 218
1694359399387 0.551688863435946 219
1694359399412 0.5505689779865351 220
1694359399438 0.5494771736777769 221
1694359399463 0.5483999061070401 222
1694359399489 0.5473004724150362 223
1694359399514 0.5462240595013845 224
1694359399541 0.5451183817701186 225
1694359399566 0.5440725408775338 226
1694359399592 0.5430215340791756 227
1694359399618 0.5419642759621406 228
1694359399642 0.5409484312133823 229
1694359399669 0.5399450810435587 230
1694359399693 0.5388978773925694 231
1694359399724 0.5378752214446197 232
1694359399752 0.5368464347582226 233
1694359399779 0.5358363774700027 234
1694359399806 0.5348310954543346 235
1694359399830 0.5338448050044058 236
1694359399856 0.5328749809546525 237
1694359399880 0.5318891411126723 238
1694359399909 0.5309158896188018 239
1694359399935 0.5299730416461185 240
1694359399986 0.5290154876707407 241
1694359400014 0.5280657052737405 242
1694359400042 0.5271242446292479 243
1694359400071 0.5262093414671322 244
1694359400095 0.5252912579067419 245
1694359400120 0.5243119335494876 246
1694359400146 0.5233659502654117 247
1694359400172 0.5224374347403692 248
1694359400197 0.5215346329558953 249
1694359400224 0.5206416913809974 250
1694359400257 0.5197268041508225 251
1694359400283 0.5188044655292542 252
1694359400311 0.5179566206913473 253
1694359400337 0.5170538925076426 254
1694359400362 0.516181551778969 255
1694359400388 0.5153065920033979 256
1694359400413 0.5144453667397744 257
1694359400440 0.5135962769276948 258
1694359400468 0.5127411584738499 259
1694359400494 0.511892000673728 260
1694359400521 0.5110508109785202 261
1694359400547 0.510226242962677 262
1694359400575 0.5093776801999937 263
1694359400602 0.5085292929570523 264
1694359400629 0.5077442357264352 265
1694359400657 0.5069086527359533 266
1694359400683 0.5060968021303446 267
1694359400709 0.5052743776067317 268
1694359400741 0.5044966232340229 269
1694359400769 0.5036852139139385 270
1694359400796 0.5029056447811532 271
1694359400824 0.5021080634227717 272
1694359400853 0.5013149690266436 273
1694359400879 0.500535967829536 274
1694359400905 0.4997666613807164 275
1694359400933 0.49901625602821503 276
1694359400961 0.49825672760796225 277
1694359400987 0.49747395387807664 278
1694359401013 0.49672619423447817 279
1694359401040 0.49598421880440285 280
1694359401068 0.4952540230303446 281
1694359401108 0.4945053036135884 282
1694359401137 0.49379722430653145 283
1694359401194 0.4930320101972864 284
1694359401221 0.49231488049582606 285
1694359401263 0.4915735263569121 286
1694359401292 0.4908250087334063 287
1694359401349 0.4900876099327857 288
1694359401373 0.4893532685292237 289
1694359401399 0.4886675614268289 290
1694359401426 0.4879700548818664 291
1694359401451 0.48730069102717166 292
1694359401476 0.4866273015228869 293
1694359401501 0.485948771087884 294
1694359401526 0.48524564816498833 295
1694359401552 0.4845665390284573 296
1694359401578 0.4838571050056404 297
1694359401603 0.48320283809260334 298
1694359401630 0.48251069031410515 299
1694359401658 0.48181773860531146 300
1694359401686 0.48114598501975236 301
1694359401710 0.48049462528126125 302
1694359401740 0.4798088442872519 303
1694359401766 0.47913551475367355 304
1694359401791 0.4784723282612773 305
1694359401818 0.4777925252499407 306
1694359401845 0.47713694171419196 307
1694359401869 0.4764668687772827 308
1694359401895 0.47580938697566677 309
1694359401919 0.4751819339148119 310
1694359401949 0.47454426495320456 311
1694359401973 0.47389410737596593 312
1694359402022 0.4732400951997393 313
1694359402045 0.4726604502324013 314
1694359402069 0.4720448201082327 315
1694359402093 0.47142798152588955 316
1694359402118 0.470794630045518 317
1694359402143 0.47020118400912647 318
1694359402167 0.46959494459059903 319
1694359402203 0.4689903399824297 320
1694359402234 0.4683828741689848 321
1694359402259 0.4677902247559511 322
1694359402285 0.4671889780820366 323
1694359402310 0.4665768756219328 324
1694359402347 0.46599060484379573 325
1694359402370 0.46541071193525074 326
1694359402395 0.46480084201947225 327
1694359402419 0.46420757049965805 328
1694359402446 0.46361513703487683 329
1694359402470 0.46306036376793747 330
1694359402494 0.46249947167700545 331
1694359402519 0.46190882802881716 332
1694359402544 0.46131558859946054 333
1694359402568 0.4607270271415601 334
1694359402592 0.4601574139637262 335
1694359402618 0.45956636043756943 336
1694359402642 0.4590191985212471 337
1694359402668 0.4584518402302624 338
1694359402693 0.4578690520653661 339
1694359402719 0.45730418389313054 340
1694359402752 0.45672057807546323 341
1694359402779 0.4561509402910315 342
1694359402805 0.4555909775470622 343
1694359402832 0.45502389128345644 344
1694359402857 0.4544919754230923 345
1694359402896 0.4539559751814915 346
1694359402921 0.45342684512481174 347
1694359402951 0.452841812612452 348
1694359402974 0.45234339114201544 349
1694359402999 0.45182054959070456 350
1694359403024 0.45130835649126355 351
1694359403048 0.45082464357612373 352
1694359403073 0.45028490688480655 353
1694359403097 0.44977405582642177 354
1694359403124 0.4492265494583623 355
1694359403148 0.4487018017941075 356
1694359403172 0.44820631762474267 357
1694359403197 0.4476966605931722 358
1694359403224 0.4472149994118363 359
1694359403334 0.446705954798056 360
1694359403389 0.4461863270358598 361
1694359403412 0.4456971708244972 362
1694359403444 0.44519280853076837 363
1694359403473 0.4446999296739525 364
1694359403498 0.4441968711945091 365
1694359403522 0.4437005349268973 366
1694359403546 0.4432043726261787 367
1694359403571 0.44269592791868345 368
1694359403596 0.4421775987657076 369
1694359403619 0.4416873786487798 370
1694359403644 0.44117652197302737 371
1694359403671 0.44069742676333923 372
1694359403699 0.4402188428544322 373
1694359403730 0.4396873655605617 374
1694359403754 0.439217894497015 375
1694359403779 0.4387190527585812 376
1694359403804 0.43825038700244384 377
1694359403829 0.4377837960747061 378
1694359403855 0.43730979437740347 379
1694359403879 0.4368052070132083 380
1694359403904 0.4363523051258694 381
1694359403930 0.4358759656672347 382
1694359403954 0.4353855594006611 383
1694359403978 0.434920566536715 384
1694359404007 0.4344486971468859 385
1694359404058 0.43397584316428806 386
1694359404082 0.43350936829210696 387
1694359404106 0.4330333615246742 388
1694359404131 0.4325653436787309 389
1694359404158 0.43211228171949495 390
1694359404181 0.4316593300855764 391
1694359404206 0.43120608511980674 392
1694359404236 0.43074309426117197 393
1694359404260 0.43027056430939054 394
1694359404285 0.4298129760881199 395
1694359404313 0.4293570921025477 396
1694359404338 0.4289147713025534 397
1694359404363 0.42843610512056574 398
1694359404389 0.42796970697281433 399
1694359404414 0.4275250166211077 400
1694359404438 0.4271303301607684 401
1694359404463 0.4267077877877022 402
1694359404488 0.4262494746511488 403
1694359404514 0.42579466033478036 404
1694359404539 0.4253456338496401 405
1694359404565 0.42490953939812737 406
1694359404590 0.42448107584892786 407
1694359404617 0.42403211971504223 408
1694359404642 0.42359132089948515 409
1694359404670 0.42315439690399537 410
1694359404695 0.4227102141922917 411
1694359404723 0.4223008704888909 412
1694359404750 0.4218501528965272 413
1694359404775 0.4214366284552066 414
1694359404800 0.4210137580057915 415
1694359404826 0.4205830391672629 416
1694359404854 0.42014315243981704 417
1694359404879 0.41970084454004153 418
1694359404906 0.4192691378582855 419
1694359404930 0.41886552542454925 420
1694359404957 0.4184381632849293 421
1694359404982 0.41803195057651454 422
1694359405007 0.4176119932350987 423
1694359405034 0.41721736247837155 424
1694359405060 0.41681222397132156 425
1694359405084 0.4164100194967821 426
1694359405109 0.4160147986141024 427
1694359405134 0.4156091813395385 428
1694359405159 0.4152191245884876 429
1694359405187 0.41482092604789095 430
1694359405213 0.4144008979197857 431
1694359405243 0.4140096578117471 432
1694359405269 0.413585678106851 433
1694359405295 0.4131961610053349 434
1694359405326 0.41279610241014425 435
1694359405355 0.41241171724249637 436
1694359405420 0.41202666480661276 437
1694359405474 0.4116391149377758 438
1694359405503 0.41123560575775714 439
1694359405529 0.41087411712221245 440
1694359405553 0.4104564655103345 441
1694359405577 0.4100722145795423 442
1694359405601 0.4096909655895976 443
1694359405627 0.4092858270959034 444
1694359405651 0.40889700158314396 445
1694359405676 0.4085159499641506 446
1694359405704 0.40807551051811086 447
1694359405731 0.4076693512354288 448
1694359405758 0.4072806933924751 449
1694359405784 0.4068860918389019 450
1694359405810 0.40651492049180227 451
1694359405835 0.40611745763018786 452
1694359405861 0.40575616738966164 453
1694359405889 0.4053605205597769 454
1694359405914 0.4049434902051334 455
1694359405942 0.4045491009513349 456
1694359405965 0.40418368224270484 457
1694359405991 0.4038299667900484 458
1694359406016 0.40344825105188215 459
1694359406041 0.4030746611334819 460
1694359406067 0.4027247684298418 461
1694359406112 0.4023822742979888 462
1694359406137 0.40199076144138585 463
1694359406162 0.40161310150886637 464
1694359406187 0.401256528707417 465
1694359406229 0.40088587815834903 466
1694359406254 0.4005161495629879 467
1694359406280 0.40014489147026894 468
1694359406306 0.3997691829213044 469
1694359406332 0.3994450077206174 470
1694359406357 0.3991077039993264 471
1694359406382 0.39875240889287694 472
1694359406407 0.39837807206548986 473
1694359406435 0.39801799340663996 474
1694359406460 0.397667085846517 475
1694359406487 0.3973094497604509 476
1694359406512 0.39697448743926883 477
1694359406538 0.3966040230518701 478
1694359406565 0.3962344156904259 479
1694359406609 0.39588678910115527 480
1694359406633 0.3955327894621819 481
1694359406657 0.3951936241795002 482
1694359406682 0.3948567461532134 483
1694359406706 0.39449670739288956 484
1694359406736 0.3941283861272205 485
1694359406762 0.3938050507375172 486
1694359406788 0.3934623702238966 487
1694359406814 0.39310582817024636 488
1694359406840 0.39276816810927734 489
1694359406867 0.3924146008647109 490
1694359406896 0.3920452003459238 491
1694359406922 0.39172776774121587 492
1694359406948 0.39137689080454047 493
1694359406975 0.39101254294577786 494
1694359407003 0.39066924272765785 495
1694359407030 0.390306377126772 496
1694359407056 0.390022771157746 497
1694359407083 0.38966071355825876 498
1694359407113 0.3893150595775681 499
1694359407224 0.3893150595775681 500
