1694416289137 1.9112559708306016 0
1694416289175 1.874921114145196 1
1694416289203 1.8420563924212048 2
1694416289227 1.8104302335875366 3
1694416289253 1.7807909723099322 4
1694416289277 1.7523693454119451 5
1694416289303 1.7256789309932483 6
1694416289329 1.700269676122801 7
1694416289355 1.6755330487629243 8
1694416289380 1.652075670673125 9
1694416289405 1.6292915710513898 10
1694416289430 1.6075080341345855 11
1694416289460 1.5863146803010502 12
1694416289486 1.565990996771489 13
1694416289513 1.5463117985547978 14
1694416289539 1.5274009805526911 15
1694416289565 1.5087165595684282 16
1694416289614 1.4908607470585264 17
1694416289645 1.4735261253239045 18
1694416289718 1.456584863900068 19
1694416289743 1.4405003527272324 20
1694416289769 1.4244690709162704 21
1694416289796 1.4089654058178318 22
1694416289820 1.3938859672965624 23
1694416289848 1.3790751474994862 24
1694416289875 1.364702393145773 25
1694416289899 1.3505486792144346 26
1694416289923 1.33662319411213 27
1694416289949 1.3230397452074953 28
1694416289982 1.3099312423843747 29
1694416290009 1.2972204328005557 30
1694416290037 1.2846402468952056 31
1694416290064 1.272290509675846 32
1694416290089 1.2603801393942367 33
1694416290114 1.2486699404780877 34
1694416290139 1.237214589884323 35
1694416290168 1.2259230816822837 36
1694416290195 1.2149289440079016 37
1694416290221 1.204289835563015 38
1694416290248 1.1937752305110656 39
1694416290272 1.1833800736601565 40
1694416290298 1.173195933081948 41
1694416290324 1.1634330402767594 42
1694416290349 1.153603549990022 43
1694416290373 1.144027150281406 44
1694416290398 1.1346302145200975 45
1694416290424 1.1253626972579254 46
1694416290455 1.1163356366020276 47
1694416290480 1.1073460967606459 48
1694416290505 1.098695684580064 49
1694416290547 1.0901929249927576 50
1694416290573 1.081899613805843 51
1694416290654 1.0736837106364574 52
1694416290681 1.0656240754984876 53
1694416290710 1.0577601491515785 54
1694416290746 1.0500078982901229 55
1694416290774 1.042295372382858 56
1694416290807 1.0347983948969228 57
1694416290834 1.0273136257954323 58
1694416290883 1.0199992935902626 59
1694416290910 1.0128580827274436 60
1694416290959 1.0057898373571295 61
1694416290997 0.9988779247605227 62
1694416291094 0.9921373822529641 63
1694416291120 0.9853346129458661 64
1694416291150 0.9788019473556858 65
1694416291175 0.9723358387153778 66
1694416291202 0.9659981039660446 67
1694416291233 0.9598126508969407 68
1694416291261 0.9537381903550085 69
1694416291285 0.947699675746616 70
1694416291310 0.9417380870511188 71
1694416291334 0.9357912876929957 72
1694416291361 0.9300171780927167 73
1694416291387 0.9242615469747087 74
1694416291413 0.9186106838544418 75
1694416291439 0.9129957036630951 76
1694416291472 0.9076192738170239 77
1694416291498 0.9022719175852616 78
1694416291526 0.8969984070210647 79
1694416291552 0.891832994982057 80
1694416291578 0.886750807241524 81
1694416291608 0.8817336850953323 82
1694416291659 0.8767487157345409 83
1694416291685 0.8719152013705104 84
1694416291710 0.8670866270438045 85
1694416291736 0.8622621853665897 86
1694416291763 0.8576276090928977 87
1694416291788 0.8530637179395251 88
1694416291815 0.8485400404949353 89
1694416291840 0.844028549665568 90
1694416291865 0.8396225898511278 91
1694416291890 0.8353314226732471 92
1694416291917 0.8311089869650063 93
1694416291943 0.8268689724434504 94
1694416291973 0.8226805539300934 95
1694416291999 0.8185501604076555 96
1694416292024 0.8146285795827594 97
1694416292051 0.8107224423052756 98
1694416292077 0.8067542038378359 99
1694416292102 0.8067542038378359 100
