1694359269374 1.9110737750511633 0
1694359269403 1.8744299169026646 1
1694359269440 1.8415718815893434 2
1694359269464 1.8099558342036932 3
1694359269491 1.7803085926992104 4
1694359269515 1.7522617847351725 5
1694359269541 1.7254122122273436 6
1694359269565 1.699941514831035 7
1694359269602 1.675339338224722 8
1694359269647 1.6516251761332177 9
1694359269672 1.6288789110515 10
1694359269696 1.6070422368481196 11
1694359269721 1.5857869743157909 12
1694359269747 1.5653826456693032 13
1694359269772 1.5457332935638404 14
1694359269797 1.5267389870915224 15
1694359269846 1.5080347296819185 16
1694359269909 1.4901156306292007 17
1694359269933 1.4727385910414323 18
1694359269958 1.4557310099367011 19
1694359269986 1.4395554408650757 20
1694359270023 1.4233418051685431 21
1694359270078 1.4077319231667227 22
1694359270105 1.3927205069251518 23
1694359270179 1.3778810268977963 24
1694359270205 1.363464624542628 25
1694359270231 1.3493235150227205 26
1694359270261 1.3353564253672225 27
1694359270287 1.3217511881053345 28
1694359270313 1.308551880137504 29
1694359270338 1.2958677377130814 30
1694359270363 1.283311015861361 31
1694359270389 1.2709762235074746 32
1694359270415 1.2589524445390983 33
1694359270440 1.2472622066011696 34
1694359270466 1.235802789914359 35
1694359270492 1.2243951550580163 36
1694359270520 1.213455495382681 37
1694359270547 1.2026996720329552 38
1694359270573 1.1921420723628149 39
1694359270600 1.1818871322658056 40
1694359270631 1.1716894029480387 41
1694359270656 1.1619335442975298 42
1694359270684 1.1521772361295615 43
1694359270711 1.1425638718989106 44
1694359270741 1.1331711420571853 45
1694359270765 1.1238516978112694 46
1694359270790 1.114903759085883 47
1694359270815 1.1058724478256556 48
1694359270872 1.097238797208409 49
1694359270896 1.08873854795698 50
1694359270922 1.0803615638730868 51
1694359270950 1.0721154450132409 52
1694359270975 1.0639776332716415 53
1694359271002 1.0561128800194644 54
1694359271028 1.0482993667044376 55
1694359271059 1.0406183269893365 56
1694359271083 1.033068657377852 57
1694359271107 1.0255668727052345 58
1694359271139 1.0183064574037375 59
1694359271165 1.0112056608844495 60
1694359271192 1.004097638693622 61
1694359271218 0.9971787192288819 62
1694359271245 0.9904118878701443 63
1694359271274 0.9835838499861753 64
1694359271302 0.9770603182279118 65
1694359271328 0.9706450496955895 66
1694359271356 0.9643001177286001 67
1694359271384 0.9580591615175467 68
1694359271411 0.9518460631493559 69
1694359271438 0.945807039221162 70
1694359271509 0.9398874736814012 71
1694359271533 0.9340185962488574 72
1694359271559 0.9282613723172871 73
1694359271587 0.9225072479184373 74
1694359271612 0.9168140144040207 75
1694359271642 0.9112155846774049 76
1694359271669 0.9058474938312516 77
1694359271695 0.9004996639216953 78
1694359271724 0.8951956485546013 79
1694359271751 0.8900272653363185 80
1694359271780 0.884943769119168 81
1694359271809 0.8799453062001744 82
1694359271838 0.87493590936525 83
1694359271888 0.8700605467571021 84
1694359271915 0.8652682682537376 85
1694359271941 0.8604604253929683 86
1694359271966 0.8558118065820982 87
1694359271993 0.8512178640810778 88
1694359272019 0.8466945219880279 89
1694359272046 0.8422413233784191 90
1694359272074 0.8378488807732724 91
1694359272099 0.8335792239434068 92
1694359272131 0.829332910094679 93
1694359272215 0.8251526739204851 94
1694359272254 0.820953449542494 95
1694359272283 0.8168426077077846 96
1694359272309 0.8128792198176491 97
1694359272334 0.8089543829650915 98
1694359272360 0.8050386383220363 99
1694359272387 0.8012003226208656 100
1694359272411 0.7973748246313236 101
1694359272437 0.7936435579675368 102
1694359272462 0.789899359053554 103
1694359272489 0.7862241246594325 104
1694359272519 0.7825911664248764 105
1694359272544 0.779067348678767 106
1694359272569 0.7755533502795957 107
1694359272595 0.771988171739234 108
1694359272620 0.7685120734276728 109
1694359272650 0.7651131451001544 110
1694359272679 0.7616656998052477 111
1694359272704 0.7583607137531477 112
1694359272733 0.7551895130740699 113
1694359272758 0.7519624117291398 114
1694359272789 0.7487964597206801 115
1694359272813 0.7456740931486536 116
1694359272838 0.7426343217006104 117
1694359272865 0.7395110791140143 118
1694359272919 0.7365027838578581 119
1694359272943 0.7335258283538536 120
1694359272969 0.7305139041581362 121
1694359272998 0.7276032012820889 122
1694359273024 0.7247172237926855 123
1694359273051 0.7218664909312169 124
1694359273076 0.719022089073825 125
1694359273103 0.7162449133220543 126
1694359273129 0.7134574662704715 127
1694359273158 0.7107814867104987 128
1694359273184 0.7081414009575715 129
1694359273211 0.7055096462722509 130
1694359273238 0.7028831562753877 131
1694359273265 0.700237123628649 132
1694359273291 0.6977471265804646 133
1694359273320 0.6952093629537657 134
1694359273346 0.692636078150345 135
1694359273372 0.6901744317961231 136
1694359273398 0.6877290241163193 137
1694359273425 0.6852319806438157 138
1694359273451 0.6828453867530927 139
1694359273479 0.6804986889327024 140
1694359273508 0.6781571047410389 141
1694359273537 0.6758483491454766 142
1694359273564 0.6735825524668414 143
1694359273594 0.6713511016310049 144
1694359273629 0.6691204755486686 145
1694359273657 0.6669479448206364 146
1694359273684 0.6647400277491243 147
1694359273710 0.6625733845018434 148
1694359273736 0.6604215817115394 149
1694359273763 0.6583347282698743 150
1694359273790 0.6562487356171155 151
1694359273817 0.6541811934007251 152
1694359273850 0.6522026802109785 153
1694359273880 0.6501418666583878 154
1694359273932 0.648091725002268 155
1694359273958 0.6461094692947945 156
1694359273984 0.6441615719604852 157
1694359274012 0.6422393988195637 158
1694359274038 0.6403070219072958 159
1694359274064 0.6384154396885351 160
1694359274090 0.6364743779707249 161
1694359274115 0.6346438436615377 162
1694359274147 0.632815981652296 163
1694359274171 0.6309805854197008 164
1694359274197 0.6291613820769961 165
1694359274223 0.6273471339041021 166
1694359274323 0.6255871073332481 167
1694359274347 0.6238011287218637 168
1694359274377 0.6220761304346362 169
1694359274402 0.6204075920522182 170
1694359274427 0.6186859263147236 171
1694359274453 0.6170255054787105 172
1694359274481 0.6153540322444054 173
1694359274506 0.6137172746525554 174
1694359274532 0.61210756316772 175
1694359274560 0.6105028561388468 176
1694359274587 0.6088529814016016 177
1694359274613 0.6072825374452023 178
1694359274644 0.6056778313394051 179
1694359274670 0.6041532812077359 180
1694359274703 0.6026385361332962 181
1694359274726 0.6010959187990677 182
1694359274752 0.5995693654936051 183
1694359274777 0.5980556549133383 184
1694359274803 0.5965584381107456 185
1694359274829 0.5950670077882907 186
1694359274854 0.5936100178193977 187
1694359274882 0.5921387825730325 188
1694359274909 0.5906775692466365 189
1694359274965 0.5892613760262685 190
1694359274989 0.5877771256691258 191
1694359275013 0.5863659574315775 192
1694359275043 0.5849840962095639 193
1694359275069 0.583572476439407 194
1694359275094 0.5822302926872053 195
1694359275120 0.5809060214636692 196
1694359275148 0.5795487567515841 197
1694359275175 0.5781766350779478 198
1694359275203 0.576870935352462 199
1694359275228 0.5755640804478724 200
1694359275254 0.5742658976842081 201
1694359275281 0.5729901799072531 202
1694359275307 0.5716684932209892 203
1694359275332 0.5704038509613664 204
1694359275357 0.5691460840369209 205
1694359275383 0.5678861988194175 206
1694359275411 0.5666120009974336 207
1694359275437 0.5654015555513741 208
1694359275462 0.5642591808130379 209
1694359275488 0.5630446236862923 210
1694359275516 0.5618481525870154 211
1694359275543 0.560658196880483 212
1694359275569 0.5595030370591482 213
1694359275594 0.5583383167744503 214
1694359275621 0.5571344203600129 215
1694359275652 0.555985053974609 216
1694359275679 0.5548306081316499 217
1694359275705 0.5536980524762241 218
1694359275733 0.5525733793674555 219
1694359275757 0.5514849825255425 220
1694359275783 0.5503860715022627 221
1694359275810 0.5492833884358622 222
1694359275837 0.548222456023 223
1694359275862 0.547148071696747 224
1694359275889 0.5460755624287089 225
1694359275915 0.5450030289859629 226
1694359275965 0.5439785622697839 227
1694359275989 0.5429003852198144 228
1694359276014 0.5418155296986128 229
1694359276039 0.5407721123088558 230
1694359276068 0.5397636830406112 231
1694359276093 0.5387409424759726 232
1694359276119 0.5377337094365937 233
1694359276150 0.5367204123112448 234
1694359276176 0.5357169307967451 235
1694359276203 0.5347124221799137 236
1694359276227 0.5337101334913561 237
1694359276252 0.532712115048614 238
1694359276278 0.5317678337629709 239
1694359276304 0.5308242685303892 240
1694359276398 0.5298613539859934 241
1694359276441 0.5288971599242279 242
1694359276465 0.5279946331501068 243
1694359276490 0.5270390807303572 244
1694359276515 0.5261035686744358 245
1694359276539 0.5251593070042899 246
1694359276562 0.5242360697994067 247
1694359276590 0.5233164915945901 248
1694359276616 0.5224077457297829 249
1694359276646 0.5215021038873717 250
1694359276672 0.5206015724638124 251
1694359276696 0.5197046490835866 252
1694359276721 0.5188313541368448 253
1694359276748 0.517910099011449 254
1694359276773 0.5170131851980957 255
1694359276798 0.5161491229288058 256
1694359276823 0.515263104400568 257
1694359276850 0.5143989150765044 258
1694359276874 0.5135453289171362 259
1694359276900 0.5127060069455625 260
1694359276930 0.5118763151660469 261
1694359276958 0.5110530359308387 262
1694359277012 0.5102012046357608 263
1694359277037 0.5093691149193146 264
1694359277062 0.5085721293247026 265
1694359277090 0.5077811903175715 266
1694359277115 0.5069715740536828 267
1694359277145 0.5061747679362356 268
1694359277170 0.5053645368841657 269
1694359277194 0.5045519463302613 270
1694359277220 0.5037739724370786 271
1694359277245 0.5029777179398316 272
1694359277270 0.5022111933182358 273
1694359277295 0.5014800579616143 274
1694359277320 0.5007437907747775 275
1694359277346 0.4999765602375457 276
1694359277370 0.4992515998773224 277
1694359277395 0.4985123702661207 278
1694359277420 0.4977858369843182 279
1694359277446 0.49703030847569013 280
1694359277471 0.49629529790506666 281
1694359277496 0.4955699503202001 282
1694359277522 0.4948270045218092 283
1694359277547 0.4940934643689777 284
1694359277574 0.4933817227190538 285
1694359277606 0.49266835104619433 286
1694359277648 0.49195390648740556 287
1694359277673 0.491265913688521 288
1694359277698 0.49052702925577757 289
1694359277723 0.4897956657097586 290
1694359277747 0.4891292238177522 291
1694359277773 0.4884356767351004 292
1694359277798 0.48772083590746135 293
1694359277823 0.4870247140217648 294
1694359277848 0.48630437542038335 295
1694359277873 0.485594360963688 296
1694359277899 0.48491152458555836 297
1694359277925 0.48423024805463727 298
1694359277949 0.48356514919241467 299
1694359277999 0.48291322491866334 300
1694359278022 0.48226321030041075 301
1694359278047 0.4816347692111908 302
1694359278072 0.4809583373731944 303
1694359278098 0.48028643475352495 304
1694359278130 0.47963975086312344 305
1694359278154 0.4790413863844639 306
1694359278178 0.4783958298537448 307
1694359278203 0.4777466870010934 308
1694359278227 0.477112908405114 309
1694359278252 0.4764873923098228 310
1694359278277 0.4758566619702867 311
1694359278301 0.47519307354449064 312
1694359278328 0.47454632603798874 313
1694359278352 0.47391119035969914 314
1694359278377 0.4733161442967193 315
1694359278402 0.472695996414502 316
1694359278436 0.4720431545316507 317
1694359278507 0.47141124766481396 318
1694359278560 0.4707852824984942 319
1694359278587 0.4701922352435271 320
1694359278611 0.469581472224959 321
1694359278650 0.4689758727449852 322
1694359278676 0.4683810589200446 323
1694359278703 0.4677863324619787 324
1694359278726 0.4671865326876613 325
1694359278753 0.4666023594358534 326
1694359278777 0.466018591418052 327
1694359278803 0.4654386016227001 328
1694359278828 0.4648718386206795 329
1694359278852 0.46428945870939 330
1694359278877 0.4637008544543788 331
1694359278904 0.46311870211056033 332
1694359278929 0.46253057789601354 333
1694359278954 0.4619404318868408 334
1694359278979 0.4613394359848104 335
1694359279036 0.46080158120725523 336
1694359279059 0.46022984384861115 337
1694359279084 0.45968675107942497 338
1694359279111 0.4591082238281384 339
1694359279141 0.45855361294985836 340
1694359279167 0.4579678177296121 341
1694359279192 0.4574214295054508 342
1694359279216 0.45687867143244665 343
1694359279242 0.45633664467510526 344
1694359279267 0.4558014586684563 345
1694359279294 0.45524505241259194 346
1694359279322 0.454689931772304 347
1694359279348 0.45415432345688883 348
1694359279377 0.45360419441887784 349
1694359279403 0.45305573920684816 350
1694359279429 0.4525215984416914 351
1694359279454 0.4520185329813402 352
1694359279482 0.4514961258796242 353
1694359279508 0.4509580869014772 354
1694359279535 0.45045956404700443 355
1694359279560 0.44996509734040163 356
1694359279585 0.44944325600199886 357
1694359279617 0.4489161776695074 358
1694359279643 0.4483983627429793 359
1694359279669 0.44789597376012624 360
1694359279693 0.4473952205637477 361
1694359279718 0.44690219255946756 362
1694359279743 0.4463520194551353 363
1694359279769 0.44585417463527316 364
1694359279794 0.4453276844108302 365
1694359279818 0.44482776398062146 366
1694359279843 0.4442915276476045 367
1694359279869 0.4437820709913527 368
1694359279893 0.443276205159967 369
1694359279918 0.4427918410596464 370
1694359279943 0.4422983529524621 371
1694359279969 0.44180206295884467 372
1694359280020 0.4412888092622095 373
1694359280043 0.44080191373263183 374
1694359280067 0.440303803570843 375
1694359280092 0.4398461826496817 376
1694359280119 0.43940573455436843 377
1694359280150 0.4388980178624438 378
1694359280174 0.4384236663406077 379
1694359280203 0.43796173934228627 380
1694359280231 0.4374859766337385 381
1694359280256 0.4369968398747161 382
1694359280281 0.4364962575315395 383
1694359280308 0.43601989451387096 384
1694359280334 0.4355201276761722 385
1694359280359 0.43506145757061543 386
1694359280382 0.4346277123500198 387
1694359280408 0.43415353878154656 388
1694359280433 0.4336695115136292 389
1694359280457 0.433198983900257 390
1694359280481 0.4327590907408166 391
1694359280505 0.4322958656383368 392
1694359280531 0.43183720063286 393
1694359280565 0.43135624509666876 394
1694359280594 0.43090090974865963 395
1694359280658 0.4304273130830355 396
1694359280714 0.4299753537283052 397
1694359280746 0.4295209781841565 398
1694359280771 0.4290878826633395 399
1694359280795 0.42863027240304247 400
1694359280822 0.4281768521008859 401
1694359280846 0.42769920090540486 402
1694359280872 0.42724780311015437 403
1694359280897 0.42679571713186126 404
1694359280924 0.4263763975430087 405
1694359280952 0.4259254680271605 406
1694359280978 0.42551019756182734 407
1694359281003 0.42510947386384 408
1694359281028 0.4246925596561748 409
1694359281085 0.42426976172750513 410
1694359281109 0.42382705471241805 411
1694359281139 0.42341821723651435 412
1694359281166 0.4229749932300446 413
1694359281191 0.42255722758574854 414
1694359281215 0.4221191580567516 415
1694359281239 0.4217298096249772 416
1694359281264 0.42129373790083585 417
1694359281290 0.42089227880114366 418
1694359281316 0.4204966530153545 419
1694359281343 0.42007408549782715 420
1694359281369 0.419662463157333 421
1694359281395 0.41925332875419463 422
1694359281422 0.4188525838530321 423
1694359281447 0.4184483398163244 424
1694359281472 0.4180227581977339 425
1694359281498 0.41761518982879864 426
1694359281523 0.4172064682103573 427
1694359281551 0.4167935503127556 428
1694359281577 0.41636639001026615 429
1694359281603 0.41595216334887275 430
1694359281641 0.41553686251775745 431
1694359281674 0.4151026632733426 432
1694359281704 0.41469053881256784 433
1694359281730 0.4142746877417139 434
1694359281755 0.4138853094329979 435
1694359281782 0.41347154251898877 436
1694359281809 0.4130714087476866 437
1694359281836 0.41266990525819053 438
1694359281862 0.4122413405862717 439
1694359281890 0.41183090677983747 440
1694359281917 0.41142949494598235 441
1694359281943 0.41099312846493485 442
1694359281969 0.4106017004039988 443
1694359281997 0.41017422398831177 444
1694359282048 0.40977731793073396 445
1694359282071 0.40939291496080027 446
1694359282094 0.4090337559909145 447
1694359282124 0.40863884873350587 448
1694359282154 0.40826364404265736 449
1694359282498 0.40786745168802463 450
1694359282522 0.40746403749005294 451
1694359282546 0.4070878122598804 452
1694359282571 0.406706321785054 453
1694359282595 0.40633620627638717 454
1694359282623 0.40595090147321533 455
1694359282650 0.4055461668842983 456
1694359282675 0.4051635004820797 457
1694359282698 0.4047908828036939 458
1694359282793 0.40440701030635046 459
1694359282819 0.4040318371229559 460
1694359282847 0.4036565796426118 461
1694359282871 0.4032756875860113 462
1694359282897 0.40287885477116614 463
1694359282922 0.4024975461819412 464
1694359282946 0.4021276430758964 465
1694359282970 0.4017925629728434 466
1694359282994 0.40143558859706113 467
1694359283019 0.4010741594660616 468
1694359283042 0.4007086523937352 469
1694359283067 0.4003425253642525 470
1694359283123 0.40001626309279276 471
1694359283152 0.3996398847878889 472
1694359283177 0.39927354490808714 473
1694359283206 0.3989127640787633 474
1694359283232 0.39856234577921557 475
1694359283257 0.3981922634436927 476
1694359283282 0.39782059489859833 477
1694359283305 0.39745525534983606 478
1694359283330 0.39709268614967813 479
1694359283354 0.3967323563712271 480
1694359283379 0.39635821287670786 481
1694359283404 0.39598888172755503 482
1694359283429 0.3956171537942193 483
1694359283455 0.3952896089971544 484
1694359283479 0.39496046131356577 485
1694359283506 0.3946021132326677 486
1694359283531 0.3942589874898707 487
1694359283555 0.39389839925083747 488
1694359283609 0.39353258402926955 489
1694359283641 0.3931775944389468 490
1694359283668 0.39282724254327306 491
1694359283698 0.39249690089583594 492
1694359283723 0.39212481807047983 493
1694359283753 0.3918004673541727 494
1694359283778 0.39148077112183416 495
1694359283802 0.39116150239139896 496
1694359283826 0.39080471667862243 497
1694359283850 0.3904370306919765 498
1694359283874 0.3900832201235722 499
1694359283983 0.3900832201235722 500
