1694417193388 1.9110737750511635 0
1694417193424 1.8744299169026646 1
1694417193484 1.841571881589343 2
1694417193515 1.8099558342036932 3
1694417193546 1.7803085926992104 4
1694417193581 1.752261784735173 5
1694417193613 1.7254122122273436 6
1694417193645 1.699941514831035 7
1694417193674 1.6753393382247221 8
1694417193777 1.6516251761332181 9
1694417193835 1.6288789110515 10
1694417193877 1.6070422368481196 11
1694417193957 1.5857869743157906 12
1694417193994 1.5653826456693032 13
1694417194027 1.5457332935638408 14
1694417194056 1.5267389870915227 15
1694417194087 1.5080347296819185 16
1694417194117 1.4901156306292003 17
1694417194145 1.4727385910414323 18
1694417194175 1.4557310099367011 19
1694417194204 1.4395554408650757 20
1694417194229 1.4233418051685431 21
1694417194297 1.4077319231667227 22
1694417194326 1.392720506925152 23
1694417194356 1.3778810268977963 24
1694417194393 1.363464624542628 25
1694417194425 1.3493235150227207 26
1694417194458 1.3353564253672228 27
1694417194491 1.3217511881053345 28
1694417194526 1.308551880137504 29
1694417194563 1.2958677377130814 30
1694417194592 1.283311015861361 31
1694417194629 1.2709762235074749 32
1694417194659 1.2589524445390983 33
1694417194690 1.2472622066011696 34
1694417194718 1.2358027899143589 35
1694417194746 1.2243951550580163 36
1694417194776 1.2134554953826813 37
1694417194806 1.2026996720329552 38
1694417194841 1.192142072362815 39
1694417194875 1.1818871322658058 40
1694417194906 1.1716894029480387 41
1694417194936 1.1619335442975298 42
1694417194969 1.1521772361295615 43
1694417194998 1.1425638718989106 44
1694417195029 1.1331711420571853 45
1694417195060 1.1238516978112691 46
1694417195091 1.114903759085883 47
1694417195122 1.1058724478256556 48
1694417195151 1.097238797208409 49
1694417195179 1.0887385479569798 50
1694417195208 1.0803615638730866 51
1694417195239 1.0721154450132409 52
1694417195270 1.0639776332716417 53
1694417195302 1.0561128800194646 54
1694417195332 1.0482993667044376 55
1694417195361 1.0406183269893365 56
1694417195394 1.033068657377852 57
1694417195428 1.0255668727052345 58
1694417195460 1.0183064574037375 59
1694417195522 1.0112056608844493 60
1694417195549 1.004097638693622 61
1694417195577 0.9971787192288819 62
1694417195614 0.9904118878701443 63
1694417195643 0.9835838499861753 64
1694417195673 0.9770603182279118 65
1694417195703 0.9706450496955895 66
1694417195737 0.9643001177286 67
1694417195768 0.9580591615175467 68
1694417195798 0.9518460631493559 69
1694417195829 0.945807039221162 70
1694417195862 0.9398874736814012 71
1694417195892 0.9340185962488573 72
1694417195922 0.928261372317287 73
1694417195957 0.9225072479184373 74
1694417195992 0.9168140144040205 75
1694417196073 0.9112155846774049 76
1694417196158 0.9058474938312516 77
1694417196188 0.9004996639216956 78
1694417196222 0.8951956485546014 79
1694417196256 0.8900272653363183 80
1694417196288 0.884943769119168 81
1694417196363 0.8799453062001744 82
1694417196396 0.87493590936525 83
1694417196431 0.8700605467571021 84
1694417196460 0.8652682682537376 85
1694417196493 0.8604604253929683 86
1694417196525 0.8558118065820984 87
1694417196561 0.8512178640810779 88
1694417196612 0.846694521988028 89
1694417196652 0.8422413233784191 90
1694417196685 0.8378488807732724 91
1694417196723 0.8335792239434068 92
1694417196758 0.8293329100946789 93
1694417196789 0.8251526739204851 94
1694417196825 0.820953449542494 95
1694417196858 0.8168426077077846 96
1694417196893 0.8128792198176493 97
1694417196928 0.8089543829650915 98
1694417196959 0.8050386383220363 99
1694417196989 0.8012003226208656 100
1694417197015 0.7973748246313236 101
1694417197045 0.7936435579675368 102
1694417197076 0.789899359053554 103
1694417197108 0.7862241246594326 104
1694417197142 0.7825911664248764 105
1694417197174 0.779067348678767 106
1694417197208 0.7755533502795958 107
1694417197243 0.771988171739234 108
1694417197276 0.7685120734276727 109
1694417197308 0.7651131451001544 110
1694417197341 0.7616656998052478 111
1694417197373 0.7583607137531477 112
1694417197407 0.7551895130740699 113
1694417197440 0.7519624117291398 114
1694417197475 0.7487964597206801 115
1694417197538 0.7456740931486536 116
1694417197565 0.7426343217006105 117
1694417197594 0.7395110791140143 118
1694417197627 0.7365027838578581 119
1694417197656 0.7335258283538536 120
1694417197691 0.7305139041581362 121
1694417197737 0.7276032012820891 122
1694417197765 0.7247172237926857 123
1694417197798 0.7218664909312169 124
1694417197829 0.7190220890738251 125
1694417197862 0.7162449133220544 126
1694417197897 0.7134574662704715 127
1694417197929 0.7107814867104986 128
1694417197960 0.7081414009575715 129
1694417197994 0.7055096462722509 130
1694417198030 0.7028831562753878 131
1694417198064 0.700237123628649 132
1694417198095 0.6977471265804646 133
1694417198181 0.6952093629537656 134
1694417198243 0.692636078150345 135
1694417198273 0.6901744317961231 136
1694417198302 0.6877290241163193 137
1694417198332 0.6852319806438157 138
1694417198401 0.6828453867530928 139
1694417198427 0.6804986889327024 140
1694417198460 0.6781571047410389 141
1694417198492 0.6758483491454768 142
1694417198523 0.6735825524668413 143
1694417198563 0.6713511016310048 144
1694417198601 0.6691204755486686 145
1694417198630 0.6669479448206364 146
1694417198663 0.6647400277491242 147
1694417198697 0.6625733845018434 148
1694417198736 0.6604215817115393 149
1694417198776 0.6583347282698743 150
1694417198810 0.6562487356171155 151
1694417198842 0.6541811934007249 152
1694417198880 0.6522026802109785 153
1694417198912 0.6501418666583878 154
1694417198941 0.648091725002268 155
1694417198973 0.6461094692947945 156
1694417199007 0.6441615719604852 157
1694417199044 0.6422393988195637 158
1694417199077 0.6403070219072958 159
1694417199120 0.6384154396885351 160
1694417199162 0.6364743779707248 161
1694417199195 0.6346438436615377 162
1694417199227 0.632815981652296 163
1694417199262 0.6309805854197008 164
1694417199294 0.6291613820769961 165
1694417199328 0.6273471339041022 166
1694417199365 0.6255871073332481 167
1694417199393 0.6238011287218636 168
1694417199421 0.6220761304346362 169
1694417199451 0.6204075920522182 170
1694417199488 0.6186859263147236 171
1694417199524 0.6170255054787105 172
1694417199577 0.6153540322444054 173
1694417199612 0.6137172746525555 174
1694417199645 0.61210756316772 175
1694417199681 0.6105028561388468 176
1694417199714 0.6088529814016015 177
1694417199753 0.6072825374452023 178
1694417199789 0.6056778313394051 179
1694417199821 0.6041532812077359 180
1694417199855 0.6026385361332963 181
1694417199888 0.6010959187990677 182
1694417199921 0.5995693654936052 183
1694417199949 0.5980556549133383 184
1694417199983 0.5965584381107455 185
1694417200015 0.5950670077882907 186
1694417200046 0.5936100178193978 187
1694417200078 0.5921387825730327 188
1694417200107 0.5906775692466364 189
1694417200137 0.5892613760262685 190
1694417200178 0.5877771256691258 191
1694417200208 0.5863659574315775 192
1694417200341 0.5849840962095639 193
1694417200370 0.583572476439407 194
1694417200399 0.5822302926872052 195
1694417200468 0.5809060214636692 196
1694417200498 0.5795487567515841 197
1694417200528 0.5781766350779479 198
1694417200561 0.576870935352462 199
1694417200590 0.5755640804478724 200
1694417200620 0.574265897684208 201
1694417200647 0.572990179907253 202
1694417200674 0.5716684932209892 203
1694417200704 0.5704038509613663 204
1694417200739 0.569146084036921 205
1694417200774 0.5678861988194176 206
1694417200809 0.5666120009974334 207
1694417200842 0.5654015555513741 208
1694417200877 0.5642591808130378 209
1694417200910 0.5630446236862922 210
1694417200942 0.5618481525870153 211
1694417200973 0.5606581968804829 212
1694417201002 0.5595030370591482 213
1694417201035 0.5583383167744502 214
1694417201065 0.5571344203600129 215
1694417201092 0.555985053974609 216
1694417201123 0.55483060813165 217
1694417201155 0.5536980524762242 218
1694417201186 0.5525733793674555 219
1694417201215 0.5514849825255425 220
1694417201246 0.5503860715022627 221
1694417201278 0.5492833884358622 222
1694417201312 0.548222456023 223
1694417201346 0.547148071696747 224
1694417201381 0.5460755624287088 225
1694417201410 0.5450030289859628 226
1694417201442 0.5439785622697839 227
1694417201471 0.5429003852198145 228
1694417201501 0.5418155296986127 229
1694417201533 0.5407721123088557 230
1694417201567 0.5397636830406113 231
1694417201628 0.5387409424759727 232
1694417201657 0.5377337094365936 233
1694417201684 0.5367204123112449 234
1694417201714 0.5357169307967451 235
1694417201742 0.5347124221799138 236
1694417201776 0.5337101334913561 237
1694417201807 0.532712115048614 238
1694417201840 0.5317678337629709 239
1694417201874 0.5308242685303892 240
1694417201909 0.5298613539859935 241
1694417201939 0.5288971599242279 242
1694417201971 0.5279946331501068 243
1694417202001 0.5270390807303572 244
1694417202040 0.5261035686744359 245
1694417202070 0.5251593070042899 246
1694417202101 0.5242360697994067 247
1694417202133 0.5233164915945904 248
1694417202167 0.5224077457297829 249
1694417202199 0.5215021038873717 250
1694417202234 0.5206015724638126 251
1694417202264 0.5197046490835865 252
1694417202298 0.5188313541368448 253
1694417202375 0.5179100990114492 254
1694417202507 0.5170131851980958 255
1694417202540 0.5161491229288057 256
1694417202569 0.515263104400568 257
1694417202602 0.5143989150765044 258
1694417202633 0.5135453289171362 259
1694417202665 0.5127060069455625 260
1694417202696 0.5118763151660469 261
1694417202738 0.5110530359308387 262
1694417202769 0.5102012046357609 263
1694417202819 0.5093691149193146 264
1694417202848 0.5085721293247026 265
1694417202885 0.5077811903175715 266
1694417202915 0.5069715740536828 267
1694417202945 0.5061747679362355 268
1694417202978 0.5053645368841657 269
1694417203008 0.5045519463302612 270
1694417203045 0.5037739724370786 271
1694417203077 0.5029777179398316 272
1694417203107 0.5022111933182359 273
1694417203137 0.5014800579616143 274
1694417203169 0.5007437907747775 275
1694417203202 0.4999765602375458 276
1694417203232 0.4992515998773224 277
1694417203262 0.4985123702661206 278
1694417203294 0.49778583698431816 279
1694417203327 0.49703030847569013 280
1694417203362 0.49629529790506666 281
1694417203393 0.4955699503202001 282
1694417203425 0.4948270045218092 283
1694417203457 0.4940934643689777 284
1694417203487 0.4933817227190538 285
1694417203514 0.49266835104619433 286
1694417203548 0.49195390648740556 287
1694417203580 0.49126591368852096 288
1694417203611 0.4905270292557776 289
1694417203675 0.4897956657097586 290
1694417203699 0.48912922381775226 291
1694417203727 0.48843567673510047 292
1694417203761 0.48772083590746135 293
1694417203795 0.4870247140217648 294
1694417203827 0.48630437542038335 295
1694417203863 0.48559436096368813 296
1694417203899 0.48491152458555836 297
1694417203928 0.4842302480546374 298
1694417203954 0.4835651491924146 299
1694417203983 0.48291322491866334 300
1694417204012 0.48226321030041075 301
1694417204041 0.4816347692111908 302
1694417204075 0.48095833737319454 303
1694417204105 0.4802864347535248 304
1694417204134 0.47963975086312344 305
1694417204163 0.4790413863844639 306
1694417204195 0.4783958298537447 307
1694417204226 0.4777466870010934 308
1694417204259 0.477112908405114 309
1694417204289 0.4764873923098227 310
1694417204314 0.4758566619702867 311
1694417204346 0.4751930735444906 312
1694417204378 0.47454632603798874 313
1694417204408 0.47391119035969914 314
1694417204450 0.47331614429671925 315
1694417204559 0.47269599641450205 316
1694417204594 0.4720431545316508 317
1694417204644 0.47141124766481407 318
1694417204680 0.4707852824984941 319
1694417204745 0.4701922352435271 320
1694417204779 0.469581472224959 321
1694417204821 0.4689758727449853 322
1694417204857 0.4683810589200445 323
1694417204888 0.4677863324619787 324
1694417204919 0.4671865326876613 325
1694417204947 0.4666023594358534 326
1694417204979 0.46601859141805213 327
1694417205014 0.4654386016227001 328
1694417205044 0.46487183862067943 329
1694417205075 0.46428945870939 330
1694417205107 0.4637008544543789 331
1694417205136 0.46311870211056033 332
1694417205172 0.46253057789601365 333
1694417205206 0.4619404318868409 334
1694417205240 0.46133943598481036 335
1694417205267 0.46080158120725523 336
1694417205295 0.46022984384861115 337
1694417205331 0.459686751079425 338
1694417205361 0.45910822382813843 339
1694417205393 0.45855361294985836 340
1694417205424 0.4579678177296121 341
1694417205457 0.45742142950545084 342
1694417205487 0.45687867143244676 343
1694417205521 0.45633664467510515 344
1694417205555 0.4558014586684563 345
1694417205588 0.45524505241259183 346
1694417205628 0.454689931772304 347
1694417205659 0.45415432345688883 348
1694417205723 0.45360419441887795 349
1694417205755 0.45305573920684816 350
1694417205786 0.4525215984416913 351
1694417205820 0.45201853298134015 352
1694417205852 0.4514961258796242 353
1694417205888 0.4509580869014772 354
1694417205921 0.45045956404700443 355
1694417205954 0.44996509734040163 356
1694417205987 0.4494432560019989 357
1694417206020 0.4489161776695074 358
1694417206068 0.4483983627429793 359
1694417206104 0.44789597376012613 360
1694417206140 0.4473952205637477 361
1694417206176 0.4469021925594676 362
1694417206211 0.4463520194551353 363
1694417206244 0.44585417463527316 364
1694417206285 0.4453276844108302 365
1694417206321 0.44482776398062146 366
1694417206348 0.4442915276476045 367
1694417206379 0.44378207099135264 368
1694417206423 0.4432762051599671 369
1694417206457 0.4427918410596464 370
1694417206492 0.4422983529524621 371
1694417206534 0.44180206295884467 372
1694417206686 0.4412888092622095 373
1694417206714 0.44080191373263183 374
1694417206744 0.44030380357084287 375
1694417206776 0.4398461826496816 376
1694417206808 0.43940573455436843 377
1694417206839 0.4388980178624437 378
1694417206892 0.4384236663406077 379
1694417206933 0.43796173934228616 380
1694417206961 0.4374859766337385 381
1694417206994 0.43699683987471605 382
1694417207029 0.43649625753153953 383
1694417207061 0.43601989451387096 384
1694417207089 0.4355201276761722 385
1694417207119 0.43506145757061554 386
1694417207145 0.4346277123500197 387
1694417207181 0.43415353878154656 388
1694417207213 0.4336695115136292 389
1694417207248 0.43319898390025685 390
1694417207281 0.4327590907408166 391
1694417207310 0.4322958656383368 392
1694417207340 0.43183720063286 393
1694417207365 0.43135624509666876 394
1694417207393 0.43090090974865974 395
1694417207426 0.43042731308303545 396
1694417207457 0.4299753537283053 397
1694417207490 0.4295209781841565 398
1694417207520 0.4290878826633395 399
1694417207550 0.4286302724030425 400
1694417207579 0.4281768521008859 401
1694417207609 0.4276992009054048 402
1694417207635 0.4272478031101544 403
1694417207663 0.42679571713186126 404
1694417207738 0.4263763975430087 405
1694417207857 0.4259254680271605 406
1694417208123 0.42551019756182734 407
1694417208151 0.42510947386384 408
1694417208179 0.4246925596561747 409
1694417208212 0.42426976172750525 410
1694417208245 0.423827054712418 411
1694417208275 0.42341821723651435 412
1694417208307 0.4229749932300446 413
1694417208337 0.42255722758574854 414
1694417208367 0.4221191580567516 415
1694417208395 0.42172980962497725 416
1694417208428 0.42129373790083585 417
1694417208461 0.42089227880114366 418
1694417208489 0.4204966530153545 419
1694417208524 0.42007408549782727 420
1694417208555 0.419662463157333 421
1694417208580 0.41925332875419463 422
1694417208650 0.4188525838530321 423
1694417208776 0.4184483398163244 424
1694417208806 0.4180227581977339 425
1694417208838 0.41761518982879875 426
1694417208869 0.4172064682103573 427
1694417208899 0.4167935503127556 428
1694417208929 0.41636639001026615 429
1694417208965 0.4159521633488728 430
1694417208992 0.41553686251775745 431
1694417209021 0.4151026632733426 432
1694417209051 0.41469053881256784 433
1694417209080 0.4142746877417139 434
1694417209108 0.4138853094329979 435
1694417209137 0.41347154251898877 436
1694417209164 0.4130714087476866 437
1694417209200 0.4126699052581904 438
1694417209230 0.4122413405862717 439
1694417209264 0.41183090677983747 440
1694417209296 0.41142949494598235 441
1694417209335 0.4109931284649349 442
1694417209364 0.41060170040399874 443
1694417209396 0.4101742239883117 444
1694417209429 0.40977731793073396 445
1694417209463 0.40939291496080027 446
1694417209490 0.4090337559909146 447
1694417209520 0.4086388487335058 448
1694417209552 0.40826364404265736 449
1694417209581 0.40786745168802474 450
1694417209611 0.40746403749005294 451
1694417209643 0.4070878122598804 452
1694417209677 0.406706321785054 453
1694417209709 0.40633620627638717 454
1694417209773 0.40595090147321533 455
1694417209800 0.4055461668842983 456
1694417209827 0.4051635004820797 457
1694417209862 0.4047908828036939 458
1694417209896 0.40440701030635046 459
1694417209925 0.4040318371229559 460
1694417209953 0.4036565796426118 461
1694417209990 0.40327568758601134 462
1694417210025 0.40287885477116603 463
1694417210057 0.4024975461819412 464
1694417210085 0.4021276430758964 465
1694417210113 0.4017925629728434 466
1694417210142 0.401435588597061 467
1694417210171 0.40107415946606156 468
1694417210196 0.4007086523937352 469
1694417210228 0.4003425253642525 470
1694417210257 0.40001626309279276 471
1694417210288 0.3996398847878889 472
1694417210324 0.39927354490808714 473
1694417210357 0.3989127640787633 474
1694417210390 0.39856234577921557 475
1694417210421 0.3981922634436927 476
1694417210455 0.39782059489859833 477
1694417210486 0.39745525534983595 478
1694417210514 0.39709268614967813 479
1694417210545 0.3967323563712272 480
1694417210584 0.3963582128767079 481
1694417210613 0.39598888172755503 482
1694417210643 0.39561715379421936 483
1694417210708 0.39528960899715443 484
1694417210738 0.39496046131356577 485
1694417210775 0.3946021132326677 486
1694417210812 0.3942589874898707 487
1694417210870 0.39389839925083747 488
1694417210950 0.39353258402926955 489
1694417210981 0.3931775944389468 490
1694417211009 0.392827242543273 491
1694417211039 0.39249690089583594 492
1694417211068 0.3921248180704799 493
1694417211097 0.3918004673541727 494
1694417211127 0.39148077112183416 495
1694417211159 0.39116150239139896 496
1694417211190 0.39080471667862243 497
1694417211222 0.3904370306919765 498
1694417211253 0.3900832201235722 499
1694417211281 0.38978692400670995 500
1694417211312 0.3894483359401803 501
1694417211344 0.3891104480794104 502
1694417211374 0.38876936872728246 503
1694417211401 0.3884507107689061 504
1694417211428 0.3881299762640498 505
1694417211462 0.38777411917347565 506
1694417211496 0.38744367879931807 507
1694417211534 0.38711748438900645 508
1694417211564 0.38678898384546717 509
1694417211589 0.3864654527336345 510
1694417211619 0.3861263268155868 511
1694417211648 0.3857923121599762 512
1694417211679 0.3854858242431416 513
1694417211710 0.38514938113539193 514
1694417211745 0.3848057536627452 515
1694417211805 0.3844778559757466 516
1694417211828 0.3841677548239056 517
1694417211856 0.3838329843502998 518
1694417211890 0.3835004907513219 519
1694417211920 0.3831497066845418 520
1694417211948 0.38282782251668224 521
1694417211979 0.3825119414143816 522
1694417212015 0.3821562020874539 523
1694417212045 0.3818235118122512 524
1694417212074 0.38151337525943363 525
1694417212101 0.3811930555129263 526
1694417212127 0.38085802884549486 527
1694417212157 0.38051562880214496 528
1694417212190 0.38017793860517984 529
1694417212222 0.3798469585328404 530
1694417212255 0.3795104000105233 531
1694417212289 0.37921184708144545 532
1694417212317 0.3788965139686825 533
1694417212345 0.3785945717207585 534
1694417212375 0.37830085737033126 535
1694417212410 0.37802444638699007 536
1694417212439 0.3777392535884804 537
1694417212469 0.37741890129279326 538
1694417212497 0.3771146809785553 539
1694417212529 0.37678200966964004 540
1694417212559 0.3764808920348963 541
1694417212588 0.37618741639845577 542
1694417212613 0.37588148745384287 543
1694417212644 0.37559566003583916 544
1694417212675 0.3753007254657589 545
1694417212704 0.37500842583420246 546
1694417212776 0.3746960432261669 547
1694417212809 0.3743732615038247 548
1694417212844 0.37406930823261025 549
1694417212876 0.3737677509171579 550
1694417212978 0.3734672375254726 551
1694417213012 0.3731809967039416 552
1694417213040 0.3729018514929338 553
1694417213071 0.37255828355626713 554
1694417213101 0.3722521519245131 555
1694417213129 0.3719282558638965 556
1694417213159 0.37162104344700786 557
1694417213185 0.3713223549930125 558
1694417213222 0.37100651081943126 559
1694417213253 0.37074097754401353 560
1694417213286 0.3704149563030129 561
1694417213320 0.370139971022725 562
1694417213346 0.3698444368097017 563
1694417213376 0.3695480820046122 564
1694417213410 0.369264567586664 565
1694417213445 0.3689765321177277 566
1694417213474 0.3686626895102214 567
1694417213498 0.36839812192243176 568
1694417213530 0.36811739242849634 569
1694417213560 0.36783558088729457 570
1694417213592 0.3675400540018713 571
1694417213623 0.3672371407984631 572
1694417213655 0.3669442776486487 573
1694417213685 0.36664237149607193 574
1694417213712 0.3663597643337349 575
1694417213741 0.366082052982857 576
1694417213765 0.3657944493290063 577
1694417213792 0.3654932256165156 578
1694417213910 0.3651992968400888 579
1694417213946 0.3649034717545175 580
1694417213977 0.36460674163131507 581
1694417214008 0.36432178268479176 582
1694417214035 0.36401883584445527 583
1694417214065 0.3637409104320699 584
1694417214096 0.3634684588176304 585
1694417214125 0.3631718651803437 586
1694417214154 0.3628852586771175 587
1694417214180 0.3626140692313733 588
1694417214209 0.36232789049603986 589
1694417214238 0.3620337175071195 590
1694417214267 0.3617474094877236 591
1694417214297 0.3614719730463281 592
1694417214326 0.3611979467949954 593
1694417214360 0.36092851240333235 594
1694417214404 0.36064867032784537 595
1694417214431 0.3603719940384092 596
1694417214467 0.3600719956522165 597
1694417214494 0.3598027750845276 598
1694417214523 0.359459353074327 599
1694417214548 0.35917304980031417 600
1694417214578 0.35889198314537657 601
1694417214607 0.3586289361957031 602
1694417214637 0.3583535080800809 603
1694417214665 0.3580427823627356 604
1694417214694 0.3577339985310513 605
1694417214725 0.3574464951256019 606
1694417214752 0.35717031228748103 607
1694417214814 0.3569361350242228 608
1694417214846 0.35664706284332365 609
1694417214874 0.3563839337805719 610
1694417214903 0.35609176504682827 611
1694417214932 0.35582083157293887 612
1694417214962 0.3555818904526462 613
1694417215099 0.35531157391910856 614
1694417215127 0.35501305637913105 615
1694417215155 0.35473420607421374 616
1694417215180 0.3544723820555671 617
1694417215208 0.35420178162798893 618
1694417215236 0.35394571598624225 619
1694417215267 0.3536790215614221 620
1694417215299 0.35345037028750165 621
1694417215327 0.3532063396903124 622
1694417215360 0.35296246513021273 623
1694417215391 0.35271955797292365 624
1694417215428 0.3524383030960983 625
1694417215458 0.35218241534784184 626
1694417215489 0.3519201841182686 627
1694417215524 0.3516463580117289 628
1694417215556 0.35138275222846466 629
1694417215589 0.3511323016582969 630
1694417215630 0.35087504418358634 631
1694417215659 0.3505841729312447 632
1694417215687 0.3503266432830611 633
1694417215712 0.35005279578206533 634
1694417215740 0.3498030857444483 635
1694417215770 0.34952207470815627 636
1694417215800 0.3492713670625302 637
1694417215828 0.3489972893240451 638
1694417215889 0.3487267771462641 639
1694417215913 0.34845584288852277 640
1694417215941 0.34819365788679724 641
1694417215972 0.34791926067000456 642
1694417216002 0.34764250521610407 643
1694417216037 0.34735236230589744 644
1694417216069 0.34710684328023467 645
1694417216104 0.3468438894894683 646
1694417216138 0.3465698068810373 647
1694417216162 0.34633152192882555 648
1694417216193 0.3460843272098701 649
1694417216221 0.34582229500959843 650
1694417216253 0.3455324715292272 651
1694417216286 0.3452887603477766 652
1694417216314 0.34504132393002834 653
1694417216345 0.3447910301723952 654
1694417216378 0.34454713289356975 655
1694417216412 0.34427902905493096 656
1694417216445 0.3440395307649893 657
1694417216483 0.34377029872075826 658
1694417216512 0.3435288641476501 659
1694417216543 0.3432737972611526 660
1694417216580 0.3430164641439059 661
1694417216615 0.34276734438256434 662
1694417216645 0.3425121064353183 663
1694417216676 0.34223289036443316 664
1694417216709 0.3419469178257108 665
1694417216740 0.3416670545493881 666
1694417216767 0.34138750791700206 667
1694417216793 0.34112408085987667 668
1694417216860 0.34086651620632913 669
1694417216892 0.34060280224914535 670
1694417216929 0.3403573900864012 671
1694417216964 0.3401013648274321 672
1694417216995 0.33986988012601443 673
1694417217026 0.33963870833149556 674
1694417217053 0.3394147546446603 675
1694417217080 0.339170704190128 676
1694417217120 0.3389248810348047 677
1694417217318 0.33868292565804564 678
1694417217346 0.3384325580147605 679
1694417217376 0.33819119579660817 680
1694417217409 0.3379228259432409 681
1694417217438 0.3376740010307468 682
1694417217463 0.33744355609953325 683
1694417217492 0.33716704625309185 684
1694417217523 0.3369393840238754 685
1694417217552 0.3367201858034872 686
1694417217586 0.3364742376321946 687
1694417217625 0.33623833054291447 688
1694417217660 0.33601570326467833 689
1694417217692 0.33576631502892385 690
1694417217724 0.3355231452624817 691
1694417217760 0.3352934590698166 692
1694417217796 0.3350340630653782 693
1694417217831 0.3348043890070714 694
1694417217923 0.3345585572043495 695
1694417217947 0.33434255868509133 696
1694417217980 0.33409178628988623 697
1694417218010 0.3338802265051055 698
1694417218108 0.33363045234272737 699
1694417218169 0.3333838316995061 700
1694417218207 0.3331682084815727 701
1694417218256 0.33294906531874735 702
1694417218292 0.3327261536062571 703
1694417218328 0.3325047681079833 704
1694417218358 0.33225028221475167 705
1694417218396 0.33201012200302576 706
1694417218429 0.33179195335855016 707
1694417218473 0.3315476951460805 708
1694417218506 0.331309096758069 709
1694417218538 0.3310790967906846 710
1694417218573 0.3308058527013451 711
1694417218605 0.33056784052877397 712
1694417218638 0.3303289262098611 713
1694417218677 0.33010118980880365 714
1694417219035 0.3298737119538849 715
1694417219061 0.3296406923796463 716
1694417219090 0.3294137507797959 717
1694417219117 0.32920234987168456 718
1694417219145 0.3289686356672525 719
1694417219179 0.32873132407808564 720
1694417219208 0.32854412327086185 721
1694417219250 0.32828299138380695 722
1694417219278 0.328034663030522 723
1694417219389 0.3278069007488869 724
1694417219424 0.32759756066171536 725
1694417219453 0.32737316091858226 726
1694417219481 0.32716549890024094 727
1694417219510 0.3269306483958552 728
1694417219542 0.32671399346754554 729
1694417219571 0.3264761088148775 730
1694417219603 0.3262185500157289 731
1694417219631 0.3259714881375767 732
1694417219661 0.3257182887944469 733
1694417219693 0.325495267953395 734
1694417219723 0.3252704635584802 735
1694417219749 0.32503194586344114 736
1694417219775 0.3248398379507651 737
1694417219807 0.3245983371698842 738
1694417219838 0.32438902814766163 739
1694417219873 0.32416654482100005 740
1694417219909 0.32394354630406297 741
1694417219972 0.32371685460393623 742
1694417220000 0.32350625376679015 743
1694417220051 0.32325309306148475 744
1694417220076 0.3230237173479488 745
1694417220113 0.32279481339629895 746
1694417220146 0.3225731568575342 747
1694417220178 0.32231968622872864 748
1694417220209 0.32210830608519964 749
1694417220241 0.3218857436853645 750
1694417220271 0.32166668958597955 751
1694417220306 0.32144410319785033 752
1694417220337 0.3212115481474054 753
1694417220372 0.3209856855119053 754
1694417220401 0.32075624702187555 755
1694417220429 0.32054994435034034 756
1694417220461 0.32036150276510666 757
1694417220494 0.32011823810371376 758
1694417220527 0.319887702687986 759
1694417220557 0.31962783462605987 760
1694417220595 0.31938914789925615 761
1694417220625 0.3191820573212703 762
1694417220658 0.3189606784118325 763
1694417220689 0.3187133306294849 764
1694417220715 0.3185042212522443 765
1694417220745 0.3182759117533996 766
1694417220776 0.3180467371066279 767
1694417220810 0.31783749720098026 768
1694417220844 0.31761179452839755 769
1694417220877 0.31740108127218475 770
1694417220945 0.31719694582769165 771
1694417220978 0.3169928284139446 772
1694417221014 0.31677433697319063 773
1694417221044 0.3165324130371003 774
1694417221078 0.31631939165064826 775
1694417221108 0.3160942312530371 776
1694417221142 0.31586946860672493 777
1694417221171 0.31564438946717854 778
1694417221202 0.31541883427029666 779
1694417221231 0.31521665055288484 780
1694417221264 0.3150406040077359 781
1694417221294 0.31479095193684276 782
1694417221326 0.31455864393091054 783
1694417221359 0.314337714127881 784
1694417221403 0.314131338644569 785
1694417221433 0.31391926966278966 786
1694417221494 0.3137019725555769 787
1694417221531 0.31352117209682184 788
1694417221579 0.31331135251664666 789
1694417221609 0.31308808621855855 790
1694417221643 0.31288538315033526 791
1694417221679 0.3126615920006122 792
1694417221709 0.3124533616988629 793
1694417221740 0.31225931046896105 794
1694417221777 0.312071350539068 795
1694417221806 0.3118628903257727 796
1694417221836 0.3116507991536332 797
1694417221867 0.3114471551490232 798
1694417221895 0.31121866561277833 799
1694417221925 0.31104688508740436 800
1694417221955 0.3108895112383862 801
1694417222014 0.3106948546884249 802
1694417222044 0.31049453324948595 803
1694417222076 0.3102899419897085 804
1694417222108 0.3100907410424927 805
1694417222140 0.30987435504708527 806
1694417222170 0.3096606538365487 807
1694417222198 0.3094464753857604 808
1694417222228 0.30923283471155094 809
1694417222259 0.3089846327577981 810
1694417222292 0.30878741579185004 811
1694417222325 0.30856785096218997 812
1694417222357 0.3083472920505534 813
1694417222387 0.3081312316628146 814
1694417222417 0.3079259504376483 815
1694417222446 0.30772189737993155 816
1694417222477 0.3075260532702662 817
1694417222509 0.307343311335688 818
1694417222541 0.30712651237493693 819
1694417222572 0.30690680023957706 820
1694417222608 0.306710409059 821
1694417222640 0.3064908933208114 822
1694417222673 0.3062667772397163 823
1694417222704 0.30605258261579554 824
1694417222748 0.30582905194607424 825
1694417222778 0.305634717392413 826
1694417222809 0.3054201039714478 827
1694417222840 0.30522917707665737 828
1694417222873 0.30501723621617316 829
1694417222902 0.30481971103351857 830
1694417222932 0.30462783255717935 831
1694417222997 0.3044396744083681 832
1694417223027 0.30423441278738617 833
1694417223058 0.30404945791396076 834
1694417223099 0.30385490975397794 835
1694417223140 0.3036417283295836 836
1694417223171 0.3034691276247054 837
1694417223200 0.3033041121845363 838
1694417223228 0.3030925765812214 839
1694417223257 0.302896977952068 840
1694417223291 0.3027006272888927 841
1694417223321 0.3025153758057548 842
1694417223348 0.30228242110235454 843
1694417223379 0.3021015009355324 844
1694417223408 0.30189415654246976 845
1694417223440 0.30169407470446785 846
1694417223472 0.3014876371166929 847
1694417223502 0.3012932387244605 848
1694417223536 0.3011000372696896 849
1694417223644 0.3009224003939343 850
1694417223676 0.3007425799342296 851
1694417223708 0.30054889059481904 852
1694417223742 0.30033300652671097 853
1694417223772 0.30014557585348245 854
1694417223805 0.29996018667650026 855
1694417223837 0.29974893608458064 856
1694417223868 0.2995477036382108 857
1694417223898 0.299343495102447 858
1694417223930 0.2991306760596412 859
1694417223960 0.2989449401085301 860
1694417223990 0.2987608355700796 861
1694417224047 0.29858046811006 862
1694417224076 0.2983859428690615 863
1694417224108 0.2981552925523179 864
1694417224139 0.29794029180221554 865
1694417224173 0.29775145396178776 866
1694417224204 0.29752727518457245 867
1694417224234 0.29735813236618014 868
1694417224263 0.2971395338436849 869
1694417224295 0.29696356633686943 870
1694417224326 0.2967571445464086 871
1694417224358 0.2965831116493295 872
1694417224391 0.29639170490073946 873
1694417224421 0.29620100064998733 874
1694417224451 0.2960118707455673 875
1694417224481 0.2958278924140694 876
1694417224511 0.2956527535014374 877
1694417224542 0.29546269367099787 878
1694417224574 0.29526424073857405 879
1694417224607 0.29506737945256156 880
1694417224640 0.2948673429374643 881
1694417224669 0.2946857936638238 882
1694417224697 0.29450442523704146 883
1694417224727 0.29432540992542156 884
1694417224757 0.2941304902243362 885
1694417224793 0.29394041360201884 886
1694417224826 0.29377011959842103 887
1694417224857 0.2935801769088762 888
1694417224889 0.2934054196199333 889
1694417224917 0.29321654928876023 890
1694417224944 0.29301354564654697 891
1694417224975 0.2928163315904229 892
1694417225042 0.2926225123148114 893
1694417225073 0.29243080429708623 894
1694417225107 0.2922452546665335 895
1694417225139 0.29205422119416563 896
1694417225171 0.2918709377101599 897
1694417225198 0.29167157925753384 898
1694417225227 0.29144540119436924 899
1694417225259 0.29125259954185934 900
1694417225291 0.29108706107661014 901
1694417225326 0.2908795323522734 902
1694417225357 0.2907053362094282 903
1694417225384 0.2905283832308091 904
1694417225413 0.29036601641841525 905
1694417225443 0.2901906482706254 906
1694417225475 0.29000342087060776 907
1694417225506 0.28980817626315175 908
1694417225537 0.2896299939805881 909
1694417225568 0.2894601896606631 910
1694417225598 0.28925707146361895 911
1694417225628 0.2890574067874979 912
1694417225672 0.28886251794931617 913
1694417225703 0.28868163218991094 914
1694417225764 0.28847402354377305 915
1694417225828 0.28827727013437926 916
1694417225859 0.28808068820303695 917
1694417225893 0.2879065477762403 918
1694417225922 0.28773283331358773 919
1694417225956 0.28754395954423695 920
1694417225988 0.28735364395509866 921
1694417226023 0.28716917341748016 922
1694417226087 0.28698760869559836 923
1694417226119 0.28679632096469027 924
1694417226144 0.2866149136562683 925
1694417226177 0.2864569508202368 926
1694417226207 0.28626230390316737 927
1694417226239 0.2860813688092352 928
1694417226273 0.2858911596033073 929
1694417226301 0.2857213028020134 930
1694417226341 0.2855264721546166 931
1694417226372 0.2853507616844728 932
1694417226401 0.2851715248176954 933
1694417226431 0.2849857305876415 934
1694417226462 0.28480783543225613 935
1694417226492 0.284639221089391 936
1694417226522 0.2844417547513166 937
1694417226550 0.2842628160116448 938
1694417226577 0.28408055096131174 939
1694417226624 0.2838782256818345 940
1694417226661 0.2836920106731387 941
1694417226693 0.2835128274463098 942
1694417226723 0.2833522867447554 943
1694417226747 0.28318143637935445 944
1694417226777 0.28301882675823054 945
1694417226807 0.2828425328778111 946
1694417226837 0.2826731742134835 947
1694417226867 0.28251329436065403 948
1694417226919 0.2823455774239927 949
1694417226955 0.2821908472250568 950
1694417226984 0.2820324793547239 951
1694417227013 0.28185440410970625 952
1694417227080 0.2816720144197892 953
1694417227112 0.2814900183792144 954
1694417227148 0.28130285369701974 955
1694417227176 0.2811283341451488 956
1694417227218 0.2809642161400648 957
1694417227251 0.28078787899866653 958
1694417227280 0.28061615455400934 959
1694417227310 0.2804454058505138 960
1694417227341 0.28027609863375 961
1694417227371 0.2800981502840706 962
1694417227403 0.2799331629319772 963
1694417227429 0.2797671020819426 964
1694417227478 0.2796084557078178 965
1694417227513 0.27942185656229124 966
1694417227544 0.2792482326292922 967
1694417227576 0.27905421906036115 968
1694417227609 0.2788926245544763 969
1694417227642 0.27870505777688226 970
1694417227679 0.2785390221668676 971
1694417227709 0.27838440276811843 972
1694417227741 0.27820865313091353 973
1694417227771 0.27805293598508557 974
1694417227806 0.27788798952359345 975
1694417227840 0.2776842149093819 976
1694417227901 0.27751636277436154 977
1694417227976 0.2773496144289806 978
1694417228005 0.2772100001649137 979
1694417228037 0.27705094559705457 980
1694417228063 0.2768963401611961 981
1694417228124 0.2767102968224699 982
1694417228153 0.2765310333697068 983
1694417228179 0.2763603787009474 984
1694417228260 0.2761868566948509 985
1694417228286 0.2760563201971629 986
1694417228319 0.27587561877599526 987
1694417228350 0.27572395832843893 988
1694417228379 0.2755435909691434 989
1694417228410 0.27538060502462136 990
1694417228440 0.2752116166305293 991
1694417228470 0.2750240718611375 992
1694417228495 0.27489403356873654 993
1694417228526 0.2747201578177149 994
1694417228558 0.274537930988476 995
1694417228590 0.27436582045039937 996
1694417228622 0.2741995810368007 997
1694417228654 0.2740387989538614 998
1694417228681 0.27386570436366603 999
1694417228711 0.27371201008740487 1000
1694417228742 0.2735504360931456 1001
1694417228775 0.2733643974550375 1002
1694417228809 0.27317851181986097 1003
1694417228848 0.273021761905983 1004
1694417228879 0.2728737571372221 1005
1694417228908 0.27271232428228415 1006
1694417228942 0.27252156654448384 1007
1694417228970 0.2723607360458308 1008
1694417229003 0.2721770246757581 1009
1694417229030 0.27202456118480606 1010
1694417229061 0.2718770926651131 1011
1694417229131 0.2717111401345313 1012
1694417229160 0.27154400812381163 1013
1694417229192 0.27135913409901824 1014
1694417229221 0.2711811779886726 1015
1694417229250 0.2710046820713705 1016
1694417229281 0.2708281927800821 1017
1694417229310 0.2706538040669334 1018
1694417229338 0.27048702207078823 1019
1694417229363 0.2703232119550563 1020
1694417229393 0.27016226126940984 1021
1694417229424 0.2700090477512219 1022
1694417229457 0.269832100112538 1023
1694417229487 0.2696764595527739 1024
1694417229519 0.26952535893325236 1025
1694417229559 0.2693687090248876 1026
1694417229586 0.2692055444176108 1027
1694417229613 0.2690422276377042 1028
1694417229640 0.2689077618365688 1029
1694417229670 0.26876360306865194 1030
1694417229707 0.2686500363394234 1031
1694417229738 0.26849065726565186 1032
1694417229764 0.26833685476540026 1033
1694417229794 0.2681653428529363 1034
1694417229827 0.2680062417150966 1035
1694417229858 0.26783371264330114 1036
1694417229887 0.2676889405988297 1037
1694417229916 0.26751345813477034 1038
1694417229947 0.2673376329788219 1039
1694417230060 0.2671906592811262 1040
1694417230091 0.2670401900798693 1041
1694417230119 0.2669008460274802 1042
1694417230174 0.26673548542180237 1043
1694417230200 0.26657491297090824 1044
1694417230228 0.26642506023648727 1045
1694417230258 0.2662720813686143 1046
1694417230294 0.2661156721128681 1047
1694417230325 0.26594991700352605 1048
1694417230354 0.26580569223682987 1049
1694417230385 0.26563052235782436 1050
1694417230415 0.26546606958003677 1051
1694417230443 0.26527821404242563 1052
1694417230473 0.2651296150881684 1053
1694417230506 0.2649568700223854 1054
1694417230536 0.26479730927577866 1055
1694417230562 0.2646451164480071 1056
1694417230628 0.26447277932003593 1057
1694417230663 0.2643169106567942 1058
1694417230694 0.2641528843902817 1059
1694417230729 0.2640085867633464 1060
1694417230758 0.2638366409533129 1061
1694417230788 0.2636706633917593 1062
1694417230817 0.26351626288363894 1063
1694417230845 0.26333037881632365 1064
1694417230875 0.26317690896076673 1065
1694417230902 0.2630269296253193 1066
1694417230930 0.26285787829609 1067
1694417230960 0.2627013079918801 1068
1694417230993 0.26252289255965183 1069
1694417231025 0.2623703269445628 1070
1694417231056 0.2622152393319802 1071
1694417231085 0.2620584470629638 1072
1694417231112 0.2618980772951584 1073
1694417231177 0.261726399556214 1074
1694417231210 0.26155437487485095 1075
1694417231239 0.2613887708318218 1076
1694417231292 0.26124893757012757 1077
1694417231327 0.2610848712372804 1078
1694417231355 0.2609433909997886 1079
1694417231386 0.26080568268086424 1080
1694417231414 0.26064500154504244 1081
1694417231445 0.26048138949145566 1082
1694417231475 0.2603243092310028 1083
1694417231509 0.2601530206419512 1084
1694417231542 0.26001180815718294 1085
1694417231573 0.2598430027141307 1086
1694417231598 0.2596885896210205 1087
1694417231627 0.25955506038578835 1088
1694417231656 0.25940717619461184 1089
1694417231687 0.25925334035416925 1090
1694417231719 0.25909881795020184 1091
1694417231747 0.2589311067370207 1092
1694417231807 0.2587760918689328 1093
1694417231847 0.258622809472511 1094
1694417231886 0.25847972654174245 1095
1694417231915 0.2583477044441082 1096
1694417231947 0.2581795943912969 1097
1694417231980 0.2580362461041294 1098
1694417232012 0.25788491035511507 1099
1694417232139 0.257733691382459 1100
1694417232197 0.25758341760178066 1101
1694417232227 0.25744231472312545 1102
1694417232257 0.2572858103681422 1103
1694417232289 0.2571473849373504 1104
1694417232320 0.256995668072348 1105
1694417232347 0.25685425034853226 1106
1694417232385 0.2566813201149743 1107
1694417232412 0.25652610729879444 1108
1694417232444 0.25637948267455174 1109
1694417232475 0.25623023640346976 1110
1694417232510 0.256076868800522 1111
1694417232543 0.2559442202709973 1112
1694417232576 0.25580646904801313 1113
1694417232620 0.2556539724436021 1114
1694417232651 0.25550733847963153 1115
1694417232679 0.25534909802423467 1116
1694417232708 0.2552030538798481 1117
1694417232761 0.2550440882209732 1118
1694417232796 0.2548928175125802 1119
1694417232825 0.2547515523617721 1120
1694417232856 0.25460113448530847 1121
1694417232887 0.25444871561112653 1122
1694417232913 0.25427171012008987 1123
1694417232942 0.2541143136959828 1124
1694417232973 0.2539448061947227 1125
1694417233004 0.2537905782982368 1126
1694417233035 0.25363433135403324 1127
1694417233069 0.2534870952731266 1128
1694417233098 0.25335684994789615 1129
1694417233129 0.2532219745807447 1130
1694417233158 0.2530904352727744 1131
1694417233253 0.25293250194897493 1132
1694417233278 0.25279377877322373 1133
1694417233313 0.25263644465621715 1134
1694417233358 0.25249192200161474 1135
1694417233392 0.2523240144428119 1136
1694417233423 0.2521641840755584 1137
1694417233455 0.25200016544865944 1138
1694417233487 0.2518565897628135 1139
1694417233518 0.25171238563778947 1140
1694417233555 0.2515721017051855 1141
1694417233586 0.25142161476021213 1142
1694417233616 0.2512856277858178 1143
1694417233644 0.25113708793548456 1144
1694417233676 0.25099506888487605 1145
1694417233709 0.2508399309566989 1146
1694417233745 0.25069197830675355 1147
1694417233775 0.25055100168528777 1148
1694417233824 0.2504193363059847 1149
1694417233855 0.2502763731083497 1150
1694417233886 0.2501254703282728 1151
1694417233915 0.24997545576314636 1152
1694417233944 0.24981991302791698 1153
1694417233976 0.24968480797585166 1154
1694417234013 0.24954614541777986 1155
1694417234048 0.24939611899196085 1156
1694417234077 0.24924291949843488 1157
1694417234108 0.24909576605940295 1158
1694417234147 0.24894737766244976 1159
1694417234180 0.248803379835278 1160
1694417234252 0.24866437027077332 1161
1694417234312 0.248521927846869 1162
1694417234340 0.24837283329835572 1163
1694417234371 0.24821849811876068 1164
1694417234398 0.24805224683621094 1165
1694417234428 0.24791156408047607 1166
1694417234457 0.24775501262159924 1167
1694417234489 0.24759737468900817 1168
1694417234520 0.24744406700025529 1169
1694417234550 0.24730287499787806 1170
1694417234586 0.24715552252019607 1171
1694417234620 0.24702227309382327 1172
1694417234653 0.24688026017260306 1173
1694417234681 0.24674536343963963 1174
1694417234710 0.24661204655772817 1175
1694417234740 0.24645891980814238 1176
1694417234767 0.24632402152513058 1177
1694417234795 0.246183615492962 1178
1694417234826 0.24603471197544372 1179
1694417234858 0.24589501672338304 1180
1694417234889 0.24576734779512674 1181
1694417234924 0.2456096524838651 1182
1694417234956 0.24545621188045336 1183
1694417234989 0.24530337201652558 1184
1694417235024 0.24516095048768474 1185
1694417235055 0.24501893621790813 1186
1694417235087 0.24487547786931407 1187
1694417235118 0.24473384376524893 1188
1694417235150 0.24458621946503462 1189
1694417235181 0.24443749678075039 1190
1694417235213 0.2442941763631255 1191
1694417235279 0.2441406132070456 1192
1694417235311 0.24400544950834183 1193
1694417235342 0.24387736736303825 1194
1694417235377 0.24374615585368847 1195
1694417235407 0.2436230754935199 1196
1694417235438 0.2434930749057709 1197
1694417235464 0.24336833846858782 1198
1694417235495 0.24324917941491994 1199
1694417235530 0.24311605013661813 1200
1694417235562 0.2429870940696499 1201
1694417235592 0.2428593340768448 1202
1694417235623 0.24271710094921053 1203
1694417235655 0.24256138648246695 1204
1694417235687 0.24242317171916863 1205
1694417235718 0.24225821261077213 1206
1694417235746 0.24211998354710323 1207
1694417235777 0.2419802372255442 1208
1694417235810 0.2418558602557588 1209
1694417235839 0.2417206623672055 1210
1694417235871 0.24159199497626446 1211
1694417235896 0.24144687180000615 1212
1694417235926 0.24130282553586777 1213
1694417235957 0.2411675613301099 1214
1694417235987 0.24102758546329717 1215
1694417236016 0.2408965831812706 1216
1694417236044 0.2407617261510252 1217
1694417236077 0.24061602375605043 1218
1694417236126 0.24047735770273304 1219
1694417236168 0.24034168340740927 1220
1694417236203 0.240179473930999 1221
1694417236230 0.2400483108709882 1222
1694417236286 0.23992852991490357 1223
1694417236396 0.23980423286304292 1224
1694417236428 0.23967262950478596 1225
1694417236460 0.23952881773406606 1226
1694417236490 0.23937845514565603 1227
1694417236521 0.239232773787227 1228
1694417236547 0.2391039089187136 1229
1694417236577 0.23896290687356347 1230
1694417236611 0.23882417686048418 1231
1694417236644 0.23869515432077118 1232
1694417236677 0.23855802756861044 1233
1694417236708 0.23842848903533734 1234
1694417236739 0.23829131728830094 1235
1694417236770 0.23813955306064982 1236
1694417236800 0.23799802976796677 1237
1694417236830 0.2378663834575598 1238
1694417236862 0.2377349852981927 1239
1694417236893 0.23759918723744242 1240
1694417236921 0.23746200975870163 1241
1694417236957 0.2373471790591176 1242
1694417236989 0.23721732137044416 1243
1694417237019 0.23708695073529198 1244
1694417237045 0.23696597471043035 1245
1694417237076 0.23682281114748235 1246
1694417237110 0.23672236506455455 1247
1694417237139 0.23659081466374154 1248
1694417237171 0.23647197450858548 1249
1694417237201 0.23636379251376993 1250
1694417237230 0.2362171794822974 1251
1694417237259 0.23608263320834058 1252
1694417237354 0.23593830555039563 1253
1694417237408 0.23580232068473464 1254
1694417237437 0.23567781057292703 1255
1694417237464 0.23554161775247126 1256
1694417237495 0.23541281457462088 1257
1694417237531 0.23530643456073227 1258
1694417237576 0.2351741383944025 1259
1694417237611 0.2350338386665027 1260
1694417237642 0.23487501081344797 1261
1694417237670 0.23473984436057108 1262
1694417237695 0.23459904784814098 1263
1694417237726 0.2344787830343938 1264
1694417237756 0.23432831770003987 1265
1694417237787 0.2341968178771716 1266
1694417237841 0.2340649259463075 1267
1694417237874 0.23389793795689753 1268
1694417237907 0.23375954760793227 1269
1694417237942 0.2336177042830734 1270
1694417237973 0.23347970508523994 1271
1694417238003 0.23335290328908131 1272
1694417238031 0.23323315730614477 1273
1694417238061 0.2331029392297506 1274
1694417238093 0.2329958740410184 1275
1694417238125 0.2328459229939657 1276
1694417238158 0.232715973438869 1277
1694417238192 0.23257508842093563 1278
1694417238226 0.232448112707864 1279
1694417238262 0.2323148360321381 1280
1694417238340 0.23218107566931293 1281
1694417238370 0.23204706185817958 1282
1694417238411 0.23191644059173158 1283
1694417238443 0.23179746427515818 1284
1694417238508 0.23166469688868035 1285
1694417238536 0.231528903937097 1286
1694417238589 0.23140497414737035 1287
1694417238625 0.2312762672260085 1288
1694417238677 0.23114705714569475 1289
1694417238708 0.23100576440886805 1290
1694417238740 0.23084790178732295 1291
1694417238778 0.23071917293910618 1292
1694417238809 0.2305833335376212 1293
1694417238838 0.23046655057325838 1294
1694417238873 0.2303337684836908 1295
1694417238904 0.23017525799329192 1296
1694417238937 0.2300499229249984 1297
1694417238967 0.229919404052788 1298
1694417238996 0.22979124895126393 1299
1694417239026 0.22965341750773263 1300
1694417239057 0.2295425638868017 1301
1694417239087 0.22941961390753576 1302
1694417239122 0.2293076583775549 1303
1694417239151 0.22915890837630432 1304
1694417239177 0.22903610814122466 1305
1694417239206 0.2289077171747174 1306
1694417239237 0.22878272909115432 1307
1694417239271 0.2286538299984629 1308
1694417239305 0.2285297277309854 1309
1694417239376 0.22840694883128906 1310
1694417239405 0.2282930157583626 1311
1694417239434 0.2281742214677595 1312
1694417239463 0.22805417667419656 1313
1694417239492 0.22792149929755587 1314
1694417239524 0.2277880290914322 1315
1694417239554 0.22765394125354588 1316
1694417239581 0.2275339092091622 1317
1694417239609 0.22739438108956467 1318
1694417239644 0.22726308353707134 1319
1694417239675 0.22711638693857797 1320
1694417239704 0.2269832634394639 1321
1694417239731 0.22686644640398546 1322
1694417239760 0.22673611558519888 1323
1694417239791 0.22660511945876652 1324
1694417239817 0.22647452808037552 1325
1694417239846 0.22633850363134958 1326
1694417239878 0.22621881972357955 1327
1694417239918 0.22607412436917415 1328
1694417239944 0.22594575158435876 1329
1694417239977 0.22582500146381762 1330
1694417240007 0.2257108283220676 1331
1694417240039 0.22557930547132232 1332
1694417240069 0.2254515878879288 1333
1694417240098 0.22531433279095225 1334
1694417240136 0.22518032149553113 1335
1694417240167 0.22505805742498644 1336
1694417240196 0.22492522253498798 1337
1694417240231 0.2247921460656374 1338
1694417240260 0.22466437740305656 1339
1694417240290 0.2245523957544563 1340
1694417240324 0.22441407796370974 1341
1694417240378 0.2242791257028573 1342
1694417240408 0.2241562914769416 1343
1694417240472 0.2240408972476785 1344
1694417240500 0.22390386447264496 1345
1694417240528 0.22378503255872687 1346
1694417240560 0.2236666975163708 1347
1694417240674 0.22353418253954938 1348
1694417240707 0.22339800417033015 1349
1694417240736 0.22326458923978643 1350
1694417240767 0.22314158330266615 1351
1694417240794 0.22301957686925727 1352
1694417240823 0.22289054184457 1353
1694417240856 0.2227639061460409 1354
1694417240889 0.22264724430934205 1355
1694417240923 0.22254600186559068 1356
1694417240955 0.2224218059718609 1357
1694417240989 0.22228971662759545 1358
1694417241019 0.22217615372866545 1359
1694417241048 0.2220506448563915 1360
1694417241077 0.2219327967589348 1361
1694417241109 0.22181192278931142 1362
1694417241143 0.2216846456349532 1363
1694417241191 0.22156020344088967 1364
1694417241223 0.2214166398321091 1365
1694417241292 0.2212937073811107 1366
1694417241322 0.22116970837201835 1367
1694417241352 0.22104487776061438 1368
1694417241405 0.2209427203824857 1369
1694417241446 0.2208173764614881 1370
1694417241477 0.220690753191927 1371
1694417241510 0.22057707989454015 1372
1694417241541 0.2204562798722564 1373
1694417241569 0.22033234245172803 1374
1694417241595 0.22021878141813853 1375
1694417241626 0.22009449389995234 1376
1694417241658 0.21996924231960271 1377
1694417241691 0.21984754211097474 1378
1694417241723 0.21971996204575236 1379
1694417241754 0.21960256675840997 1380
1694417241785 0.21947482793516773 1381
1694417241814 0.2193566196246034 1382
1694417241844 0.21923945520047838 1383
1694417241875 0.21910687289660863 1384
1694417241905 0.21897993388908016 1385
1694417241930 0.21886342370378845 1386
1694417241965 0.2187522691014825 1387
1694417241994 0.21864006448052678 1388
1694417242025 0.21853594259529516 1389
1694417242057 0.21841465719789271 1390
1694417242090 0.21829196194043432 1391
1694417242119 0.2181810868323741 1392
1694417242147 0.21806296214488305 1393
1694417242176 0.21794432286432222 1394
1694417242209 0.21781223567690638 1395
1694417242238 0.21770106835196734 1396
1694417242265 0.21758674639967618 1397
1694417242294 0.2174806878357697 1398
1694417242336 0.2173540869266629 1399
1694417242364 0.2172285538504342 1400
1694417242422 0.21710691961938014 1401
1694417242453 0.21699051088089094 1402
1694417242480 0.21687014097245888 1403
1694417242564 0.2167539916791188 1404
1694417242603 0.21664376757585713 1405
1694417242635 0.21653623454089035 1406
1694417242677 0.2164029197900066 1407
1694417242788 0.21628554003377629 1408
1694417242816 0.21618392699457267 1409
1694417242845 0.2160655207300236 1410
1694417242875 0.2159494718213988 1411
1694417242905 0.2158225031798271 1412
1694417242935 0.21570065932968566 1413
1694417242961 0.21559863578153313 1414
1694417243006 0.21547210534164993 1415
1694417243036 0.21535320940301256 1416
1694417243065 0.21524152985764028 1417
1694417243094 0.2151394682405296 1418
1694417243126 0.21503354719093448 1419
1694417243154 0.21491889105406464 1420
1694417243179 0.21480219772026887 1421
1694417243210 0.2146738698704796 1422
1694417243255 0.21456330254018685 1423
1694417243282 0.21443186621243426 1424
1694417243311 0.2143202019583102 1425
1694417243348 0.21418976888345323 1426
1694417243378 0.21407188928256932 1427
1694417243409 0.21395298751266628 1428
1694417243466 0.21385073757787423 1429
1694417243508 0.21373298063077342 1430
1694417243540 0.21362631627485518 1431
1694417243573 0.2135123233797936 1432
1694417243609 0.21340742928974166 1433
1694417243662 0.213304173967297 1434
1694417243695 0.21317847779685944 1435
1694417243736 0.21306103862133213 1436
1694417243767 0.212950827760136 1437
1694417243797 0.212842655503474 1438
1694417243827 0.21272116525499926 1439
1694417243858 0.21259468932283188 1440
1694417243888 0.21246269790188557 1441
1694417243914 0.21234574569839812 1442
1694417243944 0.2122379261215429 1443
1694417243973 0.21214086687168307 1444
1694417244006 0.21203644853034864 1445
1694417244036 0.2119373714858746 1446
1694417244064 0.21182806252995015 1447
1694417244094 0.21170407062321062 1448
1694417244123 0.21159918467072883 1449
1694417244148 0.21148980268932255 1450
1694417244178 0.2113814747827394 1451
1694417244209 0.2112801892055399 1452
1694417244239 0.21115788115155745 1453
1694417244275 0.21103705181115817 1454
1694417244307 0.21092873558170905 1455
1694417244338 0.21080939566423693 1456
1694417244371 0.21070438786731321 1457
1694417244400 0.2105927882041893 1458
1694417244458 0.21047307190556702 1459
1694417244487 0.21036088444927273 1460
1694417244514 0.21023970823627555 1461
1694417244544 0.21012851672930516 1462
1694417244578 0.21001534684579737 1463
1694417244609 0.20990252478350627 1464
1694417244640 0.20978622372051908 1465
1694417244669 0.20970007379906128 1466
1694417244698 0.20958229469335696 1467
1694417244727 0.20946078425534667 1468
1694417244759 0.20935749800844047 1469
1694417244806 0.20923853388220776 1470
1694417244900 0.20912172875597523 1471
1694417244926 0.2090087238652829 1472
1694417244960 0.20890766927343632 1473
1694417244991 0.20877917889339995 1474
1694417245021 0.2086686975647684 1475
1694417245062 0.20855101007209542 1476
1694417245094 0.20844333124725767 1477
1694417245122 0.20833303302079204 1478
1694417245148 0.2082153761281448 1479
1694417245178 0.20810675478140592 1480
1694417245208 0.2079921475352388 1481
1694417245240 0.20788407594267158 1482
1694417245272 0.20776411409559967 1483
1694417245306 0.20764101579320676 1484
1694417245335 0.2075445877283123 1485
1694417245363 0.20743572835433677 1486
1694417245395 0.20731762424841627 1487
1694417245426 0.20719119505729955 1488
1694417245461 0.20707354688142285 1489
1694417245530 0.20696210937896897 1490
1694417245561 0.20686456074593668 1491
1694417245602 0.20675627051078196 1492
1694417245630 0.2066534286583098 1493
1694417245661 0.20656034736036524 1494
1694417245693 0.20646092578749156 1495
1694417245723 0.2063608904382503 1496
1694417245755 0.2062555628272955 1497
1694417245783 0.20613267549658323 1498
1694417245809 0.20602034243356446 1499
1694417246164 0.20602034243356446 1500
