1694241492968 1.872101646327623 0
1694241492992 1.8044302226863467 1
1694241493019 1.7467879447766184 2
1694241493044 1.6935412433187413 3
1694241493073 1.6455047140438983 4
1694241493106 1.600836597988391 5
1694241493135 1.5596251001303327 6
1694241493161 1.521004373642343 7
1694241493188 1.4843827055101972 8
1694241493235 1.4500310318692704 9
1694241493260 1.417793248995352 10
1694241493286 1.3870650406000147 11
1694241493320 1.357651009199072 12
1694241493467 1.3298900985003046 13
1694241493491 1.303712561019678 14
1694241493516 1.2786125798718844 15
1694241493546 1.2541779826030097 16
1694241493572 1.2312955242921133 17
1694241493599 1.2091136585656543 18
1694241493624 1.187965729258355 19
1694241493654 1.168047389329112 20
1694241493681 1.1483696384969795 21
1694241493709 1.1294082831618786 22
1694241493733 1.1111327612336517 23
1694241493758 1.0938266416034526 24
1694241493787 1.0770513249562028 25
1694241493812 1.0605823465090085 26
1694241493839 1.0446078852541674 27
1694241493866 1.029162754396458 28
1694241493914 1.014642884397321 29
1694241493940 1.0005290069858543 30
1694241493970 0.9867428261371235 31
1694241494001 0.9735890429456266 32
1694241494027 0.9608599628168302 33
1694241494062 0.9485029772676516 34
1694241494091 0.9364959994202189 35
1694241494118 0.9249270707406697 36
1694241494144 0.91377124188128 37
1694241494170 0.9029215413701974 38
1694241494206 0.8923639488941324 39
1694241494231 0.8823357951808168 40
1694241494256 0.8725977292766346 41
1694241494281 0.8632132215423831 42
1694241494306 0.853878828246073 43
1694241494333 0.8447711778025566 44
1694241494359 0.8359103408148699 45
1694241494386 0.8272215876975343 46
1694241494411 0.8190249562518866 47
1694241494447 0.8109090551361394 48
1694241494478 0.8030819262071112 49
1694241494503 0.7953722747348425 50
1694241494532 0.7879913213515186 51
1694241494558 0.780637254820283 52
1694241494588 0.7735511282244696 53
1694241494617 0.766745369673642 54
1694241494664 0.7600207361589665 55
1694241494689 0.7535739924116643 56
1694241494718 0.7472091083553056 57
1694241494742 0.7410272326231665 58
1694241494767 0.7349325662809054 59
1694241494793 0.7290886623947308 60
1694241494823 0.7233289089852353 61
1694241494849 0.7177083771098531 62
1694241494875 0.7123431645992333 63
1694241494900 0.7068441116001765 64
1694241494926 0.7016651643258267 65
1694241494971 0.6965488638817213 66
1694241494998 0.6914588183548033 67
1694241495022 0.6866338856240775 68
1694241495048 0.6819235406859203 69
1694241495081 0.6772750705666932 70
1694241495106 0.6728730324953056 71
1694241495130 0.6684738436982922 72
1694241495161 0.6640297048152063 73
1694241495188 0.6597298633346369 74
1694241495219 0.6555210866826432 75
1694241495261 0.6512867295995236 76
1694241495287 0.6473728480532224 77
1694241495312 0.6435104446672898 78
1694241495338 0.6396774116256753 79
1694241495368 0.6359273753863768 80
1694241495394 0.6322809441709524 81
1694241495419 0.6286666485311015 82
1694241495446 0.6252364880273023 83
1694241495484 0.6217575324426897 84
1694241495838 0.6182867936810429 85
1694241495863 0.6149425052859365 86
1694241495893 0.6117315893783078 87
1694241495919 0.6084953454399624 88
1694241495949 0.6053057347852453 89
1694241495977 0.602154636776049 90
1694241496008 0.5990009462050113 91
1694241496049 0.5961009631773139 92
1694241496082 0.5932100267412466 93
1694241496112 0.5902882269185166 94
1694241496140 0.5874504229430401 95
1694241496164 0.5846846633425706 96
1694241496196 0.5819467717813097 97
1694241496225 0.5792803950210457 98
1694241496253 0.5766526028557462 99
1694241496279 0.5740752870251171 100
1694241496304 0.571452522398839 101
1694241496329 0.5689969686925165 102
1694241496355 0.5664946200541803 103
1694241496394 0.5640437725354971 104
1694241496425 0.5616065072854294 105
1694241496459 0.55921129065973 106
1694241496486 0.5568624274491843 107
1694241496519 0.5545404738425042 108
1694241496548 0.5522268249678154 109
1694241496589 0.5499386204488668 110
1694241496613 0.5477470059828289 111
1694241496643 0.545557148826491 112
1694241496700 0.5434131177928126 113
1694241496729 0.5413929280294264 114
1694241496756 0.539332879834239 115
1694241496791 0.5372911027036272 116
1694241496815 0.5352946030718416 117
1694241496840 0.5333206023192092 118
1694241496864 0.531376819858047 119
1694241496889 0.5295017212438965 120
1694241496915 0.5276203959668176 121
1694241496945 0.5257566042493123 122
1694241496977 0.5238545854499284 123
1694241497007 0.5220699110955102 124
1694241497035 0.520267223930423 125
1694241497061 0.5184935525551134 126
1694241497099 0.5167839544285245 127
1694241497123 0.5151424544099524 128
1694241497148 0.5134888047895311 129
1694241497177 0.5118354058835018 130
1694241497203 0.5101157713177977 131
1694241497228 0.5084918962860383 132
1694241497261 0.5068936348567586 133
1694241497301 0.5052042787842964 134
1694241497326 0.5036221474824649 135
1694241497352 0.5020912095136482 136
1694241497377 0.5005624923220371 137
1694241497410 0.49902484320868495 138
1694241497438 0.49747205695272745 139
1694241497532 0.49596897820754265 140
1694241497558 0.4944777663723375 141
1694241497679 0.4929671006958458 142
1694241497708 0.4915191692981509 143
1694241497733 0.49013773189509263 144
1694241497758 0.4886942122827133 145
1694241497787 0.48728213129250514 146
1694241497817 0.4858860026623458 147
1694241497841 0.4845502401569742 148
1694241497866 0.4831645622516921 149
1694241497892 0.4818858188060194 150
1694241497918 0.4805745985175354 151
1694241497951 0.47927065736698554 152
1694241497975 0.47791918204462347 153
1694241498001 0.476654524009503 154
1694241498026 0.4753957662966748 155
1694241498051 0.4741555900593412 156
1694241498076 0.4729205519901191 157
1694241498113 0.4717183554340912 158
1694241498137 0.4705250613815069 159
1694241498176 0.4692801303235114 160
1694241498204 0.4680778026984938 161
1694241498241 0.4668448561346233 162
1694241498266 0.46560527520573636 163
1694241498290 0.4644703623475027 164
1694241498322 0.463288291970104 165
1694241498352 0.46220141239647516 166
1694241498376 0.46106784166814857 167
1694241498401 0.4599709830597615 168
1694241498428 0.45882745315574175 169
1694241498462 0.45773747223108624 170
1694241498490 0.45663823447842317 171
1694241498519 0.4555630566764112 172
1694241498548 0.4544879901547969 173
1694241498579 0.4533852765760756 174
1694241498606 0.4522838984404089 175
1694241498631 0.4512614850306197 176
1694241498657 0.45022104201003044 177
1694241498683 0.4491710008690348 178
1694241498749 0.44815725651928984 179
1694241498774 0.4471047418412615 180
1694241498800 0.4460919026924379 181
1694241498832 0.44516907220980023 182
1694241498860 0.44417446726463705 183
1694241498885 0.443222955695963 184
1694241498908 0.44226630674901923 185
1694241498932 0.4412853534814238 186
1694241498962 0.4402496885630942 187
1694241498991 0.43926326464962273 188
1694241499017 0.43829141135440985 189
1694241499041 0.437331785959559 190
1694241499065 0.43639168655604793 191
1694241499090 0.4354747345963356 192
1694241499121 0.4345355665633246 193
1694241499145 0.4335715643138675 194
1694241499170 0.43265250809387396 195
1694241499195 0.431805677259215 196
1694241499237 0.4309231860243527 197
1694241499264 0.4300729551714569 198
1694241499288 0.4292311987698864 199
1694241499337 0.4283457826215374 200
1694241499362 0.4274083409174495 201
1694241499394 0.4265828006693927 202
1694241499419 0.42571942572255245 203
1694241499443 0.42477645141479586 204
1694241499472 0.4239446084877139 205
1694241499501 0.4230777188850873 206
1694241499524 0.4221766290805907 207
1694241499549 0.42133216584715616 208
1694241499574 0.4204662749476302 209
1694241499598 0.4196285257521828 210
1694241499627 0.41883662562983476 211
1694241499655 0.41803940989044025 212
1694241499683 0.4172560862572173 213
1694241499774 0.4164695189662896 214
1694241499798 0.4156567128042024 215
1694241499859 0.41485785957534355 216
1694241499883 0.4140169398775085 217
1694241499911 0.4131781638305663 218
1694241499940 0.412403208263379 219
1694241499974 0.41157606189604445 220
1694241499999 0.4108427938179792 221
1694241500028 0.41005135777123236 222
1694241500054 0.4092846254593412 223
1694241500078 0.4084995851015939 224
1694241500119 0.4077393632699539 225
1694241500144 0.4070551326235436 226
1694241500166 0.4063819308694445 227
1694241500191 0.4057272972615322 228
1694241500217 0.4049161377657061 229
1694241500249 0.4041844017811415 230
1694241500273 0.40346107013828575 231
1694241500315 0.40270139515535625 232
1694241500343 0.40193453555072833 233
1694241500370 0.40117396163925884 234
1694241500395 0.40043870672277687 235
1694241500419 0.39969411742595945 236
1694241500456 0.39896118577346645 237
1694241500482 0.39821549254265054 238
1694241500506 0.39749041455027806 239
1694241500530 0.3968298832944762 240
1694241500555 0.39611036633454366 241
1694241500584 0.3954169737984276 242
1694241500610 0.3947423702861688 243
1694241500633 0.39402628563752395 244
1694241500662 0.39332060177071 245
1694241500687 0.3926420831503177 246
1694241500717 0.39194408050271395 247
1694241500741 0.39125877237881285 248
1694241500789 0.39051393259126443 249
1694241500814 0.38984208412864724 250
1694241500861 0.389099153371774 251
1694241500886 0.3884020054601687 252
1694241500912 0.38771359334035554 253
1694241500940 0.3869961878282507 254
1694241500987 0.3863285113539789 255
1694241501011 0.3857201381047214 256
1694241501037 0.38517504146582504 257
1694241501060 0.38456874746982356 258
1694241501086 0.38389939542157614 259
1694241501111 0.38321060500550236 260
1694241501140 0.3825554277986582 261
1694241501165 0.3818934123105166 262
1694241501188 0.38130573705124643 263
1694241501212 0.38068028287872774 264
1694241501237 0.38002613032543925 265
1694241501266 0.3793461075015195 266
1694241501291 0.378750442837642 267
1694241501314 0.37816181526372455 268
1694241501363 0.37756000952737157 269
1694241501395 0.3769550471382726 270
1694241501420 0.3762741087528688 271
1694241501443 0.37574815291287655 272
1694241501477 0.37509640457352067 273
1694241501508 0.37443917662095605 274
1694241501544 0.37381392999519664 275
1694241501569 0.3732023978788216 276
1694241501595 0.37257364446930435 277
1694241501624 0.3720155908296982 278
1694241501649 0.371428912405485 279
1694241501675 0.3707884466132368 280
1694241501703 0.37018217573160694 281
1694241501732 0.36961137799425203 282
1694241501761 0.3689609052576738 283
1694241501784 0.3684146543302819 284
1694241501811 0.36779296462950306 285
1694241501861 0.36728283107574333 286
1694241501929 0.366750456703752 287
1694241501955 0.3662407181178988 288
1694241501981 0.36566282559190655 289
1694241502012 0.3650603772429629 290
1694241502040 0.3644261416573768 291
1694241502063 0.3638252546874339 292
1694241502089 0.363260227385908 293
1694241502112 0.36271696224196387 294
1694241502144 0.3622043958940394 295
1694241502174 0.3615734802379673 296
1694241502201 0.3610321492155732 297
1694241502227 0.3604927081439131 298
1694241502259 0.3600429878995553 299
1694241502285 0.3594802584382735 300
1694241502311 0.35893518068794783 301
1694241502337 0.3583542608737726 302
1694241502361 0.3577880710090288 303
1694241502386 0.35720732440523445 304
1694241502411 0.35672756096964464 305
1694241502441 0.35619625019549345 306
1694241502477 0.3556414608808105 307
1694241502514 0.35507242620070684 308
1694241502542 0.35450821785679515 309
1694241502575 0.3539591366494723 310
1694241502599 0.3534036602802949 311
1694241502625 0.35293670207988026 312
1694241502650 0.35236127380753846 313
1694241502675 0.351830182109422 314
1694241502703 0.3513202878170495 315
1694241502728 0.35075094464300943 316
1694241502752 0.35024638082173776 317
1694241502777 0.34973474967825086 318
1694241502825 0.3492435043819915 319
1694241502848 0.34872295668869846 320
1694241502888 0.3481524866617882 321
1694241502916 0.34757827413925213 322
1694241502940 0.34707741677085463 323
1694241502969 0.34656686188394625 324
1694241503014 0.3460740188323768 325
1694241503041 0.3455810774140701 326
1694241503066 0.34510340944118195 327
1694241503093 0.34456175348610424 328
1694241503118 0.34408022964588486 329
1694241503141 0.34355892409000777 330
1694241503172 0.34306641981784136 331
1694241503195 0.342536774181937 332
1694241503219 0.34203272141133556 333
1694241503247 0.3414765264334607 334
1694241503272 0.34093886455449307 335
1694241503297 0.34046751757589855 336
1694241503326 0.3399496875938119 337
1694241503352 0.3394090568218118 338
1694241503400 0.33890593106373107 339
1694241503423 0.338420132906528 340
1694241503457 0.33788098172769454 341
1694241503481 0.3373582771656234 342
1694241503533 0.3368852942198867 343
1694241503567 0.3363794298578929 344
1694241503594 0.3359094333728163 345
1694241503623 0.3354106857194235 346
1694241503655 0.334883522765605 347
1694241503678 0.3343996655357814 348
1694241503703 0.33388980111733496 349
1694241503733 0.3334215836734104 350
1694241503756 0.33292785480231174 351
1694241503779 0.33247819023792935 352
1694241503809 0.33197939499827733 353
1694241503834 0.331471584209582 354
1694241503861 0.33101635519390893 355
1694241503885 0.3305249239489703 356
1694241503920 0.3300767464441165 357
1694241503976 0.3296426656423707 358
1694241504022 0.3291450745828077 359
1694241504048 0.32875365631822584 360
1694241504092 0.3282803592455128 361
1694241504115 0.32781453045425907 362
1694241504141 0.3273521866762918 363
1694241504178 0.32692504781400783 364
1694241504207 0.3265342450793466 365
1694241504230 0.3261189823788047 366
1694241504254 0.32562805362322916 367
1694241504278 0.3251700290737761 368
1694241504319 0.3247066882636648 369
1694241504342 0.32424847922758593 370
1694241504368 0.3237604728372532 371
1694241504391 0.3233579619587261 372
1694241504415 0.3228625263531145 373
1694241504440 0.32241305345633114 374
1694241504474 0.32197881932306405 375
1694241504500 0.32157436732751943 376
1694241504525 0.3211584854139867 377
1694241504550 0.32068540645482707 378
1694241504580 0.32031835047274065 379
1694241504627 0.31993002948514127 380
1694241504651 0.31950456295151225 381
1694241504681 0.3190440879227486 382
1694241504719 0.31858437890796537 383
1694241504741 0.3181778869663833 384
1694241504766 0.3177183315235754 385
1694241504794 0.31730946447545455 386
1694241504819 0.31687847575962363 387
1694241504867 0.3164104148012286 388
1694241504922 0.31593956297410575 389
1694241505076 0.3155296476412728 390
1694241505099 0.31511115435744225 391
1694241505123 0.3146622612916689 392
1694241505156 0.31425618538546224 393
1694241505180 0.3138333080256527 394
1694241505212 0.31339430615213754 395
1694241505239 0.3129341195512667 396
1694241505263 0.31252202116450845 397
1694241505288 0.3121064248685383 398
1694241505313 0.3117038206519997 399
1694241505342 0.3112794205125324 400
1694241505367 0.31083736075347995 401
1694241505415 0.3104108508126467 402
1694241505438 0.31002314842176604 403
1694241505472 0.3096174168220709 404
1694241505496 0.30923776666037295 405
1694241505520 0.3088326526134106 406
1694241505544 0.3083757733993956 407
1694241505568 0.3079838920960765 408
1694241505594 0.30756766181982154 409
1694241505624 0.30716747760501195 410
1694241505648 0.3067366272302195 411
1694241505672 0.3063732274526349 412
1694241505704 0.30594916785765297 413
1694241505734 0.3055309222221015 414
1694241505764 0.30507717172422666 415
1694241505788 0.30470127798684704 416
1694241505811 0.3042935933001335 417
1694241505836 0.30392912031607544 418
1694241505863 0.30353239332025617 419
1694241505889 0.3030717980854665 420
1694241505914 0.3027087992814512 421
1694241505939 0.30233847970791694 422
1694241505973 0.3019883321297973 423
1694241505998 0.30161617947850944 424
1694241506039 0.3012032484905953 425
1694241506097 0.3008305511734366 426
1694241506141 0.30045946214029257 427
1694241506167 0.3000559714737323 428
1694241506193 0.29966492247027615 429
1694241506243 0.29924601182549104 430
1694241506268 0.2988769033093005 431
1694241506296 0.298479616898074 432
1694241506320 0.2981288173627688 433
1694241506353 0.29775834714128246 434
1694241506378 0.2973015175145628 435
1694241506404 0.29689770448951297 436
1694241506428 0.29648793501811366 437
1694241506459 0.29611116550520095 438
1694241506484 0.29569759036498927 439
1694241506512 0.29529013313398006 440
1694241506537 0.29485703260192675 441
1694241506562 0.2944681631421561 442
1694241506589 0.2940673124259377 443
1694241506615 0.2936613734319407 444
1694241506643 0.2932686572129591 445
1694241506667 0.292890184360859 446
1694241506692 0.2925479601810084 447
1694241506718 0.29215275850650424 448
1694241506751 0.2917753934077283 449
1694241506780 0.2913484207301605 450
1694241506807 0.29103159943004614 451
1694241506833 0.29065054023126674 452
1694241506881 0.2902450654628769 453
1694241506905 0.2899352320416139 454
1694241506931 0.2895709310377335 455
1694241506960 0.2892268241818834 456
1694241506985 0.288848190298357 457
1694241507010 0.2885620076488405 458
1694241507038 0.28824454223813406 459
1694241507062 0.2878836017743281 460
1694241507088 0.287516063140303 461
1694241507111 0.2871528330000101 462
1694241507141 0.2867701571480848 463
1694241507165 0.28640276154942074 464
1694241507189 0.28601909510232737 465
1694241507213 0.28566994209581387 466
1694241507238 0.2852745757928223 467
1694241507265 0.28489020661660264 468
1694241507297 0.2845009809601875 469
1694241507319 0.28415410925818907 470
1694241507348 0.28373504070463135 471
1694241507376 0.2833713328952836 472
1694241507400 0.2830040165541408 473
1694241507447 0.2826493850360417 474
1694241507475 0.2823121441276336 475
1694241507499 0.28190336169631725 476
1694241507528 0.2815330190752846 477
1694241507551 0.28114407770269567 478
1694241507575 0.28078730799182366 479
1694241507601 0.2803979969940724 480
1694241507625 0.2800800137702437 481
1694241507653 0.27971117820468366 482
1694241507678 0.27935075127585357 483
1694241507704 0.2790549859721695 484
1694241507730 0.2787138593953776 485
1694241507753 0.27837057181003405 486
1694241507777 0.27802871612986113 487
1694241507808 0.27771469550057404 488
1694241507842 0.2773838728300365 489
1694241507867 0.2770785670034184 490
1694241507891 0.2767074961906662 491
1694241507915 0.27639180005578473 492
1694241507948 0.2760662741008904 493
1694241507973 0.2757136633247722 494
1694241507996 0.2753777917286856 495
1694241508020 0.27504622146328833 496
1694241508045 0.27467733764767593 497
1694241508074 0.2743014962138691 498
1694241508100 0.273935420809916 499
1694241508123 0.27359873514511396 500
1694241508153 0.27325726898896757 501
1694241508211 0.27291547114312065 502
1694241508270 0.27260556936630675 503
1694241508293 0.2722424837810001 504
1694241508321 0.27190357685687944 505
1694241508358 0.27156323303304747 506
1694241508384 0.27121418328582675 507
1694241508413 0.2708621933928225 508
1694241508437 0.27051989609493904 509
1694241508464 0.2702128674640042 510
1694241508491 0.2698589882835623 511
1694241508514 0.2695881005694614 512
1694241508549 0.269247705638387 513
1694241508575 0.2689177438767146 514
1694241508602 0.2685954484362932 515
1694241508625 0.2682898914806684 516
1694241508650 0.2679697927809024 517
1694241508680 0.26759146365540354 518
1694241508704 0.26728244497440756 519
1694241508729 0.2669134586762408 520
1694241508753 0.26661052105495525 521
1694241508777 0.2662894085092191 522
1694241508802 0.26596503351805084 523
1694241508831 0.2656202049289379 524
1694241508868 0.26526925719933814 525
1694241508922 0.2649956080016436 526
1694241508956 0.26469108672471287 527
1694241508980 0.2643690564418938 528
1694241509007 0.26403208751483265 529
1694241509031 0.26372759504647925 530
1694241509056 0.2634038194961306 531
1694241509079 0.2631096411072801 532
1694241509109 0.26276960299166363 533
1694241509133 0.26245107267956236 534
1694241509159 0.26212417434403723 535
1694241509182 0.2618430164523604 536
1694241509206 0.2614657348530644 537
1694241509235 0.2611352845029896 538
1694241509260 0.26081118606345916 539
1694241509284 0.2604956378865277 540
1694241509308 0.26021930290989953 541
1694241509332 0.25990621996457425 542
1694241509357 0.25961427050331787 543
1694241509386 0.2593455965520946 544
1694241509420 0.2590586396740872 545
1694241509445 0.2587226605513508 546
1694241509491 0.25844672390614404 547
1694241509517 0.25815107892530714 548
1694241509541 0.25784609047154367 549
1694241509565 0.25752480969653907 550
1694241509591 0.2572137121146414 551
1694241509618 0.2568996768131741 552
1694241509641 0.25661265476824713 553
1694241509664 0.2563302353680562 554
1694241509689 0.2560223062939603 555
1694241509719 0.255703198368242 556
1694241509743 0.25540917359649434 557
1694241509767 0.2551391063658667 558
1694241509792 0.25480428124288523 559
1694241509819 0.25454838914992634 560
1694241509846 0.2542318051099582 561
1694241509870 0.2539172084451105 562
1694241509896 0.2536413032311863 563
1694241509920 0.25334719941320116 564
1694241509965 0.2530126432102021 565
1694241509993 0.25271390723116205 566
1694241510019 0.25243210892005663 567
1694241510043 0.2521778900350356 568
1694241510064 0.25195238887107324 569
1694241510086 0.2516885464819246 570
1694241510117 0.25138601299468283 571
1694241510143 0.25109744830557346 572
1694241510167 0.25078191997008137 573
1694241510192 0.2504805435572473 574
1694241510215 0.250195365392775 575
1694241510240 0.24991317613507616 576
1694241510284 0.2496000480828435 577
1694241510333 0.2493052549874304 578
1694241510382 0.2489784703659995 579
1694241510410 0.24868453860159961 580
1694241510433 0.24837836396263416 581
1694241510463 0.24808783597306158 582
1694241510509 0.24777730900696843 583
1694241510539 0.24751415137460184 584
1694241510567 0.24722356692875752 585
1694241510596 0.24695286788112428 586
1694241510621 0.24666554597689527 587
1694241510654 0.24636458412625595 588
1694241510678 0.24606700748251292 589
1694241510701 0.24578986801859112 590
1694241510725 0.2454838370028001 591
1694241510749 0.245216093396603 592
1694241510778 0.2448968123226244 593
1694241510801 0.24462572426589296 594
1694241510825 0.24433133062614673 595
1694241510849 0.24404049568921807 596
1694241510873 0.24375607962509818 597
1694241510902 0.24351319985197264 598
1694241510951 0.2432420360692307 599
1694241510994 0.24292580628185698 600
1694241511038 0.24265978062633178 601
1694241511060 0.24241548557922918 602
1694241511082 0.24218090358950706 603
1694241511113 0.24185867584358917 604
1694241511137 0.24157366780176212 605
1694241511160 0.24130605565737648 606
1694241511185 0.24108620419181667 607
1694241511208 0.24083466201851808 608
1694241511230 0.24057937802104287 609
1694241511261 0.24029772601301172 610
1694241511286 0.2400181872538612 611
1694241511310 0.2397344338071586 612
1694241511334 0.23946984526343001 613
1694241511364 0.2391741166017065 614
1694241511387 0.23890463699388068 615
1694241511409 0.23863603532014815 616
1694241511433 0.23836608829740985 617
1694241511507 0.23807450878897046 618
1694241511529 0.2377933402869157 619
1694241511568 0.23752908570111156 620
1694241511595 0.23728462973049252 621
1694241511619 0.23701647803475243 622
1694241511664 0.23675886438426008 623
1694241511688 0.23647752950654727 624
1694241511715 0.23622017493070604 625
1694241511738 0.23597964333627483 626
1694241511761 0.23573511146333812 627
1694241511786 0.23546105867324696 628
1694241511809 0.23520471835874468 629
1694241511833 0.23496619134913366 630
1694241511860 0.23466246191670578 631
1694241511884 0.23439634352546312 632
1694241511907 0.23411621899059595 633
1694241511931 0.23386233812794724 634
1694241511958 0.23360475079279233 635
1694241511982 0.23334041479458745 636
1694241512010 0.2330661673065633 637
1694241512033 0.23279246423900815 638
1694241512058 0.2325237223797758 639
1694241512100 0.23225653208378905 640
1694241512125 0.23197513196917677 641
1694241512151 0.231698462588782 642
1694241512175 0.23144350159916952 643
1694241512200 0.23117636194382196 644
1694241512226 0.23089899573084255 645
1694241512251 0.230606812938965 646
1694241512286 0.2303520764067964 647
1694241512310 0.23007494676492446 648
1694241512333 0.22979783634456616 649
1694241512358 0.2295153786290873 650
1694241512387 0.22924942653667335 651
1694241512419 0.22899789407993176 652
1694241512508 0.2287453185405405 653
1694241512534 0.22852273976446835 654
1694241512562 0.22827018525025042 655
1694241512593 0.22803984804020447 656
1694241512643 0.2278012345559367 657
1694241512670 0.22753213585994628 658
1694241512695 0.2272648689238565 659
1694241512719 0.2270409233038675 660
1694241512745 0.22679765683839762 661
1694241512772 0.22654287785970317 662
1694241512801 0.2262831731924665 663
1694241512825 0.2259943456305782 664
1694241512851 0.22570332139403135 665
1694241512885 0.22541966982030773 666
1694241512908 0.22517171406048375 667
1694241512931 0.22493852025360933 668
1694241512979 0.22468875047772852 669
1694241513002 0.224438928120092 670
1694241513030 0.22418795311209797 671
1694241513053 0.22397481985921022 672
1694241513080 0.22375924962348268 673
1694241513106 0.22349300699328484 674
1694241513133 0.22324473990491842 675
1694241513163 0.22303394698156512 676
1694241513204 0.2228084468355723 677
1694241513226 0.22256875017477704 678
1694241513251 0.22232632740059985 679
1694241513274 0.2220811884500657 680
1694241513300 0.22183624989640596 681
1694241513322 0.2215787556581259 682
1694241513344 0.22134364224513717 683
1694241513368 0.22110202708672977 684
1694241513392 0.2208811730597314 685
1694241513416 0.22065631938861083 686
1694241513450 0.22040714255134894 687
1694241513473 0.220160279907022 688
1694241513498 0.21991846906698076 689
1694241513544 0.21965921426422608 690
1694241513573 0.2193747744765481 691
1694241513603 0.21916228707507387 692
1694241513627 0.2189496914419826 693
1694241513651 0.2186979365658532 694
1694241513676 0.2184791139729582 695
1694241513703 0.21825518023782534 696
1694241513742 0.21799051440378917 697
1694241513765 0.21775583194385328 698
1694241513789 0.21753893855278736 699
1694241513812 0.21730899720575036 700
1694241513840 0.21707094332806415 701
1694241513864 0.2168258229007044 702
1694241513888 0.21659978276020542 703
1694241513912 0.21636121839842395 704
1694241513935 0.21611398611080648 705
1694241513967 0.2158825742192795 706
1694241513990 0.21566937977410003 707
1694241514015 0.21544342754556448 708
1694241514039 0.21518205407607432 709
1694241514066 0.21494348465412472 710
1694241514088 0.21469602386926606 711
1694241514115 0.21444780265654712 712
1694241514460 0.21424301221045006 713
1694241514484 0.21399955499158904 714
1694241514511 0.2137788419200305 715
1694241514539 0.21351159409913037 716
1694241514641 0.2132677811744494 717
1694241514664 0.21304323190842492 718
1694241514691 0.21281563309671306 719
1694241514717 0.21258771637374763 720
1694241514744 0.21238338905164175 721
1694241514783 0.2121446736580644 722
1694241514806 0.21190766597417232 723
1694241514829 0.21170036180347052 724
1694241514852 0.21150378566322434 725
1694241514879 0.21132233665077627 726
1694241514900 0.2111125496524404 727
1694241514924 0.2108832442328922 728
1694241514946 0.2106486509990246 729
1694241514978 0.21043289395810452 730
1694241515026 0.2101961270530308 731
1694241515049 0.20995655733086202 732
1694241515072 0.20974180520600752 733
1694241515095 0.209530192190367 734
1694241515121 0.20930970413452196 735
1694241515147 0.2091002701445134 736
1694241515169 0.20889580498012175 737
1694241515198 0.20866220406067545 738
1694241515224 0.2084476954135832 739
1694241515246 0.20822071692324318 740
1694241515271 0.20801109182513294 741
1694241515294 0.20778720891535246 742
1694241515342 0.20759142090987356 743
1694241515366 0.20736734296100176 744
1694241515390 0.20712591084577583 745
1694241515414 0.20691519786635443 746
1694241515439 0.20670657761691505 747
1694241515472 0.2064603012208025 748
1694241515496 0.20624849221458702 749
1694241515519 0.20604251351345623 750
1694241515567 0.205820627578367 751
1694241515595 0.2056169388504832 752
1694241515618 0.20538935106192044 753
1694241515643 0.2051663455053559 754
1694241515667 0.20492057663381516 755
1694241515694 0.20472484871255545 756
1694241515719 0.20451823682539416 757
1694241515743 0.20430978856923238 758
1694241515768 0.2040980532321904 759
1694241515791 0.20388110985231586 760
1694241515828 0.2036642896630797 761
1694241515851 0.20345356538594234 762
1694241515890 0.20321392166107818 763
1694241515913 0.2029843333541093 764
1694241515942 0.2027520519850096 765
1694241515971 0.20252675316842209 766
1694241515995 0.20231231693571392 767
1694241516020 0.20211097419064855 768
1694241516044 0.20190494326794003 769
1694241516070 0.20173061422832955 770
1694241516096 0.20149536521667177 771
1694241516122 0.20129021834274122 772
1694241516146 0.2010675675333966 773
1694241516175 0.2008540162089117 774
1694241516205 0.2006624990794535 775
1694241516232 0.20045661915734483 776
1694241516259 0.20027465012941853 777
1694241516285 0.20005332510327475 778
1694241516312 0.19982303716023814 779
1694241516351 0.19961477393858607 780
1694241516377 0.1994271051379277 781
1694241516410 0.199200596958044 782
1694241516437 0.19898764460816176 783
1694241516472 0.19876891932335924 784
1694241516496 0.19857494329227873 785
1694241516519 0.19839124822577514 786
1694241516544 0.19815818522517184 787
1694241516569 0.19794592263132624 788
1694241516593 0.1977457074789164 789
1694241516696 0.19753117842948906 790
1694241516723 0.19734353060910115 791
1694241516753 0.1970989095220954 792
1694241516774 0.19691059688114063 793
1694241516799 0.1967320397129001 794
1694241516823 0.19655738972892997 795
1694241516847 0.19637333305246193 796
1694241516877 0.1961677875986213 797
1694241516901 0.19597900784248992 798
1694241516928 0.19576934058666776 799
1694241516962 0.1955646300419978 800
1694241516991 0.1953841394042209 801
1694241517014 0.19521229564944648 802
1694241517061 0.19501388983204967 803
1694241517093 0.19482055458011377 804
1694241517118 0.19462611980913436 805
1694241517142 0.19443448463746668 806
1694241517166 0.19423165797749303 807
1694241517194 0.1940204300386732 808
1694241517223 0.19381714127584862 809
1694241517252 0.19360765961615334 810
1694241517275 0.19344372379699754 811
1694241517299 0.19325754274482718 812
1694241517323 0.19304070741117993 813
1694241517351 0.19282391668758603 814
1694241517375 0.19263284828841912 815
1694241517398 0.19243633705110874 816
1694241517425 0.1922224610422045 817
1694241517455 0.1920476675267085 818
1694241517501 0.19186162188247574 819
1694241517524 0.19166156352233826 820
1694241517549 0.19147312997844748 821
1694241517598 0.19128576902105965 822
1694241517770 0.19521229564944648 823
