1694357681964 1.9107536336657314 0
1694357681998 1.874007197290785 1
1694357682028 1.8408203752939958 2
1694357682091 1.809180199417067 3
1694357682125 1.7793470440929542 4
1694357682202 1.750915989219168 5
1694357682227 1.7240237432876706 6
1694357682255 1.6983915940549559 7
1694357682279 1.6736989044148636 8
1694357682303 1.6499840599004219 9
1694357682329 1.6271171328489162 10
1694357682355 1.605186038704913 11
1694357682379 1.5838690908377284 12
1694357682404 1.5635021007710326 13
1694357682433 1.5439076638879499 14
1694357682460 1.5249148009963251 15
1694357682485 1.506215877821325 16
1694357682510 1.4882465434214533 17
1694357682535 1.4708847644810452 18
1694357682560 1.4539828656305198 19
1694357682589 1.4378115350501632 20
1694357682613 1.4216600490221543 21
1694357682641 1.406068990810297 22
1694357682666 1.3909444256121817 23
1694357682692 1.3762139887033449 24
1694357682717 1.3617786839208745 25
1694357682743 1.3475329039185155 26
1694357682767 1.3336225981288763 27
1694357682796 1.3200516090590566 28
1694357683141 1.3067962520083807 29
1694357683196 1.2940704006033523 30
1694357683220 1.2814585031362666 31
1694357683247 1.2691324582732832 32
1694357683275 1.257103684859036 33
1694357683300 1.2453877221404428 34
1694357683325 1.2338744010566127 35
1694357683350 1.222579593865555 36
1694357683376 1.21163489359911 37
1694357683405 1.2009261004413174 38
1694357683430 1.1903261788314676 39
1694357683455 1.1799756048445915 40
1694357683480 1.1698732423599671 41
1694357683505 1.160072550207999 42
1694357683530 1.1502895701639058 43
1694357683560 1.1406266301012438 44
1694357683642 1.1311312955131185 45
1694357683715 1.1218615164521344 46
1694357683776 1.112825051624061 47
1694357683804 1.1037909795544438 48
1694357683833 1.0950896725395456 49
1694357683860 1.0865733064735854 50
1694357683891 1.078176186327556 51
1694357683923 1.0699312968806842 52
1694357683950 1.061789171388919 53
1694357683982 1.0538399374131517 54
1694357684008 1.0460048727505613 55
1694357684034 1.0382403180704498 56
1694357684059 1.030645180813809 57
1694357684085 1.0231105139248635 58
1694357684136 1.015775511728369 59
1694357684161 1.0085687776756849 60
1694357684191 1.0014306960755204 61
1694357684221 0.9944743883363788 62
1694357684250 0.9877416285592215 63
1694357684277 0.9809894728919761 64
1694357684302 0.9744365652919434 65
1694357684330 0.9679393215711996 66
1694357684355 0.9615516254341605 67
1694357684381 0.9552586485845141 68
1694357684412 0.9490165838498811 69
1694357684440 0.9429531248680753 70
1694357684467 0.936959393644151 71
1694357684494 0.9311283952873635 72
1694357684521 0.9252930113328818 73
1694357684548 0.9195574826154036 74
1694357684575 0.9138148856786245 75
1694357684603 0.9082031678446607 76
1694357684628 0.9027834413994447 77
1694357684657 0.8974099911279381 78
1694357684682 0.8921253374805491 79
1694357684711 0.8869419390283034 80
1694357684738 0.8818342660305161 81
1694357684763 0.8768322868814546 82
1694357684793 0.8718589178480334 83
1694357684819 0.8669572864732572 84
1694357684845 0.8621287667602909 85
1694357684872 0.8573024863444441 86
1694357684903 0.8526423512841971 87
1694357684929 0.8480076543651018 88
1694357684959 0.8434152444577993 89
1694357684985 0.8388794307536895 90
1694357685016 0.8343816460961908 91
1694357685042 0.8300910682455952 92
1694357685067 0.8258957698267266 93
1694357685093 0.8216506428130108 94
1694357685120 0.8174205664206012 95
1694357685147 0.8132702548323032 96
1694357685172 0.8092874265239922 97
1694357685250 0.8052752410256996 98
1694357685278 0.8013510019152635 99
1694357685307 0.7974633112042604 100
1694357685333 0.7936393721331755 101
1694357685360 0.789885693108728 102
1694357685385 0.7861597917679695 103
1694357685415 0.7825251173312737 104
1694357685442 0.7788463559267013 105
1694357685470 0.7753042234410337 106
1694357685495 0.7717439491719389 107
1694357685523 0.768231491074755 108
1694357685550 0.7647048648688053 109
1694357685576 0.7613026142168917 110
1694357685602 0.7578876865779663 111
1694357685629 0.7545493330928492 112
1694357685654 0.7512931652775209 113
1694357685680 0.7480578430917767 114
1694357685706 0.744875673803849 115
1694357685734 0.7417046864332875 116
1694357685760 0.7386473708697439 117
1694357685859 0.7356030647272567 118
1694357685883 0.7325496452950638 119
1694357685917 0.7295805663216127 120
1694357685943 0.7265922185786461 121
1694357685968 0.7237001236610101 122
1694357685993 0.7208574760680361 123
1694357686019 0.7180423457010653 124
1694357686045 0.7152008563236603 125
1694357686080 0.7124589147300723 126
1694357686107 0.7096794644543479 127
1694357686161 0.7069576736526485 128
1694357686185 0.7042987143456446 129
1694357686211 0.7016405109529201 130
1694357686242 0.6990319771733577 131
1694357686269 0.6963885112500166 132
1694357686297 0.6938900410997052 133
1694357686325 0.6914255284360455 134
1694357686356 0.6888807693117114 135
1694357686383 0.6864080771429557 136
1694357686416 0.6839650877635814 137
1694357686444 0.6814896970496503 138
1694357686470 0.6790549523288366 139
1694357686498 0.6767246543881997 140
1694357686526 0.6743894432880336 141
1694357686554 0.6720574871644133 142
1694357686582 0.6698047152999941 143
1694357686609 0.6675445892827818 144
1694357686641 0.6652502005271724 145
1694357686669 0.6630536610330858 146
1694357686695 0.6608662112656541 147
1694357686720 0.6587123818874366 148
1694357686745 0.6565749625203335 149
1694357686773 0.6544038390468844 150
1694357686799 0.652295037190664 151
1694357686825 0.6501628969235981 152
1694357686851 0.6481542965123281 153
1694357686876 0.6461387043892682 154
1694357686910 0.6441221466311536 155
1694357686935 0.6420854188541205 156
1694357686961 0.6401296378944 157
1694357686987 0.6382298968544503 158
1694357687013 0.6362681806290253 159
1694357687039 0.6343904620673864 160
1694357687066 0.632479491233531 161
1694357687092 0.6305975233850214 162
1694357687117 0.6287542122226574 163
1694357687144 0.6269544428996954 164
1694357687171 0.6251394348183505 165
1694357687197 0.6233388396024562 166
1694357687247 0.6215428694618235 167
1694357687275 0.6198031509024512 168
1694357687300 0.6180127999512265 169
1694357687327 0.6163301856388279 170
1694357687353 0.6146483644679864 171
1694357687378 0.6129100964424014 172
1694357687404 0.6112434614760349 173
1694357687435 0.6095998327742862 174
1694357687461 0.6079438342615913 175
1694357687486 0.6062392994834817 176
1694357687513 0.6045733252609641 177
1694357687538 0.6029693716740568 178
1694357687563 0.6013861298923368 179
1694357687590 0.5998491954749178 180
1694357687616 0.5982973111972888 181
1694357687644 0.596768775527335 182
1694357687670 0.5951992032632251 183
1694357687696 0.5936721455682693 184
1694357687722 0.5921599270049858 185
1694357687748 0.5906695272618082 186
1694357687774 0.5892047718698927 187
1694357687801 0.5877384676687801 188
1694357687831 0.586305751027892 189
1694357687948 0.5848439925583934 190
1694357687976 0.5834529974551285 191
1694357688001 0.5820317785458032 192
1694357688028 0.5806175038778444 193
1694357688054 0.5792159443462495 194
1694357688079 0.5778749970681964 195
1694357688105 0.5765307847423465 196
1694357688131 0.5751846719908054 197
1694357688157 0.5738270401425001 198
1694357688207 0.5724586353943993 199
1694357688234 0.5711456921622103 200
1694357688259 0.5698699235067034 201
1694357688285 0.5685552799681647 202
1694357688312 0.567298213399106 203
1694357688337 0.5660382345893761 204
1694357688363 0.5648130319929233 205
1694357688395 0.5635337900553848 206
1694357688426 0.5622492900382943 207
1694357688451 0.5609726450736646 208
1694357688480 0.5598031906286092 209
1694357688505 0.5585994489310726 210
1694357688531 0.5573608732618941 211
1694357688556 0.5561692717184448 212
1694357688582 0.5549783413781879 213
1694357688608 0.5537713041349983 214
1694357688633 0.5526164687448207 215
1694357688662 0.5514675381153255 216
1694357688688 0.5503413070118628 217
1694357688713 0.5492035798992019 218
1694357688737 0.5480850887772241 219
1694357688761 0.5469906094762793 220
1694357688787 0.5458733080351083 221
1694357688815 0.5447697943764509 222
1694357688845 0.5436331921300456 223
1694357688870 0.5425396355454208 224
1694357688895 0.5414544987199313 225
1694357688926 0.540397799657828 226
1694357688952 0.539289772623819 227
1694357688978 0.5382510545938594 228
1694357689003 0.5372423023352192 229
1694357689035 0.5362128009491326 230
1694357689062 0.5351702931279547 231
1694357689086 0.5341935780184556 232
1694357689112 0.5331284814641165 233
1694357689139 0.5321072922488629 234
1694357689165 0.5311222921201308 235
1694357689191 0.5301544794101608 236
1694357689216 0.5291575000220854 237
1694357689242 0.5281985350525351 238
1694357689291 0.5272206372520349 239
1694357689319 0.5262552678861497 240
1694357689344 0.5253140147500778 241
1694357689369 0.5243472213775953 242
1694357689396 0.5234083155390195 243
1694357689428 0.522441394327026 244
1694357689454 0.5215004938164627 245
1694357689481 0.5206064173542003 246
1694357689509 0.5196513514343891 247
1694357689538 0.5187175315168985 248
1694357689565 0.5177725109131401 249
1694357689594 0.5168952986509143 250
1694357689622 0.5159560373515494 251
1694357689648 0.5150552742397627 252
1694357689674 0.5141571762660333 253
1694357689700 0.5132548088481295 254
1694357689726 0.512409936956028 255
1694357689751 0.5115268495433483 256
1694357689776 0.5106762718574565 257
1694357689804 0.5097835462073136 258
1694357689835 0.5089421247197337 259
1694357689860 0.5081058746389705 260
1694357689890 0.5072502435222165 261
1694357689921 0.5063870603169354 262
1694357690031 0.5055583782321824 263
1694357690059 0.5047111626258438 264
1694357690097 0.5039154720566709 265
1694357690123 0.503112605194529 266
1694357690149 0.5022811310504595 267
1694357690176 0.501465542561816 268
1694357690202 0.5006530390420565 269
1694357690253 0.499811108831632 270
1694357690278 0.49900470164669153 271
1694357690303 0.49819889629211234 272
1694357690328 0.4974172603978307 273
1694357690358 0.4966702775936679 274
1694357690383 0.49588441249837306 275
1694357690413 0.495126395877519 276
1694357690439 0.49442836850259786 277
1694357690464 0.4936885797615441 278
1694357690490 0.49292386093119106 279
1694357690516 0.4921931014319483 280
1694357690541 0.49144744705522775 281
1694357690565 0.4907154652065971 282
1694357690596 0.48995732944535103 283
1694357690622 0.4892369572068647 284
1694357690647 0.48849215650159494 285
1694357690676 0.4877587110670933 286
1694357690700 0.48701341760818306 287
1694357690726 0.4862859926237304 288
1694357690751 0.48555861194667155 289
1694357690776 0.4848549239426736 290
1694357690800 0.484151837189194 291
1694357690839 0.4834645303478593 292
1694357690868 0.48276269687332957 293
1694357690892 0.482072117818932 294
1694357690924 0.4813780328507633 295
1694357690951 0.4806877328053883 296
1694357690978 0.480007409535435 297
1694357691004 0.4793132341502477 298
1694357691029 0.47863246700332884 299
1694357691058 0.47793706500069266 300
1694357691083 0.4772619855173598 301
1694357691110 0.47660570440010497 302
1694357691140 0.4759529610916767 303
1694357691167 0.47528918247341945 304
1694357691194 0.47463310982312196 305
1694357691221 0.4739955943215855 306
1694357691247 0.4733438596058681 307
1694357691274 0.47271265578703575 308
1694357691324 0.4720276932744209 309
1694357691348 0.47142088944041083 310
1694357691373 0.47078972208212344 311
1694357691405 0.47016722757913537 312
1694357691430 0.46952730531137055 313
1694357691455 0.4688997239228772 314
1694357691480 0.46828182079560976 315
1694357691505 0.46768129829561145 316
1694357691530 0.46709543443429735 317
1694357691555 0.4664854582804828 318
1694357691580 0.46588003803207456 319
1694357691605 0.46529755467171974 320
1694357691629 0.4646863119843596 321
1694357691658 0.4641029718501447 322
1694357691685 0.4635009645194739 323
1694357691710 0.4629267789944022 324
1694357691733 0.4623417710534786 325
1694357691757 0.4617536732199934 326
1694357691781 0.46115642269194956 327
1694357691806 0.4605412091062597 328
1694357691831 0.4599662415416246 329
1694357691856 0.4593712998142989 330
1694357691881 0.4588036018114689 331
1694357691914 0.4582308922577544 332
1694357691940 0.4576910622265248 333
1694357691966 0.45709468934177355 334
1694357691991 0.4565166800272685 335
1694357692021 0.45596782584668955 336
1694357692051 0.45543512947545495 337
1694357692103 0.45487369440592007 338
1694357692130 0.45427805892454415 339
1694357692327 0.45367050651231283 340
1694357692355 0.453124994956266 341
1694357692380 0.45255923417606847 342
1694357692405 0.4520239788011496 343
1694357692435 0.45148488330494607 344
1694357692460 0.45094091292136695 345
1694357692485 0.45040863907467266 346
1694357692510 0.44992543578645783 347
1694357692534 0.4494005391865895 348
1694357692558 0.448882313170651 349
1694357692584 0.44832799640983634 350
1694357692610 0.44778606818825906 351
1694357692637 0.4472487224810604 352
1694357692661 0.44669207497346614 353
1694357692686 0.4461806914323011 354
1694357692716 0.44565992929996456 355
1694357692742 0.4451280399919289 356
1694357692769 0.44460335417768765 357
1694357692793 0.4440793660461169 358
1694357692819 0.4435601828217752 359
1694357692843 0.4430377431375987 360
1694357692868 0.4425028819480461 361
1694357692892 0.4420175681122494 362
1694357692923 0.44148763522109197 363
1694357692949 0.44099715083314156 364
1694357692975 0.4404936348725312 365
1694357692999 0.43999165201138213 366
1694357693025 0.4394618176413901 367
1694357693053 0.43896231857236845 368
1694357693078 0.4384698308446364 369
1694357693103 0.4379743122073891 370
1694357693128 0.4374708301418592 371
1694357693153 0.4369681340839479 372
1694357693179 0.43647206935383437 373
1694357693204 0.43596619144271753 374
1694357693229 0.4354724736210259 375
1694357693257 0.4350221539445782 376
1694357693286 0.43451204245847636 377
1694357693312 0.43401149840557357 378
1694357693362 0.43353185094265845 379
1694357693385 0.4330335354269183 380
1694357693415 0.43258054899654075 381
1694357693440 0.43209018930758636 382
1694357693464 0.43160492554751184 383
1694357693490 0.43115290530577954 384
1694357693513 0.4307237371863173 385
1694357693540 0.4302322101565132 386
1694357693565 0.4297741724529394 387
1694357693591 0.4293066820998556 388
1694357693616 0.42883360379609176 389
1694357693642 0.42839700604787795 390
1694357693666 0.4279768449194068 391
1694357693692 0.427500173933346 392
1694357693720 0.42705116999357456 393
1694357693746 0.42658721642971914 394
1694357693771 0.4261218018353434 395
1694357693803 0.4256735477853474 396
1694357693829 0.4252070008480928 397
1694357693855 0.4247348465733667 398
1694357693881 0.42428108227548833 399
1694357693913 0.42383348502846346 400
1694357693939 0.42342624932597334 401
1694357693965 0.4229596513161636 402
1694357693991 0.422514273000801 403
1694357694017 0.42209698065889195 404
1694357694042 0.42166964787094513 405
1694357694068 0.4211742556492681 406
1694357694094 0.420737189309613 407
1694357694129 0.4202894684391113 408
1694357694154 0.4198689489889177 409
1694357694238 0.41942226915366965 410
1694357694281 0.4190112704438643 411
1694357694333 0.41858423064610706 412
1694357694357 0.4181449452040041 413
1694357694380 0.41772713838135955 414
1694357694703 0.4173082062722675 415
1694357694729 0.4168965574604793 416
1694357694754 0.4164878469547352 417
1694357694778 0.4160634298851905 418
1694357694803 0.41560189690522276 419
1694357694829 0.4151584178526747 420
1694357694855 0.4147403686329855 421
1694357694878 0.4143680455634211 422
1694357694904 0.41394607259342814 423
1694357694937 0.41353623402843454 424
1694357694961 0.4131244112284519 425
1694357694986 0.4127285509089029 426
1694357695010 0.4123494909938905 427
1694357695039 0.41191653117190546 428
1694357695064 0.41151847505099237 429
1694357695088 0.4111142431468949 430
1694357695113 0.41070879682721323 431
1694357695137 0.41030201351822854 432
1694357695162 0.40989512325575783 433
1694357695188 0.40944218840436714 434
1694357695214 0.40903102263799657 435
1694357695240 0.4086179623914574 436
1694357695265 0.408239007809852 437
1694357695291 0.40783588878200594 438
1694357695316 0.4074550340956718 439
1694357695343 0.40707037213597147 440
1694357695393 0.4066669452111051 441
1694357695422 0.4062528657998414 442
1694357695452 0.4058555865797662 443
1694357695476 0.40544263479445103 444
1694357695500 0.40507727700868895 445
1694357695525 0.40468739600765957 446
1694357695553 0.4043045782965463 447
1694357695578 0.4039159884215812 448
1694357695604 0.40348758894866127 449
1694357695630 0.4031095036327804 450
1694357695655 0.40271470949957344 451
1694357695682 0.40232751089840946 452
1694357695708 0.4019602818713306 453
1694357695733 0.40159686677102685 454
1694357695757 0.4012016294225929 455
1694357695780 0.40082909175149284 456
1694357695805 0.4004570177316915 457
1694357695830 0.40007744072749557 458
1694357695854 0.3997231540241349 459
1694357695877 0.39935851685310175 460
1694357695910 0.3989893028780901 461
1694357695937 0.39861921300748515 462
1694357695962 0.3982294335325274 463
1694357695987 0.3978811407418226 464
1694357696011 0.3974953121869582 465
1694357696036 0.39712355983825276 466
1694357696066 0.3967543231157674 467
1694357696091 0.39637496570342085 468
1694357696116 0.3960173424320967 469
1694357696140 0.3956837880626501 470
1694357696166 0.39531350604094123 471
1694357696190 0.3949660755386833 472
1694357696214 0.39462699900950626 473
1694357696240 0.39425722573104227 474
1694357696266 0.39390953383670185 475
1694357696376 0.39358643165469787 476
1694357696407 0.39325767929294503 477
1694357696430 0.39291391400322123 478
1694357696459 0.39254906385001165 479
1694357696483 0.3922029751074783 480
1694357696509 0.3918479701582854 481
1694357696534 0.3915017901161656 482
1694357696559 0.3911724332505447 483
1694357696584 0.39082840751306347 484
1694357696610 0.3904738047880379 485
1694357696637 0.390116380509742 486
1694357696665 0.38976673085755004 487
1694357696690 0.3894201744015661 488
1694357696715 0.38908937461573495 489
1694357696741 0.3887467190564229 490
1694357696764 0.3884047021909166 491
1694357696788 0.3880829904914655 492
1694357696812 0.38775357952935996 493
1694357696837 0.3874189017453508 494
1694357696861 0.38707404767418224 495
1694357696884 0.38673806354350243 496
1694357696914 0.38639127849915345 497
1694357696941 0.3861009759123902 498
1694357696969 0.3857855033416802 499
1694357697077 0.3857855033416802 500
